time,seconds_elapsed,z,y,x
1700822861883168000,0.19516796875,9.551118850708008,2.159484386444092,-0.5321109890937805
1700822861895892500,0.207892578125,9.536646842956543,2.208549737930298,-0.5874097347259521
1700822861907351300,0.219351318359375,9.530780792236328,2.1784846782684326,-0.7673463821411133
1700822861918040600,0.23004052734375,9.527132034301758,2.1295650005340576,-0.9322509169578552
1700822861928319700,0.24031982421875,9.525407791137695,2.0714869499206543,-1.0704774856567383
1700822861938509300,0.25050927734375,9.52754020690918,2.008129596710205,-1.1678111553192139
1700822861948561700,0.260561767578125,9.533121109008789,1.940712332725525,-1.23435378074646
1700822861958614800,0.27061474609375,9.540943145751953,1.8749542236328125,-1.2748854160308838
1700822861968627500,0.28062744140625,9.548946380615234,1.812273383140564,-1.3052476644515991
1700822861978635800,0.2906357421875,9.560009002685547,1.7392539978027344,-1.3234797716140747
1700822861988614400,0.300614501953125,9.572916984558105,1.6775764226913452,-1.3097256422042847
1700822861998669000,0.3106689453125,9.585963249206543,1.6565794944763184,-1.2391304969787598
1700822862008897000,0.32089697265625,9.597469329833984,1.6692355871200562,-1.128104567527771
1700822862018757600,0.330757568359375,9.603893280029297,1.6991329193115234,-1.023996353149414
1700822862028757200,0.34075732421875,9.607264518737793,1.725579857826233,-0.9451131224632263
1700822862038757000,0.350757080078125,9.610640525817871,1.7261765003204346,-0.9090070128440857
1700822862049050600,0.361050537109375,9.613265991210938,1.7112970352172852,-0.9093712568283081
1700822862059010300,0.37101025390625,9.61142349243164,1.7044999599456787,-0.9410593509674072
1700822862068936700,0.380936767578125,9.606233596801758,1.7039260864257812,-0.9936264157295227
1700822862078842400,0.39084228515625,9.601880073547363,1.6948168277740479,-1.049705147743225
1700822862088848100,0.40084814453125,9.600751876831055,1.684360384941101,-1.0765138864517212
1700822862099154200,0.411154296875,9.606761932373047,1.647489309310913,-1.0799434185028076
1700822862109036500,0.42103662109375,9.613178253173828,1.6296764612197876,-1.049450159072876
1700822862118913800,0.430913818359375,9.608783721923828,1.619457721710205,-1.1040916442871094
1700822862128790300,0.440790283203125,9.59969711303711,1.6280573606491089,-1.1686077117919922
1700822862138776000,0.450776123046875,9.595776557922363,1.6388108730316162,-1.1856484413146973
1700822862149148700,0.461148681640625,9.591353416442871,1.6520837545394897,-1.2028896808624268
1700822862159011300,0.47101123046875,9.589611053466797,1.6685545444488525,-1.1940109729766846
1700822862168968700,0.48096875,9.589902877807617,1.6851669549942017,-1.1680583953857422
1700822862178984000,0.49098388671875,9.591753005981445,1.6974908113479614,-1.1345382928848267
1700822862188873500,0.50087353515625,9.594581604003906,1.703860878944397,-1.1005648374557495
1700822862199133700,0.5111337890625,9.598493576049805,1.7026910781860352,-1.0677803754806519
1700822862208968400,0.520968505859375,9.604294776916504,1.6946096420288086,-1.0277177095413208
1700822862218866700,0.53086669921875,9.612214088439941,1.6802082061767578,-0.9760300517082214
1700822862228851500,0.5408515625,9.621044158935547,1.6620501279830933,-0.9184175133705139
1700822862238809000,0.55080908203125,9.629981994628906,1.6414411067962646,-0.8599476218223572
1700822862248739600,0.560739501953125,9.636258125305176,1.6262116432189941,-0.8175300359725952
1700822862258764800,0.570764892578125,9.638059616088867,1.6248351335525513,-0.7988189458847046
1700822862268772900,0.58077294921875,9.632657051086426,1.6526089906692505,-0.8069608807563782
1700822862278681900,0.590681884765625,9.624966621398926,1.690546989440918,-0.8200346231460571
1700822862288715500,0.600715576171875,9.616415023803711,1.7320767641067505,-0.8335757255554199
1700822862298814700,0.610814697265625,9.608285903930664,1.7724703550338745,-0.8423570394515991
1700822862308727300,0.620727294921875,9.600709915161133,1.8111268281936646,-0.8465057611465454
1700822862318688800,0.630688720703125,9.594854354858398,1.8430298566818237,-0.8440414667129517
1700822862328695800,0.64069580078125,9.590615272521973,1.8686896562576294,-0.8357533812522888
1700822862338665000,0.6506650390625,9.589111328125,1.8840134143829346,-0.818424642086029
1700822862348686000,0.66068603515625,9.590587615966797,1.8901041746139526,-0.7864649891853333
1700822862358643000,0.670642822265625,9.59317684173584,1.8911632299423218,-0.7515655159950256
1700822862368702000,0.680701904296875,9.595124244689941,1.8898452520370483,-0.7297028303146362
1700822862378720000,0.690719970703125,9.596827507019043,1.8867409229278564,-0.715187668800354
1700822862388739000,0.700739013671875,9.599509239196777,1.8818377256393433,-0.6917335987091064
1700822862398880000,0.7108798828125,9.603187561035156,1.87557852268219,-0.6567981243133545
1700822862408817000,0.72081689453125,9.607208251953125,1.869466781616211,-0.6140293478965759
1700822862418776600,0.730776611328125,9.61062240600586,1.8670300245285034,-0.5661640167236328
1700822862428749300,0.740749267578125,9.613295555114746,1.8683767318725586,-0.5139089226722717
1700822862438797000,0.750797119140625,9.61524772644043,1.8708595037460327,-0.4661434292793274
1700822862448733200,0.760733154296875,9.617351531982422,1.8702459335327148,-0.42323213815689087
1700822862458677500,0.770677490234375,9.620047569274902,1.864210844039917,-0.3870047926902771
1700822862468663300,0.780663330078125,9.623217582702637,1.853956937789917,-0.3562525808811188
1700822862478655700,0.79065576171875,9.624899864196777,1.8398456573486328,-0.3829556107521057
1700822862488648200,0.800648193359375,9.625252723693848,1.834816575050354,-0.3979131877422333
1700822862498661600,0.81066162109375,9.627276420593262,1.8370360136032104,-0.3335200846195221
1700822862508654300,0.820654296875,9.627676963806152,1.8504292964935303,-0.232651025056839
1700822862518702000,0.8307021484375,9.623921394348145,1.8819011449813843,-0.0946771651506424
1700822862528775200,0.840775146484375,9.612065315246582,1.9413979053497314,0.09777364134788513
1700822862538761000,0.850760986328125,9.588395118713379,2.02938175201416,0.33862215280532837
1700822862548792600,0.86079248046875,9.549515724182129,2.142354965209961,0.6224566102027893
1700822862558915300,0.870915283203125,9.500689506530762,2.2600646018981934,0.8940960764884949
1700822862568869000,0.880869140625,9.453901290893555,2.3572516441345215,1.1124261617660522
1700822862578921500,0.89092138671875,9.424464225769043,2.4072165489196777,1.2470678091049194
1700822862588936700,0.900936767578125,9.402420043945312,2.4345059394836426,1.3557541370391846
1700822862598942000,0.91094189453125,9.39188003540039,2.4409453868865967,1.4158960580825806
1700822862608881000,0.920880859375,9.388689994812012,2.441394090652466,1.4361389875411987
1700822862618857500,0.930857421875,9.386857986450195,2.44520902633667,1.4416069984436035
1700822862628881200,0.940881103515625,9.383099555969238,2.4539802074432373,1.4511401653289795
1700822862639901700,0.951901611328125,9.375521659851074,2.4682295322418213,1.4757474660873413
1700822862649284900,0.961284912109375,9.365396499633789,2.48399019241333,1.5131194591522217
1700822862658960400,0.97096044921875,9.351944923400879,2.502562999725342,1.5648247003555298
1700822862668794000,0.980794189453125,9.338021278381348,2.5226807594299316,1.6148728132247925
1700822862678783000,0.990782958984375,9.324583053588867,2.5485377311706543,1.6515153646469116
1700822862688794000,1.000794189453125,9.314043045043945,2.582780361175537,1.6577799320220947
1700822862698848500,1.0108486328125,9.307490348815918,2.627620220184326,1.6237655878067017
1700822862708820700,1.02082080078125,9.305497169494629,2.6776697635650635,1.5518382787704468
1700822862718790400,1.030790283203125,9.306623458862305,2.7271013259887695,1.456041693687439
1700822862728759300,1.04075927734375,9.310018539428711,2.7710323333740234,1.3473387956619263
1700822862738734000,1.050734130859375,9.31536865234375,2.8068604469299316,1.2311911582946777
1700822862748680000,1.060679931640625,9.323359489440918,2.8260443210601807,1.1219788789749146
1700822862758655500,1.070655517578125,9.335674285888672,2.8248889446258545,1.0176403522491455
1700822862768713200,1.080713134765625,9.351820945739746,2.8054096698760986,0.9184283018112183
1700822862778751200,1.090751220703125,9.367496490478516,2.776876211166382,0.8422368764877319
1700822862788774700,1.100774658203125,9.382678031921387,2.742823362350464,0.7827225923538208
1700822862799030300,1.1110302734375,9.398810386657715,2.7072970867156982,0.7094308733940125
1700822862808886500,1.120886474609375,9.41773509979248,2.667543411254883,0.6007254123687744
1700822862818804700,1.1308046875,9.438828468322754,2.619886875152588,0.4637972414493561
1700822862828865500,1.140865478515625,9.461774826049805,2.560774326324463,0.29602840542793274
1700822862838895600,1.1508955078125,9.484206199645996,2.4921627044677734,0.0967070460319519
1700822862848788000,1.1607880859375,9.502864837646484,2.419095516204834,-0.11803065985441208
1700822862858854400,1.1708544921875,9.515836715698242,2.347348213195801,-0.3304431140422821
1700822862868918800,1.180918701171875,9.523086547851562,2.283085584640503,-0.5184027552604675
1700822862878870300,1.190870361328125,9.526209831237793,2.2336881160736084,-0.6575320363044739
1700822862888842800,1.2008427734375,9.524595260620117,2.202451229095459,-0.775677502155304
1700822862898867500,1.210867431640625,9.521280288696289,2.1742494106292725,-0.8878332376480103
1700822862908881200,1.220881103515625,9.516146659851074,2.147209405899048,-1.0014106035232544
1700822862918824700,1.23082470703125,9.508041381835938,2.121967077255249,-1.1246297359466553
1700822862928798700,1.240798828125,9.498015403747559,2.098233938217163,-1.2471978664398193
1700822862938820400,1.2508203125,9.488348960876465,2.076547145843506,-1.3526169061660767
1700822862948824300,1.26082421875,9.478429794311523,2.058525323867798,-1.4464572668075562
1700822862958802700,1.270802734375,9.467215538024902,2.0471155643463135,-1.5334711074829102
1700822862968842200,1.28084228515625,9.455690383911133,2.0420913696289062,-1.6093997955322266
1700822862978865700,1.29086572265625,9.444916725158691,2.0409183502197266,-1.6728955507278442
1700822862988875300,1.300875244140625,9.434199333190918,2.043130397796631,-1.729710340499878
1700822862998801700,1.3108017578125,9.423614501953125,2.0465641021728516,-1.78254234790802
1700822863008804900,1.320804931640625,9.413737297058105,2.0460257530212402,-1.8345880508422852
1700822863019604000,1.33160400390625,9.404436111450195,2.0394275188446045,-1.8888391256332397
1700822863029166800,1.341166748046875,9.394877433776855,2.0271799564361572,-1.9486392736434937
1700822863039020500,1.3510205078125,9.38585376739502,2.014558792114258,-2.00441575050354
1700822863048852200,1.360852294921875,9.38027286529541,2.007309675216675,-2.037541389465332
1700822863058785500,1.37078564453125,9.380491256713867,2.0075771808624268,-2.0362701416015625
1700822863068716300,1.38071630859375,9.38350772857666,2.01395845413208,-2.0159716606140137
1700822863078739700,1.39073974609375,9.38405990600586,2.026057720184326,-2.0012269020080566
1700822863089966300,1.40196630859375,9.38023567199707,2.0402441024780273,-2.0047380924224854
1700822863099350800,1.411350830078125,9.376070976257324,2.049091339111328,-2.0151689052581787
1700822863108996400,1.420996337890625,9.373370170593262,2.050295352935791,-2.0264790058135986
1700822863118870800,1.430870849609375,9.371737480163574,2.0433719158172607,-2.0409696102142334
1700822863128815400,1.4408154296875,9.371444702148438,2.0297937393188477,-2.055809497833252
1700822863138790100,1.4507900390625,9.372734069824219,2.0161404609680176,-2.063352108001709
1700822863148768500,1.4607685546875,9.37608528137207,2.0120832920074463,-2.0520551204681396
1700822863158782200,1.4707822265625,9.381308555603027,2.02656888961792,-2.0135695934295654
1700822863168861700,1.48086181640625,9.388015747070312,2.062584638595581,-1.9445558786392212
1700822863178931700,1.490931640625,9.39625358581543,2.11374568939209,-1.8473994731903076
1700822863188908000,1.500907958984375,9.406285285949707,2.1753528118133545,-1.7204738855361938
1700822863198812400,1.5108125,9.41788101196289,2.2302353382110596,-1.5811293125152588
1700822863208747300,1.520747314453125,9.428245544433594,2.2748215198516846,-1.4504334926605225
1700822863218825200,1.5308251953125,9.438408851623535,2.3057758808135986,-1.3304978609085083
1700822863228826000,1.540826171875,9.450384140014648,2.3253538608551025,-1.2055554389953613
1700822863238871600,1.55087158203125,9.466363906860352,2.331800937652588,-1.0587882995605469
1700822863248917800,1.560917724609375,9.485414505004883,2.322192430496216,-0.8970601558685303
1700822863259035000,1.571034912109375,9.50672435760498,2.2954039573669434,-0.7236744165420532
1700822863268878300,1.58087841796875,9.528135299682617,2.2550137042999268,-0.5476728081703186
1700822863278799600,1.590799560546875,9.547118186950684,2.209010601043701,-0.3784184157848358
1700822863288898800,1.60089892578125,9.563558578491211,2.1610751152038574,-0.19619591534137726
1700822863298943000,1.61094287109375,9.574934005737305,2.1192030906677246,0.0027235341258347034
1700822863308915500,1.62091552734375,9.581348419189453,2.077479600906372,0.22855661809444427
1700822863318887700,1.6308876953125,9.583370208740234,2.0313377380371094,0.45062175393104553
1700822863328891400,1.640891357421875,9.58251667022705,1.9966202974319458,0.5993916392326355
1700822863338937000,1.65093701171875,9.579009056091309,1.9603770971298218,0.754913330078125
1700822863348976000,1.66097607421875,9.572712898254395,1.9201054573059082,0.9201916456222534
1700822863358924000,1.670924072265625,9.563913345336914,1.8742719888687134,1.0904344320297241
1700822863368924000,1.680923828125,9.552459716796875,1.82450270652771,1.2617825269699097
1700822863378909400,1.690909423828125,9.541935920715332,1.784355640411377,1.392095923423767
1700822863388894200,1.700894287109375,9.531736373901367,1.7407790422439575,1.5119816064834595
1700822863398958600,1.71095849609375,9.522771835327148,1.7080086469650269,1.603096842765808
1700822863408968200,1.72096826171875,9.508194923400879,1.696122646331787,1.6993488073349
1700822863418954800,1.730954833984375,9.48794174194336,1.7021676301956177,1.8033208847045898
1700822863428913000,1.740912841796875,9.461584091186523,1.724052906036377,1.9174076318740845
1700822863438867000,1.750866943359375,9.43431568145752,1.748855471611023,2.0262210369110107
1700822863448873000,1.760873046875,9.412364959716797,1.7691700458526611,2.108983278274536
1700822863459117600,1.77111767578125,9.39704418182373,1.7872798442840576,2.1613831520080566
1700822863469058800,1.781058837890625,9.380231857299805,1.8202697038650513,2.206413507461548
1700822863479028500,1.791028564453125,9.356175422668457,1.8800019025802612,2.2578680515289307
1700822863489020700,1.801020751953125,9.317895889282227,1.9791940450668335,2.3302316665649414
1700822863498982000,1.81098193359375,9.268478393554688,2.109060525894165,2.411961555480957
1700822863509171500,1.82117138671875,9.200098991394043,2.2722043991088867,2.523022174835205
1700822863519079700,1.83107958984375,9.131706237792969,2.421201467514038,2.6306097507476807
1700822863529029400,1.841029296875,9.0711088180542,2.5440030097961426,2.722759485244751
1700822863539004700,1.851004638671875,9.030491828918457,2.624675750732422,2.7805895805358887
1700822863548934000,1.860933837890625,9.002727508544922,2.682762384414673,2.814971923828125
1700822863559095800,1.871095703125,8.990158081054688,2.718036651611328,2.821298360824585
1700822863568984800,1.88098486328125,8.99060344696045,2.7420244216918945,2.7965590953826904
1700822863578926600,1.890926513671875,8.999192237854004,2.759031295776367,2.75184965133667
1700822863588821200,1.9008212890625,9.005212783813477,2.775451183319092,2.7154014110565186
1700822863598909700,1.91090966796875,9.005449295043945,2.784528970718384,2.7053020000457764
1700822863608904200,1.920904296875,9.004981994628906,2.77736759185791,2.714205503463745
1700822863618953700,1.93095361328125,9.006332397460938,2.7587552070617676,2.7286691665649414
1700822863628843300,1.94084326171875,9.017224311828613,2.7232320308685303,2.728381395339966
1700822863638784300,1.9507841796875,9.03818130493164,2.671219825744629,2.710397243499756
1700822863648813000,1.96081298828125,9.065892219543457,2.6004855632781982,2.686532974243164
1700822863658803500,1.970803466796875,9.096996307373047,2.5137152671813965,2.663883686065674
1700822863668910800,1.980910888671875,9.125930786132812,2.4158554077148438,2.6554505825042725
1700822863678833000,1.9908330078125,9.147355079650879,2.3208882808685303,2.6664135456085205
1700822863688857300,2.000857421875,9.158778190612793,2.2497689723968506,2.688068389892578
1700822863698868200,2.0108681640625,9.164441108703613,2.159615993499756,2.7421634197235107
1700822863708880100,2.020880126953125,9.161845207214355,2.0540452003479004,2.8305270671844482
1700822863718970600,2.030970703125,9.158082008361816,1.9327067136764526,2.9265270233154297
1700822863728992800,2.04099267578125,9.147286415100098,1.7830716371536255,3.0525741577148438
1700822863739001300,2.05100146484375,9.123950958251953,1.6104481220245361,3.2140865325927734
1700822863748939300,2.060939208984375,9.09329891204834,1.4255274534225464,3.3838112354278564
1700822863758978000,2.07097802734375,9.057559967041016,1.2654856443405151,3.539707899093628
1700822863768976600,2.0809765625,9.01723575592041,1.129048228263855,3.6857962608337402
1700822863778933800,2.090933837890625,8.978498458862305,1.0174980163574219,3.8107287883758545
1700822863788948500,2.100948486328125,8.94083023071289,0.9373123645782471,3.918339252471924
1700822863798935300,2.110935302734375,8.889177322387695,0.8715075850486755,4.04887580871582
1700822863809081600,2.12108154296875,8.830084800720215,0.8255075216293335,4.185513496398926
1700822863818999800,2.130999755859375,8.784102439880371,0.7877972722053528,4.288274765014648
1700822863828880000,2.1408798828125,8.747929573059082,0.7641546726226807,4.36579704284668
1700822863838828000,2.150828125,8.71796703338623,0.7456969618797302,4.428472518920898
1700822863848804900,2.160804931640625,8.677618980407715,0.7076791524887085,4.513147830963135
1700822863858845000,2.170844970703125,8.617945671081543,0.6410861015319824,4.635775566101074
1700822863868922000,2.180922119140625,8.536054611206055,0.545099675655365,4.79677152633667
1700822863878934500,2.1909345703125,8.434069633483887,0.41408127546310425,4.9865217208862305
1700822863888831200,2.200831298828125,8.326263427734375,0.2581670582294464,5.174656867980957
1700822863898808600,2.21080859375,8.224597930908203,0.09486263990402222,5.340165138244629
1700822863909122800,2.221122802734375,8.136061668395996,-0.06247611343860626,5.474576950073242
1700822863918972000,2.230971923828125,8.059256553649902,-0.20400647819042206,5.5836501121521
1700822863928869400,2.240869384765625,7.992629528045654,-0.3327163755893707,5.672526836395264
1700822863938815200,2.250815185546875,7.927335262298584,-0.46418818831443787,5.754325866699219
1700822863948824000,2.260823974609375,7.844722747802734,-0.6120790839195251,5.852869033813477
1700822863958953500,2.270953369140625,7.720032215118408,-0.7883924245834351,5.995826244354248
1700822863968920300,2.28092041015625,7.55546760559082,-0.9951505661010742,6.172112464904785
1700822863978907100,2.2909072265625,7.389847755432129,-1.2174345254898071,6.330749988555908
1700822863988874000,2.3008740234375,7.260031223297119,-1.4318162202835083,6.4352335929870605
1700822863998783000,2.310782958984375,7.175158977508545,-1.625982642173767,6.484107971191406
1700822864009070000,2.321070068359375,7.125942230224609,-1.7925151586532593,6.494476795196533
1700822864018931000,2.330930908203125,7.078419208526611,-1.943404197692871,6.5030412673950195
1700822864028897000,2.34089697265625,7.00961446762085,-2.0839321613311768,6.533980846405029
1700822864038944500,2.350944580078125,6.900229454040527,-2.231680154800415,6.601274013519287
1700822864048937700,2.360937744140625,6.7471489906311035,-2.380434274673462,6.7067060470581055
1700822864059080000,2.371079833984375,6.559980392456055,-2.529015302658081,6.8367486000061035
1700822864068944000,2.38094384765625,6.343506813049316,-2.6907997131347656,6.977815628051758
1700822864078896400,2.390896484375,6.125594139099121,-2.8452260494232178,7.110004425048828
1700822864088899300,2.4008994140625,5.912325382232666,-2.982231378555298,7.23333215713501
1700822864098963200,2.410963134765625,5.729200839996338,-3.092777967453003,7.333578109741211
1700822864108980500,2.42098046875,5.57259464263916,-3.1863112449645996,7.413771152496338
1700822864119212300,2.43121240234375,5.414778232574463,-3.28204607963562,7.48857307434082
1700822864129001200,2.441001220703125,5.225678443908691,-3.3837907314300537,7.577112197875977
1700822864138896100,2.450896240234375,5.024936199188232,-3.4758617877960205,7.670645236968994
1700822864148798000,2.4607978515625,4.827281475067139,-3.5527400970458984,7.761815547943115
1700822864158783000,2.470782958984375,4.637144088745117,-3.614323616027832,7.848817825317383
1700822864168801500,2.480801513671875,4.458773612976074,-3.66397762298584,7.928744792938232
1700822864178821600,2.490821533203125,4.283236980438232,-3.708862066268921,8.00428581237793
1700822864188778000,2.500778076171875,4.108449935913086,-3.751793384552002,8.07558536529541
1700822864198763000,2.510762939453125,3.922912836074829,-3.7948319911956787,8.147417068481445
1700822864208803600,2.520803466796875,3.744992733001709,-3.8292901515960693,8.214740753173828
1700822864218915800,2.530915771484375,3.5953211784362793,-3.8459248542785645,8.273628234863281
1700822864228802300,2.54080224609375,3.46331787109375,-3.8650598526000977,8.320884704589844
1700822864238816800,2.550816650390625,3.347277879714966,-3.883635997772217,8.359635353088379
1700822864248831200,2.560831298828125,3.2246413230895996,-3.9127140045166016,8.394209861755371
1700822864258842600,2.570842529296875,3.0832512378692627,-3.962836742401123,8.423768997192383
1700822864268893400,2.5808935546875,2.9160521030426025,-4.0450520515441895,8.444204330444336
1700822864278871600,2.59087158203125,2.7559287548065186,-4.144049167633057,8.44997787475586
1700822864288895700,2.600895751953125,2.6341142654418945,-4.241105079650879,8.440667152404785
1700822864298888400,2.610888427734375,2.562178611755371,-4.336010932922363,8.41455078125
1700822864308973800,2.620973876953125,2.5224051475524902,-4.430866718292236,8.377070426940918
1700822864318881800,2.6308818359375,2.4741222858428955,-4.504664897918701,8.352071762084961
1700822864328907500,2.640907470703125,2.449380874633789,-4.5458574295043945,8.33703327178955
1700822864338914800,2.650914794921875,2.463186025619507,-4.577469825744629,8.315640449523926
1700822864348926500,2.660926513671875,2.4793381690979004,-4.605903625488281,8.295113563537598
1700822864358900700,2.670900634765625,2.4827938079833984,-4.635957717895508,8.277318954467773
1700822864368883000,2.680883056640625,2.4708809852600098,-4.66840934753418,8.2626314163208
1700822864378868000,2.690867919921875,2.4446542263031006,-4.695643424987793,8.254998207092285
1700822864388869400,2.700869384765625,2.410022020339966,-4.711819171905518,8.255965232849121
1700822864398855700,2.710855712890625,2.3584461212158203,-4.721989631652832,8.265042304992676
1700822864408888800,2.720888916015625,2.2879230976104736,-4.741923809051514,8.27345085144043
1700822864418801400,2.730801513671875,2.1868221759796143,-4.779018402099609,8.279443740844727
1700822864428995800,2.740995849609375,2.0677549839019775,-4.81935977935791,8.286648750305176
1700822864438978800,2.750978759765625,1.9612139463424683,-4.841337203979492,8.299728393554688
1700822864449001500,2.76100146484375,1.8575243949890137,-4.86030387878418,8.31248664855957
1700822864459059700,2.771059814453125,1.745052456855774,-4.889443874359131,8.319767951965332
1700822864468974800,2.780974853515625,1.6197136640548706,-4.942541122436523,8.313735961914062
1700822864478924800,2.7909248046875,1.5120015144348145,-5.00235652923584,8.298233985900879
1700822864488957400,2.80095751953125,1.427802562713623,-5.060063362121582,8.2781343460083
1700822864498913800,2.810913818359375,1.3704744577407837,-5.111054420471191,8.256470680236816
1700822864508913400,2.820913330078125,1.324049711227417,-5.1583638191223145,8.234596252441406
1700822864518948000,2.830947998046875,1.2748998403549194,-5.205809116363525,8.212464332580566
1700822864528911000,2.8409111328125,1.213923692703247,-5.258013725280762,8.188409805297852
1700822864538912000,2.850912109375,1.1173039674758911,-5.312215805053711,8.167152404785156
1700822864548886500,2.860886474609375,0.9973726272583008,-5.356777191162109,8.153563499450684
1700822864559138300,2.87113818359375,0.8832859396934509,-5.395758628845215,8.141005516052246
1700822864569120300,2.881120361328125,0.7894847989082336,-5.4232964515686035,8.132339477539062
1700822864579027000,2.89102685546875,0.7176494002342224,-5.441012859344482,8.12716007232666
1700822864588857600,2.900857666015625,0.655915379524231,-5.45698881149292,8.121665000915527
1700822864599034400,2.911034423828125,0.6086831092834473,-5.469517707824707,8.116915702819824
1700822864608865500,2.920865478515625,0.564688503742218,-5.4843316078186035,8.110093116760254
1700822864618852900,2.930852783203125,0.494312047958374,-5.514866352081299,8.093965530395508
1700822864628826400,2.940826416015625,0.38674890995025635,-5.562479496002197,8.0671968460083
1700822864638811600,2.950811767578125,0.24919746816158295,-5.610592365264893,8.039250373840332
1700822864649593900,2.96159375,0.08558189868927002,-5.659318923950195,8.008445739746094
1700822864659216400,2.97121630859375,-0.026248833164572716,-5.699168682098389,7.9805498123168945
1700822864669097700,2.98109765625,-0.0667027160525322,-5.7282609939575195,7.959457874298096
1700822864678978300,2.990978271484375,-0.01567249372601509,-5.747238636016846,7.9460296630859375
1700822864689008600,3.001008544921875,0.07702507823705673,-5.7590131759643555,7.937142848968506
1700822864698952400,3.010952392578125,0.1650894433259964,-5.769501209259033,7.928178787231445
1700822864708844300,3.02084423828125,0.21403203904628754,-5.7828898429870605,7.917246341705322
1700822864718865700,3.03086572265625,0.2492319494485855,-5.795830249786377,7.906745910644531
1700822864728813300,3.040813232421875,0.26691168546676636,-5.809781551361084,7.89592170715332
1700822864738834700,3.050834716796875,0.2616425156593323,-5.833802223205566,7.878366947174072
1700822864748796400,3.06079638671875,0.25195640325546265,-5.866089820861816,7.854673862457275
1700822864758802700,3.070802734375,0.26093730330467224,-5.887584686279297,7.838280200958252
1700822864768852200,3.080852294921875,0.3002373278141022,-5.912670612335205,7.817966461181641
1700822864778823200,3.0908232421875,0.37103989720344543,-5.942381858825684,7.792357921600342
1700822864788929000,3.100928955078125,0.4703998565673828,-5.966038703918457,7.768881320953369
1700822864798863000,3.110863037109375,0.5717909932136536,-5.9863057136535645,7.746456146240234
1700822864808771000,3.12077099609375,0.6343579292297363,-6.008254051208496,7.724562168121338
1700822864818833400,3.13083349609375,0.6552645564079285,-6.034359931945801,7.70243501663208
1700822864829155800,3.14115576171875,0.6587985754013062,-6.058196067810059,7.683399677276611
1700822864839219500,3.151219482421875,0.6719129085540771,-6.07700777053833,7.667392253875732
1700822864848919300,3.160919189453125,0.7016705870628357,-6.091609001159668,7.653127193450928
1700822864858855700,3.170855712890625,0.7392758131027222,-6.109592437744141,7.63523006439209
1700822864868873200,3.180873291015625,0.7732639908790588,-6.129823684692383,7.615625381469727
1700822864878836700,3.190836669921875,0.8049558997154236,-6.149292945861816,7.596619606018066
1700822864888797400,3.20079736328125,0.8375388979911804,-6.162652015686035,7.5822577476501465
1700822864898821000,3.210821044921875,0.8669173121452332,-6.169164180755615,7.573655605316162
1700822864908825600,3.22082568359375,0.8898825645446777,-6.172762393951416,7.568059921264648
1700822864918945300,3.2309453125,0.90708327293396,-6.175889015197754,7.5634636878967285
1700822864928792600,3.24079248046875,0.934597909450531,-6.178896427154541,7.5576581954956055
1700822864938782200,3.2507822265625,0.985676646232605,-6.180422306060791,7.549914360046387
1700822864948759600,3.260759521484375,1.0664870738983154,-6.175796031951904,7.542716026306152
1700822864958801400,3.270801513671875,1.1653850078582764,-6.168707370758057,7.53387975692749
1700822864968826600,3.28082666015625,1.3073525428771973,-6.16138219833374,7.5165557861328125
1700822864978854000,3.29085400390625,1.4426366090774536,-6.160152435302734,7.492778778076172
1700822864988885500,3.300885498046875,1.566868782043457,-6.165681838989258,7.463222503662109
1700822864998898200,3.310898193359375,1.6475942134857178,-6.176389217376709,7.436939239501953
1700822865008967700,3.3209677734375,1.6925179958343506,-6.187534809112549,7.4175591468811035
1700822865018844000,3.330843994140625,1.7263953685760498,-6.1916728019714355,7.406290054321289
1700822865028929800,3.3409296875,1.751608967781067,-6.182323932647705,7.4081807136535645
1700822865039420000,3.351419921875,1.7542846202850342,-6.115171432495117,7.463078498840332
1700822865049143000,3.36114306640625,1.637449860572815,-5.982722282409668,7.59580135345459
1700822865059553000,3.371552978515625,1.5548925399780273,-5.800221920013428,7.753072738647461
1700822865069132500,3.381132568359375,1.3208134174346924,-5.586360931396484,7.951001167297363
1700822865079047700,3.391047607421875,1.0962387323379517,-5.484126567840576,8.055620193481445
1700822865089497900,3.401497802734375,0.9424465894699097,-5.5623040199279785,8.021408081054688
1700822865099134000,3.411134033203125,0.9394351243972778,-5.713346004486084,7.9148945808410645
1700822865109064400,3.421064453125,0.9542872309684753,-5.857964992523193,7.806661605834961
1700822865118960600,3.430960693359375,0.8808049559593201,-6.020539283752441,7.690752029418945
1700822865128918300,3.440918212890625,0.7450467944145203,-6.176645755767822,7.580524444580078
1700822865138936600,3.4509365234375,0.5893567800521851,-6.319047451019287,7.47614049911499
1700822865148930800,3.460930908203125,0.4393251836299896,-6.4383955001831055,7.384067058563232
1700822865159070000,3.471070068359375,0.3211655616760254,-6.514622688293457,7.323041915893555
1700822865168964400,3.48096435546875,0.22186493873596191,-6.559115886688232,7.286918640136719
1700822865178829300,3.490829345703125,0.12115327268838882,-6.58616828918457,7.264854907989502
1700822865189182700,3.5011826171875,0.03220920264720917,-6.599330425262451,7.253840923309326
1700822865198936300,3.510936279296875,-0.04412088170647621,-6.604306221008301,7.249247074127197
1700822865208792600,3.52079248046875,-0.10778174549341202,-6.603439807891846,7.2493696212768555
1700822865218805800,3.5308056640625,-0.15551555156707764,-6.598926067352295,7.252613067626953
1700822865228801000,3.540801025390625,-0.18543781340122223,-6.590120315551758,7.25991153717041
1700822865238819000,3.550819091796875,-0.19663316011428833,-6.578815460205078,7.269865036010742
1700822865248850000,3.560849853515625,-0.18414661288261414,-6.572820663452148,7.275611877441406
1700822865258818600,3.570818603515625,-0.15574732422828674,-6.575722694396973,7.273651599884033
1700822865268804900,3.580804931640625,-0.12259732931852341,-6.585507869720459,7.265429496765137
1700822865278806300,3.59080615234375,-0.09467150270938873,-6.595398902893066,7.256870746612549
1700822865288845300,3.60084521484375,-0.07785481214523315,-6.600447654724121,7.252475738525391
1700822865298846200,3.61084619140625,-0.07644084841012955,-6.597808361053467,7.254894733428955
1700822865308918500,3.62091845703125,-0.08252251148223877,-6.592212677001953,7.259910583496094
1700822865318950700,3.63095068359375,-0.09016864001750946,-6.586899757385254,7.2646403312683105
1700822865328827400,3.640827392578125,-0.0968766137957573,-6.584469795227051,7.266758918762207
1700822865338844200,3.65084423828125,-0.10247107595205307,-6.585855960845947,7.2654242515563965
1700822865348918500,3.66091845703125,-0.10887158662080765,-6.58949089050293,7.2620344161987305
1700822865358942700,3.670942626953125,-0.117665134370327,-6.593568325042725,7.258195400238037
1700822865368875000,3.680875,-0.13415975868701935,-6.5936408042907715,7.257843017578125
1700822865378914600,3.69091455078125,-0.34935179352760315,-6.50718355178833,7.328364372253418
1700822865389043700,3.701043701171875,-0.4602537155151367,-6.441154479980469,7.38038444519043
1700822865399016000,3.711015869140625,-0.5068617463111877,-6.40149450302124,7.411772727966309
1700822865408941300,3.72094140625,-0.540210485458374,-6.364133358001709,7.441529750823975
1700822865418841600,3.730841552734375,-0.5683592557907104,-6.3255085945129395,7.472304821014404
1700822865428798500,3.740798583984375,-0.5898650288581848,-6.287143230438232,7.502951622009277
1700822865438934800,3.750934814453125,-0.6055518388748169,-6.2481207847595215,7.534234046936035
1700822865448934400,3.760934326171875,-0.6077443957328796,-6.216010093688965,7.560573101043701
1700822865458962700,3.770962646484375,-0.5985702872276306,-6.181143760681152,7.589834690093994
1700822865468968400,3.780968505859375,-0.5915367603302002,-6.172415733337402,7.597484588623047
1700822865478856200,3.790856201171875,-0.5786988735198975,-6.1608757972717285,7.607831954956055
1700822865488827100,3.8008271484375,-0.5615156888961792,-6.149413585662842,7.618386745452881
1700822865498781000,3.810781005859375,-0.5376595854759216,-6.1375226974487305,7.629688262939453
1700822865508883000,3.820883056640625,-0.510339617729187,-6.1269917488098145,7.640020847320557
1700822865518877400,3.83087744140625,-0.4849877655506134,-6.117621421813965,7.649177074432373
1700822865528878800,3.84087890625,-0.4651046693325043,-6.067225456237793,7.6904377937316895
1700822865538830800,3.850830810546875,-0.4589443802833557,-6.048834800720215,7.70527982711792
1700822865548740400,3.860740234375,-0.4591396152973175,-6.038949012756348,7.7130208015441895
1700822865558721300,3.87072119140625,-0.4639110565185547,-6.033000946044922,7.7173871994018555
1700822865568661000,3.880660888671875,-0.4720826745033264,-6.027088165283203,7.721510887145996
1700822865578666500,3.89066650390625,-0.47819969058036804,-6.022541522979736,7.7246832847595215
1700822865588664300,3.900664306640625,-0.481138676404953,-6.020562648773193,7.726041316986084
1700822865598726100,3.91072607421875,-0.48232993483543396,-6.021823406219482,7.7249860763549805
1700822865608718600,3.920718505859375,-0.4821189343929291,-6.044321060180664,7.707409858703613
1700822865618783200,3.930783203125,-0.4857599139213562,-6.062269687652588,7.6930694580078125
1700822865628822000,3.940822021484375,-0.4823404550552368,-6.079070568084717,7.680014610290527
1700822865638780700,3.95078076171875,-0.4687812924385071,-6.095704078674316,7.667661190032959
1700822865648827000,3.960826904296875,-0.45157766342163086,-6.108039855957031,7.658871650695801
1700822865658801400,3.970801513671875,-0.43735331296920776,-6.1144490242004395,7.654582500457764
1700822865668756200,3.980756103515625,-0.4285217821598053,-6.115763187408447,7.654031753540039
1700822865678769200,3.99076904296875,-0.444428950548172,-6.104291915893555,7.662276268005371
1700822865688770000,4.00077001953125,-0.4537731111049652,-6.112153053283691,7.655461311340332
1700822865698779100,4.010779052734375,-0.46064066886901855,-6.126191139221191,7.643819332122803
1700822865708789000,4.0207890625,-0.4531973600387573,-6.125168323516846,7.645086288452148
1700822865718845000,4.030844970703125,-0.4416840374469757,-6.116318702697754,7.6528401374816895
1700822865728849000,4.040848876953125,-0.4200614094734192,-6.098848342895508,7.667986869812012
1700822865738841000,4.050841064453125,-0.3850736618041992,-6.085524082183838,7.680397033691406
1700822865748906500,4.060906494140625,-0.3372521996498108,-6.067703723907471,7.696727752685547
1700822865758934300,4.070934326171875,-0.2896896302700043,-6.049507141113281,7.712972164154053
1700822865768900000,4.080900146484375,-0.2543283998966217,-6.037748336791992,7.723425388336182
1700822865778856400,4.0908564453125,-0.24926118552684784,-6.035469055175781,7.725372314453125
1700822865788785000,4.100784912109375,-0.27850890159606934,-6.039680480957031,7.721079349517822
1700822865798801000,4.11080078125,-0.33562079071998596,-6.040226459503174,7.718381404876709
1700822865808813600,4.1208134765625,-0.40762102603912354,-6.027048587799072,7.725214004516602
1700822865818896100,4.130896240234375,-0.4831535220146179,-5.99172306060791,7.748302936553955
1700822865828949000,4.140948974609375,-0.5505728721618652,-5.942043304443359,7.781991481781006
1700822865838847000,4.150846923828125,-0.6027905344963074,-5.889060020446777,7.818312644958496
1700822865848858600,4.160858642578125,-0.6403238773345947,-5.838527202606201,7.853150367736816
1700822865858878200,4.170878173828125,-0.6648983359336853,-5.8019490242004395,7.878179550170898
1700822865868850200,4.18085009765625,-0.691303551197052,-5.7769975662231445,7.894224643707275
1700822865878830000,4.190830078125,-0.7211533188819885,-5.769103050231934,7.897329330444336
1700822865889131500,4.201131591796875,-0.7480588555335999,-5.777968406677246,7.888338565826416
1700822865898967300,4.21096728515625,-0.7703425884246826,-5.797701835632324,7.871698379516602
1700822865908959200,4.220959228515625,-0.7838175892829895,-5.829703330993652,7.846694469451904
1700822865918945500,4.230945556640625,-0.7855062484741211,-5.87095308303833,7.815707206726074
1700822865928972800,4.240972900390625,-0.7709159851074219,-5.9214324951171875,7.778994560241699
1700822865938883800,4.2508837890625,-0.7314274311065674,-5.981703758239746,7.73657751083374
1700822865948817400,4.2608173828125,-0.6503612995147705,-6.050654888153076,7.690059661865234
1700822865958798300,4.27079833984375,-0.5580769777297974,-6.107341766357422,7.652405738830566
1700822865968794000,4.280794189453125,-0.47329527139663696,-6.150818824768066,7.623241901397705
1700822865978795000,4.290794921875,-0.39820319414138794,-6.168508529663086,7.613234519958496
1700822865988790000,4.3007900390625,-0.3346136510372162,-6.092356204986572,7.677346706390381
1700822865998850000,4.31085009765625,-0.27942368388175964,-5.973379135131836,7.772454261779785
1700822866008888000,4.32088818359375,-0.2230459600687027,-5.818645477294922,7.890753746032715
1700822866018921500,4.33092138671875,-0.16548223793506622,-5.670165061950684,7.999516010284424
1700822866028839700,4.340839599609375,-0.07667524367570877,-5.537262439727783,8.093408584594727
1700822866038848000,4.350847900390625,0.03368775174021721,-5.47298002243042,8.137304306030273
1700822866048908000,4.360907958984375,0.17165128886699677,-5.436325550079346,8.160103797912598
1700822866058797600,4.370797607421875,0.27210545539855957,-5.386051177978516,8.190654754638672
1700822866068818200,4.380818115234375,0.31666299700737,-5.3017096519470215,8.243907928466797
1700822866078823700,4.39082373046875,0.3213251233100891,-5.208489894866943,8.302938461303711
1700822866088779300,4.400779296875,0.3107166588306427,-5.130803108215332,8.351569175720215
1700822866098842000,4.410842041015625,0.29267653822898865,-5.082027912139893,8.381989479064941
1700822866108974000,4.42097412109375,0.25696635246276855,-5.057307243347168,8.398096084594727
1700822866118939100,4.430939208984375,0.1890314668416977,-5.042584419250488,8.408745765686035
1700822866128822500,4.440822509765625,0.07715513557195663,-5.027718544006348,8.419411659240723
1700822866138853600,4.450853515625,-0.0799625962972641,-5.0027689933776855,8.434232711791992
1700822866148844300,4.46084423828125,-0.27491408586502075,-4.961380481719971,8.454556465148926
1700822866158773800,4.470773681640625,-0.4903559982776642,-4.893520832061768,8.484305381774902
1700822866168864800,4.48086474609375,-0.6979460120201111,-4.8084540367126465,8.51833438873291
1700822866178847500,4.490847412109375,-0.9216244220733643,-4.711490631103516,8.551192283630371
1700822866188876800,4.500876708984375,-1.125261902809143,-4.625827789306641,8.573558807373047
1700822866198871300,4.510871337890625,-1.2655717134475708,-4.570647716522217,8.58358383178711
1700822866209460700,4.521460693359375,-1.3151772022247314,-4.53446626663208,8.59531021118164
1700822866219185000,4.531184814453125,-1.2574386596679688,-4.507430553436279,8.618139266967773
1700822866229145300,4.541145263671875,-1.1259206533432007,-4.4836955070495605,8.648653030395508
1700822866238989300,4.5509892578125,-0.9710732698440552,-4.465493679046631,8.676795959472656
1700822866248831000,4.5608310546875,-0.8303782343864441,-4.452120780944824,8.698246002197266
1700822866258764000,4.570763916015625,-0.7500637769699097,-4.437205791473389,8.713151931762695
1700822866268803000,4.580802978515625,-0.7375748753547668,-4.410300254821777,8.727865219116211
1700822866278866000,4.590865966796875,-0.777275025844574,-4.3734846115112305,8.742932319641113
1700822866288782600,4.600782470703125,-0.8231862783432007,-4.333618640899658,8.758565902709961
1700822866298728200,4.610728271484375,-0.8489157557487488,-4.2857279777526855,8.779650688171387
1700822866308763100,4.62076318359375,-0.8581284284591675,-4.220675468444824,8.810215950012207
1700822866318696000,4.630696044921875,-0.8692933917045593,-4.131054878234863,8.851505279541016
1700822866328715500,4.640715576171875,-0.9025847911834717,-4.012997627258301,8.902336120605469
1700822866338731800,4.650731689453125,-0.976392388343811,-3.874896764755249,8.955570220947266
1700822866348740900,4.660740966796875,-1.063105583190918,-3.754939556121826,8.99670124053955
1700822866358751000,4.6707509765625,-1.0593962669372559,-3.666306257247925,9.033618927001953
1700822866368759600,4.680759521484375,-1.0186200141906738,-3.5935611724853516,9.067475318908691
1700822866378806300,4.69080615234375,-1.0081483125686646,-3.545365571975708,9.087597846984863
1700822866388805600,4.7008056640625,-1.0163298845291138,-3.5300095081329346,9.092660903930664
1700822866398857200,4.710857177734375,-1.0051590204238892,-3.5505075454711914,9.085918426513672
1700822866408850200,4.72085009765625,-0.9711907505989075,-3.5931031703948975,9.072858810424805
1700822866418864600,4.73086474609375,-0.935070812702179,-3.6343462467193604,9.060220718383789
1700822866428761900,4.740761962890625,-0.9174609184265137,-3.65687894821167,9.05295181274414
1700822866438838300,4.75083837890625,-0.9193705320358276,-3.6626405715942383,9.05042839050293
1700822866448816600,4.760816650390625,-0.9332675337791443,-3.6601171493530273,9.050025939941406
1700822866458751000,4.7707509765625,-0.9638655185699463,-3.654301643371582,9.049166679382324
1700822866468697300,4.780697265625,-1.007553219795227,-3.645134210586548,9.048108100891113
1700822866478801700,4.7908017578125,-1.0585750341415405,-3.632600784301758,9.047322273254395
1700822866488780800,4.80078076171875,-1.1073148250579834,-3.6124792098999023,9.049544334411621
1700822866498801400,4.810801513671875,-1.1619038581848145,-3.580564260482788,9.05538272857666
1700822866508737300,4.8207373046875,-1.235209345817566,-3.54085373878479,9.061291694641113
1700822866519755000,4.831755126953125,-1.3266525268554688,-3.4807209968566895,9.071657180786133
1700822866529260500,4.841260498046875,-1.4183967113494873,-3.400467872619629,9.088200569152832
1700822866539016200,4.85101611328125,-1.5029677152633667,-3.310689687728882,9.107734680175781
1700822866548905700,4.86090576171875,-1.568022608757019,-3.221675395965576,9.128664016723633
1700822866558824700,4.87082470703125,-1.6248855590820312,-3.1354246139526367,9.14872932434082
1700822866568931300,4.880931396484375,-1.690045714378357,-3.041186809539795,9.168715476989746
1700822866578827800,4.890827880859375,-1.763839840888977,-2.935098886489868,9.18936824798584
1700822866588876800,4.900876708984375,-1.8358079195022583,-2.802051067352295,9.21676254272461
1700822866598884900,4.910884765625,-1.9117928743362427,-2.6361136436462402,9.250207901000977
1700822866608789000,4.9207890625,-1.9823744297027588,-2.4599125385284424,9.283827781677246
1700822866619033900,4.931033935546875,-2.03721022605896,-2.328639030456543,9.305782318115234
1700822866628945400,4.9409453125,-2.05800461769104,-2.237243890762329,9.323613166809082
1700822866638814200,4.950814208984375,-2.0334692001342773,-2.1711843013763428,9.344588279724121
1700822866648881700,4.960881591796875,-1.9950755834579468,-2.1175918579101562,9.365140914916992
1700822866658936300,4.970936279296875,-1.9576375484466553,-2.073218584060669,9.382954597473145
1700822866668968200,4.98096826171875,-1.9208687543869019,-2.0247628688812256,9.401117324829102
1700822866678934500,4.9909345703125,-1.891885757446289,-1.962700366973877,9.420136451721191
1700822866688909800,5.000909912109375,-1.8711585998535156,-1.8884716033935547,9.439430236816406
1700822866698869000,5.010868896484375,-1.8557885885238647,-1.7989587783813477,9.45992660522461
1700822866708941000,5.020941162109375,-1.8516812324523926,-1.72829008102417,9.473896980285645
1700822866719055400,5.031055419921875,-1.8526620864868164,-1.6635034084320068,9.485294342041016
1700822866728920800,5.0409208984375,-1.842779517173767,-1.6192747354507446,9.494866371154785
1700822866738912300,5.050912353515625,-1.820001244544983,-1.5796833038330078,9.5059232711792
1700822866748902100,5.060902099609375,-1.791000247001648,-1.5278843641281128,9.519887924194336
1700822866758897200,5.070897216796875,-1.7576473951339722,-1.4638564586639404,9.536151885986328
1700822866768900600,5.080900634765625,-1.714777946472168,-1.3918813467025757,9.554718971252441
1700822866778960400,5.09096044921875,-1.6587649583816528,-1.3155617713928223,9.575396537780762
1700822866788911000,5.1009111328125,-1.6024481058120728,-1.2423369884490967,9.594747543334961
1700822866798898700,5.110898681640625,-1.5469132661819458,-1.1777490377426147,9.611990928649902
1700822866808854800,5.120854736328125,-1.4848610162734985,-1.1217585802078247,9.628459930419922
1700822866820713000,5.132712890625,-1.4167735576629639,-1.0660004615783691,9.645039558410645
1700822866829849300,5.141849365234375,-1.348531723022461,-1.0035384893417358,9.66150951385498
1700822866839424300,5.15142431640625,-1.2909616231918335,-0.9226266145706177,9.677425384521484
1700822866849124600,5.16112451171875,-1.2525105476379395,-0.8211194276809692,9.691615104675293
1700822866858934800,5.170934814453125,-1.2339671850204468,-0.6991595029830933,9.703551292419434
1700822866868878300,5.18087841796875,-1.2221990823745728,-0.572328507900238,9.71334457397461
1700822866878871300,5.190871337890625,-1.2117741107940674,-0.44325727224349976,9.721396446228027
1700822866888837000,5.200837158203125,-1.1978806257247925,-0.3151797652244568,9.728110313415527
1700822866898839000,5.210839111328125,-1.1819500923156738,-0.18295039236545563,9.733443260192871
1700822866908821000,5.220821044921875,-1.1765156984329224,-0.047563422471284866,9.735705375671387
1700822866918763500,5.230763427734375,-1.1566373109817505,0.09072773903608322,9.737778663635254
1700822866928750800,5.240750732421875,-1.128454566001892,0.2127174586057663,9.73918628692627
1700822866938705000,5.250704833984375,-1.2683476209640503,-0.022218845784664154,9.724258422851562
1700822866948663000,5.2606630859375,-1.2775964736938477,0.05986936390399933,9.722888946533203
1700822866958754600,5.270754638671875,-1.2812632322311401,0.12934446334838867,9.721731185913086
1700822866968769800,5.280769775390625,-1.2684990167617798,0.19232553243637085,9.722362518310547
1700822866978824000,5.290823974609375,-1.2503420114517212,0.2590770423412323,9.723164558410645
1700822866988834800,5.300834716796875,-1.2405039072036743,0.33898383378982544,9.721965789794922
1700822866998859500,5.310859619140625,-1.2375071048736572,0.4488438367843628,9.71789836883545
1700822867008884200,5.32088427734375,-1.2494360208511353,0.5855299234390259,9.709092140197754
1700822867018922200,5.330922119140625,-1.2694470882415771,0.7485548257827759,9.695286750793457
1700822867028923100,5.340923095703125,-1.293879508972168,0.9239610433578491,9.676907539367676
1700822867038892500,5.350892578125,-1.3305641412734985,1.0892623662948608,9.654712677001953
1700822867048831700,5.360831787109375,-1.3797259330749512,1.2317328453063965,9.630660057067871
1700822867058869800,5.370869873046875,-1.434234380722046,1.3414713144302368,9.608009338378906
1700822867068918000,5.38091796875,-1.491089105606079,1.4213453531265259,9.587846755981445
1700822867078908400,5.390908447265625,-1.5525007247924805,1.477863073348999,9.569539070129395
1700822867088897800,5.400897705078125,-1.6037486791610718,1.5195149183273315,9.55455207824707
1700822867098901800,5.41090185546875,-1.6439841985702515,1.5462939739227295,9.543410301208496
1700822867108916000,5.420916015625,-1.6874521970748901,1.555522084236145,9.534318923950195
1700822867118792400,5.43079248046875,-1.73652982711792,1.5473191738128662,9.526838302612305
1700822867128765700,5.440765625,-1.7771236896514893,1.5301158428192139,9.52212905883789
1700822867138793000,5.45079296875,-1.8048055171966553,1.5097709894180298,9.520171165466309
1700822867148862000,5.460862060546875,-1.8183664083480835,1.4805653095245361,9.522177696228027
1700822867158928000,5.470927978515625,-1.826545000076294,1.4422317743301392,9.526493072509766
1700822867168892400,5.480892333984375,-1.8317203521728516,1.3954641819000244,9.532464027404785
1700822867178912300,5.490912353515625,-1.8296856880187988,1.3447601795196533,9.540141105651855
1700822867188876500,5.50087646484375,-1.8246575593948364,1.2989774942398071,9.547442436218262
1700822867198909700,5.51090966796875,-1.816920280456543,1.2541449069976807,9.554911613464355
1700822867208976000,5.520975830078125,-1.7931729555130005,1.204016089439392,9.565839767456055
1700822867218912000,5.530912109375,-1.755146861076355,1.137380838394165,9.581035614013672
1700822867228942600,5.540942626953125,-1.7015204429626465,1.0199544429779053,9.603901863098145
1700822867238884400,5.55088427734375,-1.6342467069625854,0.8716542720794678,9.630154609680176
1700822867248929500,5.560929443359375,-1.552854299545288,0.6905696392059326,9.658267974853516
1700822867258946300,5.5709462890625,-1.4653666019439697,0.48122987151145935,9.684601783752441
1700822867268849200,5.58084912109375,-1.3758978843688965,0.20417584478855133,9.707502365112305
1700822867278756000,5.590756103515625,-1.3257091045379639,-0.08831161260604858,9.716229438781738
1700822867290900000,5.60289990234375,-1.322818636894226,-0.43931496143341064,9.707088470458984
1700822867308802000,5.620802001953125,-1.3672142028808594,-0.8176526427268982,9.6763916015625
1700822867319960000,5.6319599609375,-1.4269249439239502,-1.2199498414993286,9.62527847290039
1700822867329105000,5.64110498046875,-1.4449363946914673,-1.6138958930969238,9.564408302307129
1700822867338653000,5.65065283203125,-1.400647759437561,-1.9749016761779785,9.503070831298828
1700822867348643000,5.66064306640625,-1.327341079711914,-2.2866342067718506,9.443510055541992
1700822867358665000,5.6706650390625,-1.2504308223724365,-2.5390877723693848,9.389348983764648
1700822867368690000,5.68068994140625,-1.1805156469345093,-2.727672815322876,9.345403671264648
1700822867379422000,5.691421875,-1.1291974782943726,-2.861128091812134,9.311779975891113
1700822867388603000,5.700602783203125,-1.1056383848190308,-2.9522697925567627,9.286121368408203
1700822867398605000,5.71060498046875,-1.1121984720230103,-3.0138137340545654,9.265545845031738
1700822867408882000,5.7208818359375,-1.1385282278060913,-3.053507089614868,9.24933910369873
1700822867418659000,5.7306591796875,-1.1568366289138794,-3.0748889446258545,9.239978790283203
1700822867428714000,5.7407138671875,-1.1554080247879028,-3.0877482891082764,9.23586654663086
1700822867438744000,5.750744140625,-1.1501152515411377,-3.105776786804199,9.230481147766113
1700822867448722000,5.760721923828125,-1.150126338005066,-3.1351022720336914,9.220561027526855
1700822867458759000,5.770759033203125,-1.1466554403305054,-3.17154598236084,9.208523750305176
1700822867468777000,5.78077685546875,-1.1357885599136353,-3.2058603763580322,9.197979927062988
1700822867478754000,5.790754150390625,-1.1287118196487427,-3.232645273208618,9.189472198486328
1700822867488680000,5.800679931640625,-1.1365735530853271,-3.249342918395996,9.182612419128418
1700822867498766000,5.81076611328125,-1.1574188470840454,-3.260197162628174,9.17615795135498
1700822867508760000,5.820760009765625,-1.1850526332855225,-3.271436929702759,9.16862678527832
1700822867518788000,5.8307880859375,-1.206681728363037,-3.263111114501953,9.168774604797363
1700822867528804000,5.84080419921875,-1.2181179523468018,-3.2056899070739746,9.1875
1700822867538843000,5.8508427734375,-1.2255676984786987,-3.0865278244018555,9.227226257324219
1700822867548855000,5.86085498046875,-1.2274118661880493,-2.853708028793335,9.301623344421387
1700822867558837000,5.8708369140625,-1.2127268314361572,-2.623126268386841,9.371173858642578
1700822867568668000,5.88066796875,-1.1713169813156128,-2.4770374298095703,9.416085243225098
1700822867578948000,5.890947998046875,-1.1170710325241089,-2.43780255317688,9.432903289794922
1700822867588962000,5.900962158203125,-1.0808452367782593,-2.4727044105529785,9.42803955078125
1700822867598704000,5.9107041015625,-1.0810515880584717,-2.5143513679504395,9.416994094848633
1700822867608806000,5.920805908203125,-1.1269079446792603,-2.507479190826416,9.413448333740234
1700822867618814000,5.93081396484375,-1.1944681406021118,-2.4563472270965576,9.418598175048828
1700822867628807000,5.940806884765625,-1.2354648113250732,-2.403825044631958,9.426857948303223
1700822867639056000,5.951055908203125,-1.2464607954025269,-2.374729871749878,9.432783126831055
1700822867649353000,5.96135302734375,-1.2416449785232544,-2.3632402420043945,9.43630313873291
1700822867658844000,5.970843994140625,-1.2335574626922607,-2.361919403076172,9.43769645690918
1700822867668784000,5.9807841796875,-1.2199468612670898,-2.3663535118103027,9.4383544921875
1700822867679486000,5.99148583984375,-1.1951467990875244,-2.3547112941741943,9.444435119628906
1700822867688834000,6.000833984375,-1.1683564186096191,-2.322625160217285,9.455724716186523
1700822867698877000,6.010876953125,-1.1524416208267212,-2.276296377182007,9.4689359664917
1700822867708788000,6.0207880859375,-1.1452584266662598,-2.221669912338257,9.482773780822754
1700822867718921000,6.0309208984375,-1.1480822563171387,-2.1821908950805664,9.491594314575195
1700822867728923000,6.0409228515625,-1.1445815563201904,-2.1639206409454346,9.496198654174805
1700822867739210000,6.0512099609375,-1.1244360208511353,-2.168631076812744,9.497529029846191
1700822867748770000,6.06077001953125,-1.088687777519226,-2.197376012802124,9.495088577270508
1700822867758939000,6.07093896484375,-1.0410726070404053,-2.244971990585327,9.489291191101074
1700822867768916000,6.080916015625,-1.00880765914917,-2.279247283935547,9.48460578918457
1700822867778873000,6.090873046875,-1.0128040313720703,-2.2797963619232178,9.484047889709473
1700822867788792000,6.1007919921875,-1.0138479471206665,-2.266136407852173,9.48720932006836
1700822867798687000,6.11068701171875,-0.9883061051368713,-2.2577905654907227,9.491893768310547
1700822867808793000,6.12079296875,-0.9444324970245361,-2.2558491230010986,9.496819496154785
1700822867819081000,6.1310810546875,-0.8973761200904846,-2.2622451782226562,9.499860763549805
1700822867828864000,6.140864013671875,-0.8520452976226807,-2.2787420749664307,9.500091552734375
1700822867838808000,6.15080810546875,-0.8190010786056519,-2.3006277084350586,9.497723579406738
1700822867848815000,6.160815185546875,-0.8048802018165588,-2.3193624019622803,9.49437141418457
1700822867858802000,6.170802001953125,-0.823292076587677,-2.295114755630493,9.498686790466309
1700822867868924000,6.180923828125,-0.8456103205680847,-2.2586872577667236,9.505455017089844
1700822867878969000,6.190968994140625,-0.8659276962280273,-2.2187142372131348,9.513038635253906
1700822867888931000,6.20093115234375,-0.8888146281242371,-2.183673620223999,9.519030570983887
1700822867899032000,6.211031982421875,-0.9005518555641174,-2.15915584564209,9.523521423339844
1700822867908902000,6.22090185546875,-0.9056903719902039,-2.1502392292022705,9.525052070617676
1700822867918897000,6.23089697265625,-0.9107973575592041,-2.145448684692383,9.52564525604248
1700822867928945000,6.24094482421875,-0.9322913885116577,-2.1328234672546387,9.526399612426758
1700822867938948000,6.250947998046875,-0.984462320804596,-2.0906176567077637,9.53050708770752
1700822867948776000,6.26077587890625,-1.0523089170455933,-2.0280230045318604,9.536778450012207
1700822867958609000,6.27060888671875,-1.1353683471679688,-1.9488039016723633,9.543766975402832
1700822867968790000,6.2807900390625,-1.2142162322998047,-1.8597066402435303,9.551835060119629
1700822867978885000,6.290885009765625,-1.281035304069519,-1.7652552127838135,9.561025619506836
1700822867988870000,6.300869873046875,-1.3343302011489868,-1.6788967847824097,9.569287300109863
1700822867998832000,6.31083203125,-1.379197597503662,-1.588805079460144,9.5783052444458
1700822868008900000,6.320900146484375,-1.4215034246444702,-1.5120611190795898,9.584540367126465
1700822868018908000,6.330907958984375,-1.4818243980407715,-1.406239628791809,9.591512680053711
1700822868028940000,6.34093994140625,-1.5691590309143066,-1.2735873460769653,9.596148490905762
1700822868038900000,6.35089990234375,-1.679835319519043,-1.1345491409301758,9.59485912322998
1700822868048859000,6.36085888671875,-1.806693434715271,-1.0204124450683594,9.584624290466309
1700822868058868000,6.370867919921875,-1.9531320333480835,-0.9399386644363403,9.564108848571777
1700822868068876000,6.3808759765625,-2.094048023223877,-0.9181082844734192,9.536375045776367
1700822868078988000,6.390988037109375,-2.2053983211517334,-0.9576336145401001,9.507341384887695
1700822868088719000,6.400718994140625,-2.2897915840148926,-1.0430071353912354,9.478363037109375
1700822868098828000,6.410828125,-2.352238178253174,-1.1510019302368164,9.450531005859375
1700822868108755000,6.4207548828125,-2.422150135040283,-1.2724355459213257,9.417243957519531
1700822868118859000,6.43085888671875,-2.510951280593872,-1.3927090167999268,9.376879692077637
1700822868128785000,6.440784912109375,-2.605862855911255,-1.5176137685775757,9.331489562988281
1700822868138601000,6.45060107421875,-2.7318520545959473,-1.6650282144546509,9.27011489868164
1700822868148755000,6.4607548828125,-2.9526779651641846,-1.7731506824493408,9.181939125061035
1700822868158776000,6.470776123046875,-3.2109553813934326,-1.8218936920166016,9.085201263427734
1700822868168756000,6.480755859375,-3.194364309310913,-1.7782591581344604,9.099684715270996
1700822868179159000,6.491158935546875,-3.2054800987243652,-1.7619234323501587,9.098950386047363
1700822868188750000,6.50075,-3.257546901702881,-1.7744252681732178,9.07800579071045
1700822868198798000,6.510798095703125,-3.2941367626190186,-1.7894552946090698,9.06183910369873
1700822868208795000,6.520794921875,-3.3168179988861084,-1.8029279708862305,9.050889015197754
1700822868218807000,6.53080712890625,-3.3381829261779785,-1.818190097808838,9.039972305297852
1700822868228833000,6.5408330078125,-3.357978343963623,-1.830113172531128,9.030228614807129
1700822868238924000,6.550924072265625,-3.3621103763580322,-1.8315544128417969,9.028403282165527
1700822868248818000,6.56081787109375,-3.3390960693359375,-1.8221423625946045,9.038839340209961
1700822868258807000,6.57080712890625,-3.3127620220184326,-1.8082813024520874,9.05130386352539
1700822868268989000,6.580989013671875,-3.2795915603637695,-1.804405689239502,9.0641508102417
1700822868278787000,6.590787109375,-3.260991096496582,-1.8048866987228394,9.070761680603027
1700822868288890000,6.60089013671875,-3.2237908840179443,-1.8055375814437866,9.0839204788208
1700822868299068000,6.61106787109375,-3.160696268081665,-1.803757667541504,9.10641860961914
1700822868309018000,6.62101806640625,-3.0876119136810303,-1.79779851436615,9.132631301879883
1700822868318815000,6.63081494140625,-3.012648582458496,-1.7909519672393799,9.158977508544922
1700822868328805000,6.64080517578125,-2.9405882358551025,-1.7879853248596191,9.182942390441895
1700822868338914000,6.6509140625,-2.8680858612060547,-1.7896897792816162,9.205513954162598
1700822868348985000,6.660985107421875,-2.8051087856292725,-1.7878599166870117,9.225255966186523
1700822868358775000,6.670775146484375,-2.7326152324676514,-1.7899936437606812,9.246574401855469
1700822868368731000,6.68073095703125,-2.648073673248291,-1.7921245098114014,9.27072811126709
1700822868378713000,6.690713134765625,-2.5919506549835205,-1.779004693031311,9.28909683227539
1700822868389547000,6.701547119140625,-2.566504716873169,-1.740320086479187,9.30348014831543
1700822868398921000,6.7109208984375,-2.525026559829712,-1.680859923362732,9.325736999511719
1700822868408819000,6.72081884765625,-2.464451789855957,-1.61024010181427,9.354358673095703
1700822868418628000,6.730628173828125,-2.401080369949341,-1.5411021709442139,9.382440567016602
1700822868428776000,6.74077587890625,-2.353182792663574,-1.4780972003936768,9.40468978881836
1700822868438745000,6.7507451171875,-2.324191093444824,-1.407097339630127,9.422772407531738
1700822868448717000,6.760717041015625,-2.321763038635254,-1.3388795852661133,9.433302879333496
1700822868458810000,6.77081005859375,-2.340620994567871,-1.2972537279129028,9.434457778930664
1700822868468738000,6.780738037109375,-2.385230541229248,-1.2910876274108887,9.424127578735352
1700822868478852000,6.79085205078125,-2.432478427886963,-1.3813120126724243,9.399223327636719
1700822868488739000,6.800739013671875,-2.450746536254883,-1.507602334022522,9.375039100646973
1700822868498739000,6.810739013671875,-2.448740005493164,-1.6168551445007324,9.357343673706055
1700822868508941000,6.820941162109375,-2.4461026191711426,-1.6875907182693481,9.34553337097168
1700822868518963000,6.830962890625,-2.4406683444976807,-1.7106845378875732,9.342756271362305
1700822868528888000,6.84088818359375,-2.419497489929199,-1.7029043436050415,9.349679946899414
1700822868538888000,6.850887939453125,-2.37445068359375,-1.6878691911697388,9.363945007324219
1700822868548726000,6.86072607421875,-2.33137845993042,-1.6814935207366943,9.375907897949219
1700822868558953000,6.870952880859375,-2.307288646697998,-1.6788029670715332,9.382347106933594
1700822868568664000,6.8806640625,-2.309727191925049,-1.6770920753479004,9.382054328918457
1700822868578904000,6.890904052734375,-2.3131046295166016,-1.6805895566940308,9.380594253540039
1700822868588768000,6.90076806640625,-2.295233964920044,-1.6989374160766602,9.381680488586426
1700822868598816000,6.91081591796875,-2.2630484104156494,-1.7276839017868042,9.384246826171875
1700822868608861000,6.92086083984375,-2.2171833515167236,-1.760633111000061,9.38907241821289
1700822868618843000,6.9308427734375,-2.1496529579162598,-1.7794963121414185,9.401211738586426
1700822868629029000,6.941029052734375,-2.0836100578308105,-1.7709531784057617,9.417679786682129
1700822868638876000,6.9508759765625,-2.0067806243896484,-1.7430331707000732,9.43954849243164
1700822868649067000,6.96106689453125,-1.9328572750091553,-1.701887845993042,9.462454795837402
1700822868659163000,6.971162841796875,-1.8667384386062622,-1.6408426761627197,9.486478805541992
1700822868668986000,6.980986083984375,-1.8144932985305786,-1.5699855089187622,9.50858211517334
1700822868678675000,6.990675048828125,-1.783922791481018,-1.4900343418121338,9.527215003967285
1700822868688765000,7.000764892578125,-1.7915140390396118,-1.4022964239120483,9.53909969329834
1700822868698797000,7.010797119140625,-1.8258109092712402,-1.3369699716567993,9.541975021362305
1700822868709030000,7.02102978515625,-1.8519588708877563,-1.2964727878570557,9.542524337768555
1700822868718938000,7.030938232421875,-1.8685884475708008,-1.2347080707550049,9.547472953796387
1700822868728797000,7.040796875,-1.902889370918274,-1.1377204656600952,9.552750587463379
1700822868739226000,7.05122607421875,-1.9650498628616333,-1.0738667249679565,9.547553062438965
1700822868748661000,7.060660888671875,-2.0426247119903564,-1.0632412433624268,9.532449722290039
1700822868759189000,7.07118896484375,-2.0998966693878174,-1.075152039527893,9.518660545349121
1700822868768885000,7.080885009765625,-2.1330666542053223,-1.0682514905929565,9.512060165405273
1700822868778799000,7.090799072265625,-2.1591203212738037,-1.0180047750473022,9.511690139770508
1700822868788790000,7.1007900390625,-2.187298536300659,-0.8910042643547058,9.51799488067627
1700822868798936000,7.11093603515625,-2.2376480102539062,-0.7867059707641602,9.515483856201172
1700822868808963000,7.120963134765625,-2.3021535873413086,-0.715040385723114,9.505744934082031
1700822868818883000,7.130883056640625,-2.3678700923919678,-0.6912208199501038,9.49135684967041
1700822868828791000,7.140791015625,-2.4066176414489746,-0.6874722838401794,9.481877326965332
1700822868838938000,7.150938232421875,-2.4242560863494873,-0.6716253161430359,9.47851848602295
1700822868848890000,7.16089013671875,-2.422102689743042,-0.6391142010688782,9.481316566467285
1700822868858851000,7.17085107421875,-2.413372278213501,-0.5905454158782959,9.48669147491455
1700822868868969000,7.180968994140625,-2.4126639366149902,-0.5084437727928162,9.491622924804688
1700822868879042000,7.1910419921875,-2.4307312965393066,-0.41631725430488586,9.491504669189453
1700822868888983000,7.200983154296875,-2.460845947265625,-0.34031596779823303,9.486770629882812
1700822868898931000,7.210930908203125,-2.5021283626556396,-0.30418694019317627,9.477194786071777
1700822868908830000,7.220829833984375,-2.5548505783081055,-0.3002469837665558,9.46324634552002
1700822868919000000,7.231,-2.59556245803833,-0.28053954243659973,9.452764511108398
1700822868929049000,7.241049072265625,-2.6328999996185303,-0.24408961832523346,9.44344425201416
1700822868940344000,7.252343994140625,-2.665992021560669,-0.21061813831329346,9.434962272644043
1700822868948740000,7.260739990234375,-2.700035333633423,-0.17593349516391754,9.42598819732666
1700822868958788000,7.2707880859375,-2.7362709045410156,-0.14047113060951233,9.416129112243652
1700822868968746000,7.28074609375,-2.7784862518310547,-0.10306932777166367,9.404243469238281
1700822868978755000,7.290755126953125,-2.820688247680664,-0.060750238597393036,9.392041206359863
1700822868988660000,7.300659912109375,-2.8710715770721436,-0.0133490189909935,9.376947402954102
1700822868998801000,7.31080078125,-2.93428111076355,0.04284340888261795,9.357272148132324
1700822869008929000,7.320928955078125,-3.0038883686065674,0.10441431403160095,9.334675788879395
1700822869018811000,7.330810791015625,-3.075899124145508,0.16585984826087952,9.310304641723633
1700822869028648000,7.34064794921875,-3.1444284915924072,0.2185278981924057,9.286291122436523
1700822869038797000,7.350797119140625,-3.216850757598877,0.2658262252807617,9.26021671295166
1700822869048650000,7.36064990234375,-3.2869057655334473,0.30651918053627014,9.234322547912598
1700822869058928000,7.37092822265625,-3.356987476348877,0.35295361280441284,9.207413673400879
1700822869069101000,7.38110107421875,-3.424247980117798,0.4286375045776367,9.179389953613281
1700822869078723000,7.39072314453125,-3.4933419227600098,0.5230270028114319,9.14841079711914
1700822869088808000,7.400807861328125,-3.5716888904571533,0.6274979710578918,9.111515998840332
1700822869098647000,7.41064697265625,-3.659398078918457,0.7546992897987366,9.0669527053833
1700822869108655000,7.420655029296875,-3.754460096359253,0.8769868612289429,9.016946792602539
1700822869118679000,7.430678955078125,-3.8156187534332275,0.9857388734817505,8.97996711730957
1700822869128760000,7.440760009765625,-3.8417398929595947,1.0787276029586792,8.958113670349121
1700822869138756000,7.450756103515625,-3.858074188232422,1.1579095125198364,8.941192626953125
1700822869148831000,7.4608310546875,-3.878196954727173,1.2179615497589111,8.924489974975586
1700822869158645000,7.47064501953125,-3.893629550933838,1.2668976783752441,8.910950660705566
1700822869168734000,7.48073388671875,-3.901705265045166,1.3189970254898071,8.89985179901123
1700822869178847000,7.490846923828125,-3.9093971252441406,1.3764026165008545,8.887772560119629
1700822869188824000,7.500823974609375,-3.9067602157592773,1.4405092000961304,8.878769874572754
1700822869198786000,7.5107861328125,-3.886002779006958,1.5001167058944702,8.878008842468262
1700822869208733000,7.52073291015625,-3.867521286010742,1.5463523864746094,8.878145217895508
1700822869218752000,7.530751953125,-3.8453047275543213,1.5866283178329468,8.88068962097168
1700822869228849000,7.540848876953125,-3.8153908252716064,1.6184484958648682,8.887847900390625
1700822869238761000,7.550760986328125,-3.7692666053771973,1.656092882156372,8.900585174560547
1700822869248918000,7.56091796875,-3.72265625,1.7018626928329468,8.911561012268066
1700822869258774000,7.57077392578125,-3.6842496395111084,1.7506366968154907,8.918068885803223
1700822869268776000,7.58077587890625,-3.649634838104248,1.7962749004364014,8.923225402832031
1700822869278804000,7.590803955078125,-3.6206653118133545,1.8225260972976685,8.929702758789062
1700822869288769000,7.60076904296875,-3.593841075897217,1.8232769966125488,8.940377235412598
1700822869298883000,7.610883056640625,-3.567140817642212,1.7933719158172607,8.95710563659668
1700822869308773000,7.620773193359375,-3.5457518100738525,1.7410540580749512,8.975899696350098
1700822869318800000,7.6307998046875,-3.5268571376800537,1.6811609268188477,8.994742393493652
1700822869328837000,7.640837158203125,-3.4986021518707275,1.625631332397461,9.015958786010742
1700822869338783000,7.650782958984375,-3.4673383235931396,1.586706280708313,9.034951210021973
1700822869348794000,7.660794189453125,-3.441262722015381,1.563162088394165,9.049013137817383
1700822869358962000,7.6709619140625,-3.4259185791015625,1.5552523136138916,9.056195259094238
1700822869368624000,7.6806240234375,-3.4212357997894287,1.5615730285644531,9.056877136230469
1700822869378813000,7.69081298828125,-3.423516035079956,1.575031042098999,9.05368423461914
1700822869388871000,7.700870849609375,-3.434739589691162,1.5859458446502686,9.047528266906738
1700822869399014000,7.711013916015625,-3.455674171447754,1.5851982831954956,9.039682388305664
1700822869408826000,7.720826171875,-3.4762978553771973,1.569995403289795,9.034428596496582
1700822869418947000,7.730947021484375,-3.4831736087799072,1.5543632507324219,9.034480094909668
1700822869428757000,7.740757080078125,-3.492266893386841,1.5383549928665161,9.033712387084961
1700822869438800000,7.7507998046875,-3.503481149673462,1.5206793546676636,9.03236198425293
1700822869448912000,7.760911865234375,-3.50994873046875,1.50232994556427,9.03292179107666
1700822869458676000,7.770676025390625,-3.5112287998199463,1.4853951930999756,9.035224914550781
1700822869468853000,7.78085302734375,-3.518967866897583,1.470259666442871,9.034687995910645
1700822869478724000,7.79072412109375,-3.535069227218628,1.465100884437561,9.0292387008667
1700822869488822000,7.800822021484375,-3.3708174228668213,1.5439974069595337,9.078770637512207
1700822869498815000,7.81081494140625,-3.3990702629089355,1.5610004663467407,9.065320014953613
1700822869508822000,7.820822021484375,-3.4444384574890137,1.5779647827148438,9.045232772827148
1700822869518748000,7.830747802734375,-3.4931414127349854,1.5926704406738281,9.023955345153809
1700822869528613000,7.840613037109375,-3.5371856689453125,1.6039921045303345,9.004772186279297
1700822869538610000,7.85060986328125,-3.586926221847534,1.608048915863037,8.984349250793457
1700822869548739000,7.860739013671875,-3.635909080505371,1.5970509052276611,8.966604232788086
1700822869558973000,7.870972900390625,-3.6635687351226807,1.5629703998565674,8.961349487304688
1700822869568751000,7.880751220703125,-3.6563236713409424,1.5042040348052979,8.974355697631836
1700822869578738000,7.890738037109375,-3.6099727153778076,1.4299448728561401,9.005207061767578
1700822869589068000,7.901068115234375,-3.5496091842651367,1.3481372594833374,9.041748046875
1700822869598773000,7.91077294921875,-3.5232765674591064,1.2556138038635254,9.065337181091309
1700822869608713000,7.920712890625,-3.5088634490966797,1.1390023231506348,9.086305618286133
1700822869618890000,7.930889892578125,-3.4707350730895996,1.0137571096420288,9.115740776062012
1700822869628810000,7.94081005859375,-3.4216036796569824,0.884612500667572,9.147703170776367
1700822869638910000,7.950909912109375,-3.3837854862213135,0.7675780653953552,9.172308921813965
1700822869649009000,7.9610087890625,-3.3557722568511963,0.6569473743438721,9.191168785095215
1700822869658754000,7.970754150390625,-3.3467719554901123,0.5731634497642517,9.200055122375488
1700822869668701000,7.980700927734375,-3.366726875305176,0.497013121843338,9.197200775146484
1700822869678813000,7.99081298828125,-3.4045097827911377,0.43279463052749634,9.18653392791748
1700822869688813000,8.00081298828125,-3.4358863830566406,0.3566191494464874,9.178120613098145
1700822869698888000,8.010887939453125,-3.446617603302002,0.26900514960289,9.177083969116211
1700822869708763000,8.020762939453125,-3.443260669708252,0.1798948049545288,9.180521011352539
1700822869718789000,8.0307890625,-3.444532632827759,0.13698738813400269,9.180785179138184
1700822869728903000,8.04090283203125,-3.4461138248443604,0.12989187240600586,9.18029499053955
1700822869738675000,8.050675048828126,-3.4504339694976807,0.13407529890537262,9.17861270904541
1700822869748844000,8.060843994140624,-3.460678815841675,0.1297471970319748,9.174816131591797
1700822869758801000,8.07080078125,-3.468292236328125,0.10014642775058746,9.17231273651123
1700822869768775000,8.08077490234375,-3.488649368286133,0.03779664635658264,9.165060043334961
1700822869779320000,8.091320068359375,-3.5329701900482178,-0.04264993220567703,9.148045539855957
1700822869788884000,8.100884033203124,-3.582759141921997,-0.1259206235408783,9.12789249420166
1700822869798739000,8.110739013671875,-3.6112430095672607,-0.19857466220855713,9.11536693572998
1700822869809210000,8.121210205078125,-3.6204864978790283,-0.2479071319103241,9.110488891601562
1700822869818818000,8.130818115234375,-3.6160922050476074,-0.28941842913627625,9.111010551452637
1700822869829003000,8.1410029296875,-3.607405424118042,-0.3148784339427948,9.113608360290527
1700822869838935000,8.15093505859375,-3.5932817459106445,-0.3486217260360718,9.117961883544922
1700822869848809000,8.16080908203125,-3.573695659637451,-0.363659143447876,9.125068664550781
1700822869858869000,8.170868896484375,-3.544983386993408,-0.3507777154445648,9.136765480041504
1700822869868855000,8.18085498046875,-3.5071921348571777,-0.30453357100486755,9.152993202209473
1700822869878875000,8.190875,-3.4683682918548584,-0.24127252399921417,9.169657707214355
1700822869888805000,8.20080517578125,-3.431539297103882,-0.17801526188850403,9.184946060180664
1700822869898940000,8.21093994140625,-3.411649227142334,-0.1390913724899292,9.193022727966309
1700822869909161000,8.221160888671875,-3.4143261909484863,-0.1281944215297699,9.19218635559082
1700822869918880000,8.2308798828125,-3.449565887451172,-0.1519412100315094,9.178661346435547
1700822869928827000,8.240826904296876,-3.510809898376465,-0.19977350533008575,9.154489517211914
1700822869938706000,8.250705810546876,-3.589689254760742,-0.2568371593952179,9.122421264648438
1700822869948735000,8.26073486328125,-3.6621642112731934,-0.3100663721561432,9.091907501220703
1700822869958677000,8.270677001953125,-3.7094292640686035,-0.3534352481365204,9.071141242980957
1700822869968875000,8.280875,-3.7266385555267334,-0.3882274627685547,9.062661170959473
1700822869978676000,8.290676025390624,-3.7259085178375244,-0.4239148497581482,9.06136417388916
1700822869988752000,8.300751953125,-3.713961601257324,-0.4622010588645935,9.064395904541016
1700822869998773000,8.31077294921875,-3.6929497718811035,-0.48747342824935913,9.071653366088867
1700822870008804000,8.32080419921875,-3.66989803314209,-0.494676798582077,9.080611228942871
1700822870018812000,8.33081201171875,-3.647538185119629,-0.48485448956489563,9.09014892578125
1700822870028670000,8.340669921875,-3.6319425106048584,-0.46495237946510315,9.097427368164062
1700822870038802000,8.350802001953125,-3.620741367340088,-0.44968029856681824,9.10265827178955
1700822870049048000,8.361048095703126,-3.6115479469299316,-0.4402090013027191,9.10677433013916
1700822870058880000,8.3708798828125,-3.599827766418457,-0.440339058637619,9.111407279968262
1700822870068615000,8.380614990234376,-3.5821611881256104,-0.4542015790939331,9.117687225341797
1700822870078912000,8.390912109375,-3.5736308097839355,-0.4796539843082428,9.119731903076172
1700822870088713000,8.400712890625,-3.5540122985839844,-0.5054144859313965,9.126006126403809
1700822870098745000,8.4107451171875,-3.530830144882202,-0.5227706432342529,9.134023666381836
1700822870108760000,8.420760009765624,-3.496861457824707,-0.5330278873443604,9.146489143371582
1700822870118756000,8.430756103515625,-3.446953058242798,-0.5454837083816528,9.164681434631348
1700822870128742000,8.440741943359376,-3.3871190547943115,-0.5664087533950806,9.185696601867676
1700822870138620000,8.450619873046875,-3.321251153945923,-0.6083744764328003,9.207037925720215
1700822870148750000,8.46075,-3.256429433822632,-0.6880430579185486,9.224566459655762
1700822870159106000,8.47110595703125,-3.2018637657165527,-0.812753438949585,9.2335205078125
1700822870168703000,8.480702880859376,-3.159034013748169,-0.9601420760154724,9.234124183654785
1700822870178974000,8.490973876953126,-3.1151411533355713,-1.132034182548523,9.229559898376465
1700822870188892000,8.500891845703125,-3.0607588291168213,-1.3069462776184082,9.224642753601074
1700822870198863000,8.510863037109376,-2.9846131801605225,-1.480614423751831,9.223353385925293
1700822870208691000,8.52069091796875,-2.88346004486084,-1.639685034751892,9.22862434387207
1700822870218775000,8.530775146484375,-2.725764751434326,-1.7862744331359863,9.249317169189453
1700822870228741000,8.5407412109375,-2.500180721282959,-1.9058575630187988,9.28908920288086
1700822870238793000,8.55079296875,-2.199472427368164,-1.9895479679107666,9.347428321838379
1700822870248626000,8.5606259765625,-1.8123036623001099,-2.018732786178589,9.423938751220703
1700822870258675000,8.570675048828125,-1.3520798683166504,-2.054875612258911,9.493143081665039
1700822870268612000,8.580612060546875,-0.942347526550293,-2.143091917037964,9.52310562133789
1700822870278843000,8.5908427734375,-0.6877546310424805,-2.248149871826172,9.520673751831055
1700822870288724000,8.600723876953126,-0.5400371551513672,-2.323674440383911,9.512060165405273
1700822870299022000,8.61102197265625,-0.41060733795166016,-2.3394460678100586,9.514662742614746
1700822870308920000,8.620920166015624,-0.2892646789550781,-2.2808611392974854,9.533330917358398
1700822870318842000,8.630842041015624,-0.10908055305480957,-2.1316592693328857,9.571547508239746
1700822870328596000,8.640595947265625,0.09252776950597763,-1.9015716314315796,9.620074272155762
1700822870338747000,8.650746826171876,0.31607291102409363,-1.5898802280426025,9.671751976013184
1700822870348822000,8.660822021484375,0.4990116059780121,-1.2817723751068115,9.709709167480469
1700822870358836000,8.6708359375,0.6419336199760437,-1.0268012285232544,9.731597900390625
1700822870368844000,8.680843994140625,0.7188076376914978,-0.8685784935951233,9.741625785827637
1700822870378773000,8.69077294921875,0.7406740188598633,-0.8429408073425293,9.742240905761719
1700822870388782000,8.700781982421875,0.733395516872406,-0.9022238850593567,9.737480163574219
1700822870398773000,8.71077294921875,0.6896639466285706,-0.9707476496696472,9.734084129333496
1700822870408942000,8.720942138671875,0.6273235082626343,-1.0121195316314697,9.734088897705078
1700822870418708000,8.7307080078125,0.5957464575767517,-1.024015188217163,9.734827995300293
1700822870428820000,8.740820068359374,0.6360317468643188,-1.0186024904251099,9.732847213745117
1700822870438829000,8.7508291015625,0.7254998087882996,-1.0061711072921753,9.72788143157959
1700822870449107000,8.76110693359375,0.8074159026145935,-0.9923796653747559,9.7228422164917
1700822870458827000,8.770826904296875,0.8570154905319214,-0.982942521572113,9.719554901123047
1700822870468717000,8.780717041015626,0.8782681226730347,-0.9812775254249573,9.717826843261719
1700822870478881000,8.790881103515625,0.8889724612236023,-0.9845383167266846,9.716523170471191
1700822870489058000,8.80105810546875,0.9074679017066956,-0.9898232221603394,9.714275360107422
1700822870498671000,8.810671142578125,0.9345324635505676,-0.995975911617279,9.711080551147461
1700822870508771000,8.82077099609375,0.9564327001571655,-0.9954603910446167,9.709001541137695
1700822870518754000,8.830754150390625,0.9681114554405212,-0.9962798953056335,9.707759857177734
1700822870528749000,8.8407490234375,0.9688485264778137,-0.997795820236206,9.70753002166748
1700822870538595000,8.850594970703124,0.9658172130584717,-0.9984946250915527,9.70776081085205
1700822870548602000,8.86060205078125,0.9640151262283325,-0.9962886571884155,9.708165168762207
1700822870558717000,8.870717041015626,0.8720043897628784,-0.6602747440338135,9.745461463928223
1700822870568754000,8.88075390625,0.8757558465003967,-0.5446338057518005,9.75227165222168
1700822870578880000,8.8908798828125,0.9045873880386353,-0.5167065262794495,9.751160621643066
1700822870588804000,8.90080419921875,0.9464707374572754,-0.5035614967346191,9.747871398925781
1700822870598941000,8.91094091796875,0.9872767925262451,-0.49972793459892273,9.744022369384766
1700822870608779000,8.920779052734375,1.01900053024292,-0.5072425603866577,9.74036693572998
1700822870618811000,8.930810791015626,1.0451619625091553,-0.5200587511062622,9.736918449401855
1700822870628888000,8.94088818359375,1.067068099975586,-0.5400964617729187,9.733451843261719
1700822870638696000,8.950696044921875,1.0825679302215576,-0.5655190944671631,9.730294227600098
1700822870648874000,8.9608740234375,1.0914034843444824,-0.5775935649871826,9.728598594665527
1700822870658870000,8.9708701171875,1.0944582223892212,-0.590848445892334,9.727458000183105
1700822870668855000,8.98085498046875,1.0963573455810547,-0.6049877405166626,9.726375579833984
1700822870678945000,8.990945068359375,1.099320888519287,-0.6215817332267761,9.724995613098145
1700822870688679000,9.000678955078126,1.1047189235687256,-0.6396166086196899,9.723214149475098
1700822870698978000,9.01097802734375,1.1144769191741943,-0.6577721238136292,9.7208890914917
1700822870708963000,9.020963134765625,1.1293903589248657,-0.6731845140457153,9.718111038208008
1700822870718979000,9.03097900390625,1.145955204963684,-0.6811386942863464,9.715618133544922
1700822870728979000,9.04097900390625,1.1663473844528198,-0.6888356804847717,9.712648391723633
1700822870738724000,9.05072412109375,1.1791092157363892,-0.7631015181541443,9.705554008483887
1700822870748987000,9.06098681640625,1.1716078519821167,-0.827335774898529,9.70119857788086
1700822870758843000,9.0708427734375,1.1599928140640259,-0.8798606395721436,9.69797134399414
1700822870768818000,9.08081787109375,1.1438205242156982,-0.93152916431427,9.695067405700684
1700822870778826000,9.090825927734375,1.1340125799179077,-0.9843565225601196,9.690999031066895
1700822870788644000,9.10064404296875,1.1285276412963867,-1.0157181024551392,9.68840217590332
1700822870798714000,9.110714111328125,1.0576181411743164,-1.013087511062622,9.696674346923828
1700822870808701000,9.120700927734376,1.072121262550354,-1.0172580480575562,9.694644927978516
1700822870818917000,9.130917236328125,1.0784294605255127,-1.0186880826950073,9.693795204162598
1700822870828780000,9.140780029296875,1.0923048257827759,-1.0230571031570435,9.691781997680664
1700822870838806000,9.150805908203125,1.1139484643936157,-1.0312153100967407,9.68845272064209
1700822870848791000,9.160791015625,1.1343945264816284,-1.0440113544464111,9.684709548950195
1700822870858824000,9.170823974609375,1.2210782766342163,-1.0009204149246216,9.678714752197266
1700822870868846000,9.18084619140625,1.2638038396835327,-1.0115352869033813,9.672124862670898
1700822870878835000,9.1908349609375,1.2935174703598022,-1.0287748575210571,9.666377067565918
1700822870888840000,9.20083984375,1.2975726127624512,-1.057279109954834,9.662757873535156
1700822870898759000,9.210759033203125,1.2760475873947144,-1.0916416645050049,9.661802291870117
1700822870908832000,9.22083203125,1.249335527420044,-1.1132560968399048,9.662827491760254
1700822870918817000,9.230817138671876,1.225463628768921,-1.127009630203247,9.664288520812988
1700822870934027000,9.246027099609375,1.2102134227752686,-1.134827971458435,9.665295600891113
1700822870948847000,9.26084716796875,1.203446388244629,-1.1360893249511719,9.665992736816406
1700822870958768000,9.27076806640625,1.2126410007476807,-1.1384583711624146,9.664565086364746
1700822870968835000,9.2808349609375,1.2132365703582764,-1.1440820693969727,9.663827896118164
1700822870978857000,9.29085693359375,1.2060787677764893,-1.1541438102722168,9.663524627685547
1700822870988829000,9.300828857421875,1.1814613342285156,-1.1614160537719727,9.665696144104004
1700822870998787000,9.310787109375,1.1435942649841309,-1.1683000326156616,9.669418334960938
1700822871008857000,9.320857177734375,1.096598744392395,-1.163791537284851,9.675405502319336
1700822871018820000,9.330820068359374,1.0649316310882568,-1.1550763845443726,9.679984092712402
1700822871029294000,9.341294189453125,1.0551655292510986,-1.1496721506118774,9.6816987991333
1700822871038951000,9.350950927734376,1.0648399591445923,-1.1531991958618164,9.680219650268555
1700822871048793000,9.36079296875,1.0805144309997559,-1.1678283214569092,9.676728248596191
1700822871058863000,9.370863037109375,1.0906599760055542,-1.195909857749939,9.672158241271973
1700822871068769000,9.38076904296875,1.0821318626403809,-1.2364684343338013,9.66801643371582
1700822871078785000,9.390784912109375,1.0657488107681274,-1.285733938217163,9.663409233093262
1700822871088901000,9.400901123046875,1.053006887435913,-1.3411539793014526,9.657269477844238
1700822871098809000,9.41080908203125,1.0461041927337646,-1.395089864730835,9.65037727355957
1700822871108766000,9.420765869140626,1.0571995973587036,-1.4417258501052856,9.642311096191406
1700822871118900000,9.43089990234375,1.106894850730896,-1.4738211631774902,9.631875991821289
1700822871128893000,9.440892822265624,1.161573886871338,-1.4864952564239502,9.623486518859863
1700822871138671000,9.450671142578125,1.2140285968780518,-1.496142864227295,9.615513801574707
1700822871148698000,9.460697998046875,1.2697598934173584,-1.5074381828308105,9.606546401977539
1700822871158771000,9.47077099609375,1.3402049541473389,-1.5158441066741943,9.595647811889648
1700822871168645000,9.48064501953125,1.4198235273361206,-1.5210548639297485,9.583366394042969
1700822871178798000,9.490798095703125,1.5013278722763062,-1.5199401378631592,9.571111679077148
1700822871189155000,9.501155029296875,1.5784491300582886,-1.5101044178009033,9.56025505065918
1700822871198787000,9.510787109375,1.6454271078109741,-1.4880661964416504,9.552413940429688
1700822871208924000,9.520923828125,1.7140344381332397,-1.4563219547271729,9.54524040222168
1700822871218853000,9.53085302734375,1.7801237106323242,-1.4223688840866089,9.538259506225586
1700822871228849000,9.540848876953126,1.8529949188232422,-1.387810230255127,9.529468536376953
1700822871238865000,9.550864990234375,1.9211045503616333,-1.3495888710021973,9.521468162536621
1700822871248853000,9.56085302734375,1.9776912927627563,-1.3069541454315186,9.515830993652344
1700822871258831000,9.5708310546875,2.0418541431427,-1.2641416788101196,9.508057594299316
1700822871268776000,9.58077587890625,2.095424175262451,-1.2386267185211182,9.499755859375
1700822871278823000,9.590822998046875,2.116981267929077,-1.236353874206543,9.495274543762207
1700822871288812000,9.60081201171875,2.122565269470215,-1.2513359785079956,9.492063522338867
1700822871298651000,9.61065087890625,2.1086490154266357,-1.268273949623108,9.492916107177734
1700822871308831000,9.6208310546875,2.1023521423339844,-1.2737886905670166,9.493576049804688
1700822871318986000,9.630986083984375,2.1123149394989014,-1.2590961456298828,9.49332332611084
1700822871328864000,9.640864013671875,2.118842124938965,-1.2225995063781738,9.496638298034668
1700822871338686000,9.65068603515625,2.1117610931396484,-1.1584359407424927,9.506254196166992
1700822871348822000,9.660822021484375,2.0917046070098877,-1.0844093561172485,9.519411087036133
1700822871358834000,9.670833984375,2.056643009185791,-1.0159776210784912,9.534590721130371
1700822871368905000,9.680905029296875,2.01094126701355,-0.9692834615707397,9.549187660217285
1700822871378916000,9.690916015625,1.9816163778305054,-0.9289706945419312,9.559321403503418
1700822871388662000,9.700662109375,1.9800132513046265,-0.8836410641670227,9.563947677612305
1700822871398904000,9.710904052734374,1.995811104774475,-0.8327925801277161,9.565227508544922
1700822871408849000,9.720848876953125,2.0199148654937744,-0.7615288496017456,9.566108703613281
1700822871418912000,9.730912109375,2.038534164428711,-0.6860235333442688,9.567872047424316
1700822871428876000,9.7408759765625,2.043759822845459,-0.6283286213874817,9.570718765258789
1700822871438868000,9.750867919921875,2.0382978916168213,-0.6042302250862122,9.573434829711914
1700822871449329000,9.761328857421875,2.024994373321533,-0.6127198338508606,9.575716972351074
1700822871458740000,9.770739990234375,2.0175693035125732,-0.6425380110740662,9.57533073425293
1700822871468712000,9.7807119140625,2.0177628993988037,-0.6747586131095886,9.57307243347168
1700822871478757000,9.790757080078125,2.03136944770813,-0.6891761422157288,9.569168090820312
1700822871488884000,9.800884033203126,2.050377368927002,-0.6882420778274536,9.565179824829102
1700822871498830000,9.810830078125,2.062991142272949,-0.6889373660087585,9.562417984008789
1700822871508820000,9.820820068359374,2.063476085662842,-0.7087424397468567,9.56086540222168
1700822871518815000,9.83081494140625,2.055065393447876,-0.7475102543830872,9.559723854064941
1700822871528751000,9.840751220703124,2.0522613525390625,-0.7824535965919495,9.557531356811523
1700822871538869000,9.850868896484375,2.0530741214752197,-0.8144438862800598,9.554682731628418
1700822871548740000,9.860739990234375,2.0610485076904297,-0.8470751047134399,9.550127029418945
1700822871558903000,9.870903076171874,2.0711123943328857,-0.8813485503196716,9.54484748840332
1700822871568634000,9.880634033203124,2.068169116973877,-0.9127034544944763,9.5425386428833
1700822871578652000,9.89065185546875,2.0469069480895996,-0.9356740117073059,9.54489803314209
1700822871588618000,9.900617919921874,2.0024948120117188,-0.9075480103492737,9.557027816772461
1700822871598755000,9.910755126953125,1.947426438331604,-0.8731982707977295,9.571595191955566
1700822871608636000,9.920635986328126,1.8964415788650513,-0.8394479751586914,9.584845542907715
1700822871618820000,9.930820068359376,1.8505662679672241,-0.8067966103553772,9.59660816192627
1700822871628828000,9.940827880859375,1.821390986442566,-0.7991337776184082,9.602828979492188
1700822871639068000,9.95106787109375,1.7865344285964966,-0.7963312864303589,9.609607696533203
1700822871649039000,9.9610390625,1.73421311378479,-0.8005693554878235,9.618833541870117
1700822871658734000,9.970734130859375,1.6692577600479126,-0.8063958883285522,9.629834175109863
1700822871668722000,9.980721923828124,1.6121418476104736,-0.8175622820854187,9.638618469238281
1700822871678612000,9.990612060546875,1.557125449180603,-0.8224383592605591,9.647246360778809
1700822871688918000,10.00091796875,1.49905264377594,-0.8243585228919983,9.656274795532227
1700822871698730000,10.01072998046875,1.4362766742706299,-0.8294277787208557,9.665379524230957
1700822871708737000,10.020737060546875,1.3850210905075073,-0.840060830116272,9.6719388961792
1700822871718763000,10.030762939453124,1.347977876663208,-0.8461241126060486,9.676643371582031
1700822871728775000,10.04077490234375,1.3164350986480713,-0.8432853817939758,9.681232452392578
1700822871738713000,10.050713134765624,1.2864996194839478,-0.8336381316184998,9.686091423034668
1700822871749155000,10.061155029296875,1.2857164144515991,-0.8185299634933472,9.687484741210938
1700822871758794000,10.0707939453125,1.2915161848068237,-0.7902195453643799,9.68906307220459
1700822871768928000,10.080927978515625,1.254846453666687,-0.7516513466835022,9.696946144104004
1700822871778972000,10.090971923828125,1.1750202178955078,-0.7191416621208191,9.709405899047852
1700822871789513000,10.101512939453125,1.0926451683044434,-0.6984174251556396,9.720528602600098
1700822871799365000,10.111365234375,1.0451159477233887,-0.6839593052864075,9.726783752441406
1700822871808897000,10.12089697265625,1.0068461894989014,-0.6568246483802795,9.732688903808594
1700822871818835000,10.1308349609375,0.9414572715759277,-0.5810492634773254,9.744047164916992
1700822871828950000,10.140949951171875,0.8765432238578796,-0.4820496439933777,9.755495071411133
1700822871839327000,10.151326904296875,0.8316706418991089,-0.429731160402298,9.761866569519043
1700822871848773000,10.160773193359375,0.8007596135139465,-0.4400327503681183,9.763991355895996
1700822871858846000,10.170845947265626,0.7518944144248962,-0.49401161074638367,9.765295028686523
1700822871868813000,10.18081298828125,0.6886720061302185,-0.5889081358909607,9.76469612121582
1700822871878875000,10.190875,0.6511999368667603,-0.6981076598167419,9.76007080078125
1700822871888930000,10.200929931640625,0.6614782810211182,-0.7897139191627502,9.752392768859863
1700822871898678000,10.210677978515625,0.6995559334754944,-0.7981123328208923,9.749051094055176
1700822871908863000,10.220863037109375,0.7675484418869019,-0.7371498942375183,9.748735427856445
1700822871919023000,10.231023193359375,0.8450825214385986,-0.6022415161132812,9.751591682434082
1700822871928883000,10.240883056640625,0.9319060444831848,-0.4379889667034149,9.752440452575684
1700822871939037000,10.251036865234376,1.0159590244293213,-0.28682783246040344,9.749664306640625
1700822871953821000,10.265821044921875,1.0807058811187744,-0.1650046855211258,9.745523452758789
1700822871968885000,10.280885009765624,1.09500253200531,-0.03864069655537605,9.745248794555664
1700822871978707000,10.29070703125,1.084043264389038,-0.017207594588398933,9.74653434753418
1700822871988836000,10.300836181640625,1.0746331214904785,0.010043986141681671,9.747586250305176
1700822871998814000,10.31081396484375,1.0712480545043945,0.07431246340274811,9.747681617736816
1700822872008818000,10.32081787109375,1.0795000791549683,0.19260479509830475,9.745150566101074
1700822872018821000,10.330821044921874,1.0997511148452759,0.3639508783817291,9.737990379333496
1700822872028942000,10.340942138671876,1.1500128507614136,0.5619855523109436,9.722759246826172
1700822872038842000,10.350842041015625,1.2051020860671997,0.7512351274490356,9.703285217285156
1700822872048642000,10.36064208984375,1.2235465049743652,0.8937245011329651,9.688888549804688
1700822872058646000,10.37064599609375,1.2109090089797974,0.9589759111404419,9.684237480163574
1700822872068883000,10.380883056640625,1.1960872411727905,0.9677695035934448,9.685203552246094
1700822872079270000,10.391269775390626,1.2083038091659546,0.9463614821434021,9.685802459716797
1700822872088893000,10.400892822265625,1.2414679527282715,0.9330819249153137,9.682896614074707
1700822872098752000,10.410751953125,1.2785229682922363,0.9538655877113342,9.676046371459961
1700822872108731000,10.42073095703125,1.333410620689392,1.0108457803726196,9.66284465789795
1700822872118666000,10.430666015625,1.4281915426254272,1.0785027742385864,9.64196491241455
1700822872128823000,10.440822998046874,1.568519949913025,1.1110985279083252,9.616423606872559
1700822872139324000,10.451323974609375,1.6641783714294434,1.1367708444595337,9.597325325012207
1700822872148761000,10.460760986328125,1.6705589294433594,1.162427544593811,9.593140602111816
1700822872158768000,10.47076806640625,1.6335450410842896,1.1725410223007202,9.598284721374512
1700822872168982000,10.48098193359375,1.6258094310760498,1.1710383892059326,9.599781036376953
1700822872178884000,10.490884033203125,1.6553926467895508,1.170693278312683,9.594765663146973
1700822872188719000,10.500718994140625,1.6986702680587769,1.1788476705551147,9.586200714111328
1700822872198724000,10.51072412109375,1.7294474840164185,1.172455906867981,9.581480026245117
1700822872208781000,10.520781005859375,1.76439368724823,1.1082216501235962,9.582751274108887
1700822872218991000,10.5309912109375,1.803985834121704,1.0042381286621094,9.586841583251953
1700822872228797000,10.540796875,1.838687777519226,0.8595902919769287,9.594305992126465
1700822872239226000,10.55122607421875,1.8863431215286255,0.7023071646690369,9.597857475280762
1700822872248774000,10.56077392578125,1.9536997079849243,0.5446887612342834,9.594622611999512
1700822872258819000,10.570819091796874,2.0277445316314697,0.4354524612426758,9.584832191467285
1700822872268899000,10.580899169921874,2.1032700538635254,0.36256372928619385,9.571582794189453
1700822872278808000,10.59080810546875,2.182751417160034,0.32438188791275024,9.555142402648926
1700822872288810000,10.60081005859375,2.2682971954345703,0.31395167112350464,9.535548210144043
1700822872298753000,10.6107529296875,2.382734537124634,0.3410106599330902,9.506665229797363
1700822872308916000,10.620916015625,2.5665760040283203,0.41963762044906616,9.455526351928711
1700822872318779000,10.63077880859375,2.786304235458374,0.5264397263526917,9.38774585723877
1700822872328879000,10.640879150390624,3.0255393981933594,0.6342015862464905,9.306680679321289
1700822872338797000,10.650797119140625,3.2338826656341553,0.7206175923347473,9.230010986328125
1700822872348923000,10.6609228515625,3.386932134628296,0.7744839191436768,9.170565605163574
1700822872358793000,10.67079296875,3.515829086303711,0.7967512607574463,9.120006561279297
1700822872368801000,10.680801025390625,3.5975706577301025,0.7775026559829712,9.089738845825195
1700822872379037000,10.691036865234375,3.6274657249450684,0.7092185616493225,9.083439826965332
1700822872388883000,10.700883056640626,3.60178804397583,0.6045642495155334,9.10120964050293
1700822872398906000,10.710906005859375,3.5310044288635254,0.49620121717453003,9.135435104370117
1700822872408856000,10.72085595703125,3.389167070388794,0.42887482047080994,9.192388534545898
1700822872418860000,10.730860107421876,3.1417782306671143,0.4242480397224426,9.28006649017334
1700822872428787000,10.740786865234375,2.83892822265625,0.4702093005180359,9.374955177307129
1700822872439029000,10.751029052734374,2.6522467136383057,0.5230562090873718,9.426685333251953
1700822872448982000,10.76098193359375,2.6144416332244873,0.5769555568695068,9.434099197387695
1700822872458854000,10.77085400390625,2.6239778995513916,0.6212667226791382,9.428635597229004
1700822872468632000,10.780632080078124,2.6321985721588135,0.6494640111923218,9.424442291259766
1700822872478780000,10.79077978515625,2.6437385082244873,0.6628270745277405,9.420280456542969
1700822872488753000,10.8007529296875,2.654538869857788,0.6603741645812988,9.4174165725708
1700822872498882000,10.810882080078125,2.648793935775757,0.6474725604057312,9.419929504394531
1700822872508700000,10.820699951171875,2.6139156818389893,0.606702446937561,9.432376861572266
1700822872518654000,10.830654052734374,2.5460100173950195,0.5492851734161377,9.454444885253906
1700822872528868000,10.8408681640625,2.4939022064208984,0.5088616609573364,9.470582008361816
1700822872538769000,10.850768798828126,2.479896306991577,0.4801683723926544,9.47575569152832
1700822872548960000,10.8609599609375,2.506531238555908,0.46273764967918396,9.469614028930664
1700822872558880000,10.8708798828125,2.5618746280670166,0.45138007402420044,9.455339431762695
1700822872568627000,10.880626953125,2.60599946975708,0.4351710081100464,9.444034576416016
1700822872581018000,10.89301806640625,2.6266424655914307,0.4031403660774231,9.439736366271973
1700822872598675000,10.910675048828125,2.607191801071167,0.32362112402915955,9.448185920715332
1700822872608764000,10.920763916015625,2.56794810295105,0.30520081520080566,9.459538459777832
1700822872618663000,10.930662841796876,2.512131690979004,0.3109767436981201,9.474327087402344
1700822872628770000,10.94077001953125,2.4502830505371094,0.33273500204086304,9.48977279663086
1700822872638761000,10.950760986328126,2.4027974605560303,0.36361968517303467,9.500774383544922
1700822872648893000,10.960892822265626,2.379102945327759,0.3978855311870575,9.505364418029785
1700822872658844000,10.970843994140624,2.380476236343384,0.4255295991897583,9.503822326660156
1700822872668711000,10.9807109375,2.4028780460357666,0.4530778229236603,9.496910095214844
1700822872678739000,10.990739013671876,2.442009210586548,0.4781184494495392,9.48569393157959
1700822872688828000,11.000827880859376,2.4834961891174316,0.5018199682235718,9.473691940307617
1700822872698840000,11.010840087890625,2.50895619392395,0.526862621307373,9.465619087219238
1700822872708734000,11.02073388671875,2.5132062435150146,0.5500155091285706,9.463174819946289
1700822872718738000,11.030738037109375,2.5182011127471924,0.574165940284729,9.460411071777344
1700822872728741000,11.0407412109375,2.5383684635162354,0.5887172818183899,9.45412540435791
1700822872738752000,11.050751953125,2.5701217651367188,0.5849786996841431,9.445773124694824
1700822872748722000,11.060721923828124,2.5969808101654053,0.5538105368614197,9.440305709838867
1700822872758861000,11.070861083984376,2.631161689758301,0.5282026529312134,9.432305335998535
1700822872768847000,11.08084716796875,2.669461488723755,0.5060118436813354,9.42275619506836
1700822872778878000,11.0908779296875,2.7030704021453857,0.4918775260448456,9.413918495178223
1700822872788858000,11.100858154296875,2.725257396697998,0.47694501280784607,9.40828800201416
1700822872799039000,11.1110390625,2.7329459190368652,0.45672670006752014,9.407061576843262
1700822872808998000,11.120997802734376,2.7207608222961426,0.4358464181423187,9.411581993103027
1700822872818883000,11.130883056640625,2.684161424636841,0.42695584893226624,9.422492980957031
1700822872828933000,11.14093310546875,2.604318141937256,0.43916356563568115,9.444313049316406
1700822872838848000,11.150847900390625,2.510221004486084,0.48451751470565796,9.467545509338379
1700822872848810000,11.16081005859375,2.396700143814087,0.5704653263092041,9.492143630981445
1700822872858826000,11.170825927734375,2.279897451400757,0.675936758518219,9.513967514038086
1700822872868871000,11.180870849609375,2.185283899307251,0.7895829677581787,9.5274076461792
1700822872878838000,11.190838134765626,2.1132421493530273,0.9119421243667603,9.532731056213379
1700822872888821000,11.200821044921875,2.044048547744751,1.0366028547286987,9.535079002380371
1700822872899007000,11.211007080078126,1.9457948207855225,1.1709034442901611,9.540085792541504
1700822872908964000,11.220964111328126,1.8095619678497314,1.2757939100265503,9.553441047668457
1700822872918840000,11.230840087890625,1.7726044654846191,1.2790294885635376,9.559935569763184
1700822872928953000,11.240953125,1.823876976966858,1.2273352146148682,9.55706787109375
1700822872940529000,11.25252880859375,1.8596733808517456,1.1877321004867554,9.55517292022705
1700822872949010000,11.261010009765625,1.8833461999893188,1.1546040773391724,9.554594039916992
1700822872958854000,11.27085400390625,1.91659677028656,1.1260393857955933,9.5513916015625
1700822872969040000,11.281039794921876,1.962478518486023,1.103858470916748,9.544661521911621
1700822872978646000,11.29064599609375,1.9848905801773071,1.0858298540115356,9.542095184326172
1700822872988739000,11.300739013671874,1.9511092901229858,1.0633996725082397,9.551584243774414
1700822872998674000,11.310673828125,1.8949986696243286,1.0407301187515259,9.565367698669434
1700822873010367000,11.322366943359375,1.869209885597229,1.0341005325317383,9.571159362792969
1700822873018649000,11.330649169921875,1.8846523761749268,1.051008701324463,9.56628704071045
1700822873028620000,11.3406201171875,1.9140511751174927,1.091153621673584,9.555950164794922
1700822873038773000,11.35077294921875,1.9165078401565552,1.1371593475341797,9.550092697143555
1700822873048753000,11.3607529296875,1.8863898515701294,1.1677324771881104,9.552399635314941
1700822873058755000,11.370755126953124,1.84496009349823,1.1744909286499023,9.559659957885742
1700822873068862000,11.380862060546875,1.8237839937210083,1.1708829402923584,9.564165115356445
1700822873078915000,11.3909150390625,1.8399428129196167,1.1775301694869995,9.560254096984863
1700822873088940000,11.40093994140625,1.9064342975616455,1.2121835947036743,9.542876243591309
1700822873098889000,11.410888916015624,2.024540424346924,1.278817892074585,9.509799003601074
1700822873108891000,11.420890869140624,2.1437723636627197,1.35780668258667,9.472644805908203
1700822873118904000,11.430904052734375,2.231102466583252,1.4325065612792969,9.441425323486328
1700822873128964000,11.440964111328125,2.2870676517486572,1.4884982109069824,9.419346809387207
1700822873138783000,11.450782958984375,2.3199961185455322,1.5088602304458618,9.40804672241211
1700822873148965000,11.460965087890624,2.3392534255981445,1.523848056793213,9.400860786437988
1700822873158941000,11.47094091796875,2.3333308696746826,1.5435484647750854,9.399116516113281
1700822873168799000,11.480799072265626,2.3058173656463623,1.5658999681472778,9.402210235595703
1700822873178953000,11.490952880859375,2.294865131378174,1.5852999687194824,9.40163803100586
1700822873188915000,11.5009150390625,2.3264427185058594,1.5947257280349731,9.392278671264648
1700822873198841000,11.510841064453125,2.370500326156616,1.6032570600509644,9.379802703857422
1700822873208861000,11.52086083984375,2.4022903442382812,1.6148747205734253,9.36971664428711
1700822873218826000,11.530825927734375,2.425107717514038,1.6267305612564087,9.361783027648926
1700822873228834000,11.540833984375,2.436007261276245,1.631081461906433,9.358196258544922
1700822873238864000,11.55086376953125,2.42472505569458,1.634312391281128,9.360562324523926
1700822873248970000,11.560969970703125,2.3903703689575195,1.6405656337738037,9.368302345275879
1700822873258912000,11.570912109375,2.341032028198242,1.6444494724273682,9.380071640014648
1700822873271262000,11.583261962890624,2.297821044921875,1.6566054821014404,9.3886137008667
1700822873288797000,11.600796875,2.2882039546966553,1.701444149017334,9.382942199707031
1700822873298967000,11.610967041015625,2.3191657066345215,1.7294811010360718,9.37020492553711
1700822873308745000,11.620744873046876,2.360171318054199,1.7574702501296997,9.35474681854248
1700822873318942000,11.63094189453125,2.3880157470703125,1.7782527208328247,9.343745231628418
1700822873329047000,11.641047119140625,2.40295672416687,1.8067551851272583,9.334444046020508
1700822873338847000,11.650846923828125,2.4097113609313965,1.8435633182525635,9.325499534606934
1700822873348949000,11.660948974609376,2.4189746379852295,1.8924951553344727,9.313292503356934
1700822873358949000,11.67094921875,2.4334731101989746,1.9519214630126953,9.297235488891602
1700822873368895000,11.68089501953125,2.449739694595337,2.010747194290161,9.280411720275879
1700822873378912000,11.690912109375,2.447333574295044,2.0715224742889404,9.267671585083008
1700822873388809000,11.70080908203125,2.421057939529419,2.1280810832977295,9.261756896972656
1700822873398820000,11.710820068359375,2.375293016433716,2.1762428283691406,9.26241683959961
1700822873408932000,11.72093212890625,2.323117733001709,2.2023422718048096,9.269476890563965
1700822873419012000,11.73101220703125,2.293644905090332,2.2016379833221436,9.276982307434082
1700822873428834000,11.740833984375,2.290893316268921,2.1778461933135986,9.28327465057373
1700822873439130000,11.751130126953125,2.3085033893585205,2.158007860183716,9.28354549407959
1700822873448991000,11.760990966796875,2.3580784797668457,2.144481658935547,9.274214744567871
1700822873458712000,11.770712158203125,2.403883218765259,2.129956007003784,9.265799522399902
1700822873468880000,11.7808798828125,2.4409334659576416,2.113459825515747,9.2598876953125
1700822873478874000,11.7908740234375,2.4477479457855225,2.095186948776245,9.262243270874023
1700822873488894000,11.80089404296875,2.407571792602539,2.0727853775024414,9.277799606323242
1700822873498878000,11.8108779296875,2.315641403198242,2.0442404747009277,9.30748462677002
1700822873508886000,11.820885986328125,2.1815357208251953,2.014859914779663,9.346209526062012
1700822873518981000,11.830981201171875,2.0319206714630127,1.9927254915237427,9.384600639343262
1700822873528863000,11.840863037109376,1.8914906978607178,1.9816087484359741,9.416255950927734
1700822873538894000,11.85089404296875,1.783348560333252,1.9793639183044434,9.43780517578125
1700822873548898000,11.86089794921875,1.6853487491607666,1.9757497310638428,9.45655345916748
1700822873558955000,11.870955078125,1.5747294425964355,1.9554314613342285,9.479815483093262
1700822873569375000,11.881375,1.4686387777328491,1.9151993989944458,9.505024909973145
1700822873578860000,11.890860107421876,1.397931456565857,1.865187406539917,9.525611877441406
1700822873588961000,11.9009609375,1.3797379732131958,1.8246535062789917,9.536108016967773
1700822873598969000,11.910968994140624,1.3841887712478638,1.790495753288269,9.541934967041016
1700822873608789000,11.9207890625,1.3830606937408447,1.7685235738754272,9.546196937561035
1700822873618883000,11.930883056640624,1.3703995943069458,1.7603052854537964,9.549540519714355
1700822873628880000,11.9408798828125,1.347238540649414,1.7588863372802734,9.553098678588867
1700822873638703000,11.950703125,1.3252692222595215,1.7600576877593994,9.555953025817871
1700822873652009000,11.964009033203125,1.311039686203003,1.7561215162277222,9.558639526367188
1700822873668682000,11.980681884765625,1.331076741218567,1.7387185096740723,9.559053421020508
1700822873678787000,11.990787109375,1.384450078010559,1.7434581518173218,9.550604820251465
1700822873688884000,12.000884033203125,1.4520728588104248,1.7597051858901978,9.537574768066406
1700822873698746000,12.01074609375,1.5264909267425537,1.7783713340759277,9.522479057312012
1700822873708647000,12.02064697265625,1.6008055210113525,1.795225977897644,9.507101058959961
1700822873718774000,12.03077392578125,1.6763761043548584,1.8113161325454712,9.491010665893555
1700822873728721000,12.040720947265624,1.7417939901351929,1.8207401037216187,9.477418899536133
1700822873738625000,12.050625,1.7821335792541504,1.8182615041732788,9.470392227172852
1700822873748746000,12.06074609375,1.8012065887451172,1.800737738609314,9.470130920410156
1700822873758765000,12.07076513671875,1.798960566520691,1.7749950885772705,9.475418090820312
1700822873768772000,12.080772216796875,1.7770109176635742,1.7744909524917603,9.479652404785156
1700822873778789000,12.0907890625,1.7288062572479248,1.7982033491134644,9.48409652709961
1700822873788824000,12.100823974609375,1.669510006904602,1.8242379426956177,9.48974609375
1700822873799026000,12.11102587890625,1.6125495433807373,1.8355997800827026,9.49740219116211
1700822873808874000,12.1208740234375,1.5661793947219849,1.821629524230957,9.50784683227539
1700822873818961000,12.1309609375,1.5370725393295288,1.7926666736602783,9.518095970153809
1700822873828824000,12.140823974609376,1.5185996294021606,1.7680048942565918,9.525670051574707
1700822873838685000,12.150684814453125,1.513217568397522,1.7540534734725952,9.529105186462402
1700822873848981000,12.16098095703125,1.5060327053070068,1.7459490299224854,9.531731605529785
1700822873858953000,12.170952880859375,1.4980545043945312,1.7447385787963867,9.533211708068848
1700822873868901000,12.180901123046874,1.489982008934021,1.747844934463501,9.533907890319824
1700822873878843000,12.1908427734375,1.4922975301742554,1.7504677772521973,9.533063888549805
1700822873889058000,12.20105810546875,1.4858918190002441,1.7498817443847656,9.534172058105469
1700822873899150000,12.211150146484375,1.4635908603668213,1.7439824342727661,9.538701057434082
1700822873912269000,12.22426904296875,1.4238901138305664,1.7348062992095947,9.546380996704102
1700822873928775000,12.24077490234375,1.347466230392456,1.7231831550598145,9.5595703125
1700822873938830000,12.250830078125,1.3187997341156006,1.7191948890686035,9.564284324645996
1700822873948723000,12.260722900390626,1.3041484355926514,1.7122174501419067,9.567544937133789
1700822873958654000,12.270654052734375,1.2923694849014282,1.7037644386291504,9.57065200805664
1700822873968930000,12.280929931640625,1.2868947982788086,1.6940906047821045,9.573105812072754
1700822873978767000,12.29076708984375,1.311406135559082,1.680224895477295,9.572224617004395
1700822873988777000,12.30077685546875,1.3491408824920654,1.6611484289169312,9.57030963897705
1700822873998762000,12.310761962890625,1.379432201385498,1.6482207775115967,9.568225860595703
1700822874008655000,12.320655029296875,1.4076026678085327,1.6487393379211426,9.564033508300781
1700822874018787000,12.330787109375,1.4211434125900269,1.65317964553833,9.561263084411621
1700822874029043000,12.34104296875,1.4271724224090576,1.6588199138641357,9.55938720703125
1700822874038767000,12.35076708984375,1.4467062950134277,1.6703569889068604,9.55444049835205
1700822874049157000,12.3611572265625,1.4725804328918457,1.6794205904006958,9.548897743225098
1700822874058766000,12.37076611328125,1.5059540271759033,1.6869810819625854,9.5423583984375
1700822874068741000,12.3807412109375,1.5303364992141724,1.6896251440048218,9.538010597229004
1700822874078951000,12.390950927734375,1.5389829874038696,1.6883867979049683,9.536837577819824
1700822874088841000,12.400841064453125,1.5291879177093506,1.6836068630218506,9.539258003234863
1700822874098788000,12.4107880859375,1.50605309009552,1.6766539812088013,9.54416275024414
1700822874108840000,12.42083984375,1.4806398153305054,1.6675688028335571,9.549728393554688
1700822874118836000,12.4308359375,1.4632313251495361,1.6570254564285278,9.554244995117188
1700822874128917000,12.4409169921875,1.4612904787063599,1.646077036857605,9.556434631347656
1700822874138654000,12.450654052734375,1.473629117012024,1.6360613107681274,9.55626106262207
1700822874148785000,12.460784912109375,1.4941545724868774,1.626891016960144,9.55463981628418
1700822874158966000,12.470966064453124,1.5162944793701172,1.6184672117233276,9.552580833435059
1700822874168722000,12.480721923828124,1.530930995941162,1.6124531030654907,9.551264762878418
1700822874178928000,12.49092822265625,1.5367385149002075,1.6094871759414673,9.55083179473877
1700822874188812000,12.50081201171875,1.5402146577835083,1.6077994108200073,9.550557136535645
1700822874198988000,12.510988037109374,1.5489509105682373,1.6037638187408447,9.549821853637695
1700822874208821000,12.520821044921876,1.567023754119873,1.595312476158142,9.54828929901123
1700822874218845000,12.530844970703125,1.3812912702560425,1.543494701385498,9.585408210754395
1700822874228762000,12.54076220703125,1.4226511716842651,1.5276368856430054,9.58189868927002
1700822874238851000,12.55085107421875,1.4595918655395508,1.5083049535751343,9.579405784606934
1700822874248833000,12.5608330078125,1.4948434829711914,1.4855647087097168,9.577523231506348
1700822874258986000,12.570986083984375,1.5358166694641113,1.4645625352859497,9.574275016784668
1700822874270033000,12.582032958984374,1.577384352684021,1.4419184923171997,9.570951461791992
1700822874278832000,12.59083203125,1.6237363815307617,1.4200276136398315,9.566473960876465
1700822874288893000,12.600892822265624,1.6961498260498047,1.3931056261062622,9.557862281799316
1700822874298841000,12.610841064453124,1.7967145442962646,1.3517098426818848,9.545422554016113
1700822874308918000,12.62091796875,1.891230583190918,1.296722650527954,9.534786224365234
1700822874318826000,12.630825927734374,1.9245669841766357,1.241159439086914,9.535510063171387
1700822874328811000,12.64081103515625,1.9023329019546509,1.1816356182098389,9.547528266906738
1700822874338815000,12.65081494140625,1.8693007230758667,1.1201707124710083,9.561450004577637
1700822874348688000,12.66068798828125,1.857108235359192,1.0708391666412354,9.569476127624512
1700822874358889000,12.670888916015626,1.8170111179351807,1.0553308725357056,9.578890800476074
1700822874368921000,12.680921142578125,1.7585341930389404,1.0658715963363647,9.588631629943848
1700822874378903000,12.690903076171875,1.8139138221740723,1.0526570081710815,9.57977294921875
1700822874388932000,12.70093212890625,1.8341010808944702,1.0432316064834595,9.576957702636719
1700822874398884000,12.710884033203126,1.7873940467834473,1.0352917909622192,9.586647987365723
1700822874408924000,12.720923828125,1.7089126110076904,1.0477383136749268,9.599596977233887
1700822874419053000,12.731052978515624,1.6399747133255005,1.062971830368042,9.609942436218262
1700822874429016000,12.74101611328125,1.5995333194732666,1.091164469718933,9.61359691619873
1700822874438844000,12.750843994140626,1.5879405736923218,1.1164668798446655,9.612613677978516
1700822874448878000,12.760878173828125,1.5829665660858154,1.1375195980072021,9.610966682434082
1700822874458831000,12.7708310546875,1.5718995332717896,1.151729941368103,9.611088752746582
1700822874468838000,12.780837890625,1.5395619869232178,1.1611372232437134,9.615191459655762
1700822874478925000,12.790925048828125,1.4717293977737427,1.1725577116012573,9.624423027038574
1700822874488995000,12.8009951171875,1.4037792682647705,1.1828844547271729,9.633304595947266
1700822874498918000,12.81091796875,1.3549059629440308,1.1913713216781616,9.639256477355957
1700822874508885000,12.820885009765625,1.3499106168746948,1.1998542547225952,9.638903617858887
1700822874518883000,12.830883056640625,1.3745514154434204,1.212683081626892,9.633814811706543
1700822874528733000,12.84073291015625,1.3990446329116821,1.225616455078125,9.62865161895752
1700822874538830000,12.850830078125,1.4020178318023682,1.232616662979126,9.627325057983398
1700822874548777000,12.86077685546875,1.3885180950164795,1.2316677570343018,9.629404067993164
1700822874558871000,12.87087109375,1.3698890209197998,1.2292907238006592,9.632372856140137
1700822874568740000,12.880739990234375,1.3613576889038086,1.2361890077590942,9.63270092010498
1700822874578897000,12.89089697265625,1.3801482915878296,1.243504524230957,9.629085540771484
1700822874588738000,12.900738037109376,1.4181150197982788,1.2581959962844849,9.62165641784668
1700822874598629000,12.910629150390625,1.4695055484771729,1.2878271341323853,9.610016822814941
1700822874608782000,12.920781982421875,1.538644552230835,1.3185025453567505,9.595025062561035
1700822874618868000,12.930867919921875,1.606623649597168,1.3478353023529053,9.579795837402344
1700822874628882000,12.9408818359375,1.6607093811035156,1.3794301748275757,9.566065788269043
1700822874638807000,12.95080712890625,1.691755771636963,1.4022239446640015,9.557308197021484
1700822874648814000,12.96081396484375,1.7087193727493286,1.4210890531539917,9.551501274108887
1700822874658917000,12.970917236328125,1.7427219152450562,1.4404387474060059,9.542454719543457
1700822874668900000,12.980900146484375,1.7825380563735962,1.4516923427581787,9.533390998840332
1700822874678872000,12.9908720703125,1.8088840246200562,1.4611153602600098,9.526987075805664
1700822874688818000,13.00081787109375,1.869645357131958,1.4805177450180054,9.512249946594238
1700822874698821000,13.010821044921874,1.9100234508514404,1.4958441257476807,9.501823425292969
1700822874709057000,13.02105712890625,1.9109972715377808,1.5038368701934814,9.500365257263184
1700822874719409000,13.031408935546875,1.9079262018203735,1.5073689222335815,9.500423431396484
1700822874728919000,13.0409189453125,1.9012515544891357,1.5002113580703735,9.502894401550293
1700822874738646000,13.05064599609375,1.854766845703125,1.4864706993103027,9.51423454284668
1700822874748761000,13.060760986328125,1.7683815956115723,1.4746923446655273,9.532496452331543
1700822874758716000,13.0707158203125,1.587453007698059,1.4409245252609253,9.569437026977539
1700822874768712000,13.0807119140625,1.3916133642196655,1.3707497119903564,9.61014461517334
1700822874778639000,13.09063916015625,1.2931807041168213,1.3032304048538208,9.633257865905762
1700822874788851000,13.100850830078125,1.337605357170105,1.2805074453353882,9.630239486694336
1700822874798768000,13.11076806640625,1.503848910331726,1.314576268196106,9.601078033447266
1700822874808720000,13.120719970703124,1.731655240058899,1.386417269706726,9.552465438842773
1700822874818867000,13.130866943359376,1.8755697011947632,1.4377753734588623,9.517637252807617
1700822874828880000,13.1408798828125,1.878209114074707,1.4442015886306763,9.516143798828125
1700822874838833000,13.1508330078125,1.8351068496704102,1.4109259843826294,9.529536247253418
1700822874848831000,13.1608310546875,1.815247654914856,1.3562345504760742,9.54127311706543
1700822874858769000,13.170768798828124,1.7923221588134766,1.3153201341629028,9.55133056640625
1700822874868793000,13.18079296875,1.76190185546875,1.304674506187439,9.558446884155273
1700822874878766000,13.19076611328125,1.757093906402588,1.297238826751709,9.560344696044922
1700822874888801000,13.200801025390625,1.7662279605865479,1.293010950088501,9.559233665466309
1700822874898970000,13.21097021484375,1.7651863098144531,1.29318106174469,9.559402465820312
1700822874908852000,13.22085205078125,1.7524420022964478,1.287519097328186,9.56251049041748
1700822874918908000,13.230907958984375,1.731330156326294,1.2748078107833862,9.568058967590332
1700822874928921000,13.240921142578125,1.7161320447921753,1.264056921005249,9.572224617004395
1700822874938761000,13.250760986328125,1.71780526638031,1.2565853595733643,9.572905540466309
1700822874948916000,13.260916015625,1.7294108867645264,1.2518161535263062,9.571442604064941
1700822874958926000,13.270926025390626,1.7381491661071777,1.2378709316253662,9.571673393249512
1700822874969333000,13.2813330078125,1.7452129125595093,1.2259039878845215,9.571927070617676
1700822874978791000,13.290791015625,1.7577836513519287,1.218608021736145,9.570557594299316
1700822874989563000,13.30156298828125,1.7767177820205688,1.2183672189712524,9.567091941833496
1700822874998660000,13.31066015625,1.7937206029891968,1.225893497467041,9.562956809997559
1700822875008919000,13.3209189453125,1.811936378479004,1.239601969718933,9.557754516601562
1700822875018886000,13.330885986328125,1.8264189958572388,1.2580317258834839,9.55258846282959
1700822875028983000,13.340983154296875,1.8315725326538086,1.2784695625305176,9.548887252807617
1700822875038783000,13.350782958984375,1.8258848190307617,1.2941603660583496,9.54786205291748
1700822875048796000,13.3607958984375,1.819394588470459,1.3098890781402588,9.546956062316895
1700822875058808000,13.37080810546875,1.8187545537948608,1.3319801092147827,9.544023513793945
1700822875068774000,13.38077392578125,1.8265634775161743,1.3580211400985718,9.538859367370605
1700822875078795000,13.390794921875,1.833356499671936,1.3870806694030762,9.533374786376953
1700822875088929000,13.400928955078125,1.6291624307632446,1.4893752336502075,9.554998397827148
1700822875099318000,13.411318115234375,1.6159411668777466,1.5117861032485962,9.553723335266113
1700822875108770000,13.42077001953125,1.5606775283813477,1.538710117340088,9.558612823486328
1700822875118786000,13.4307861328125,1.5403598546981812,1.5683599710464478,9.557087898254395
1700822875128849000,13.440848876953124,1.5359134674072266,1.626354694366455,9.548105239868164
1700822875138832000,13.450831787109376,1.5440880060195923,1.6935855150222778,9.535089492797852
1700822875148894000,13.46089404296875,1.548254370689392,1.743613600730896,9.525392532348633
1700822875158857000,13.47085693359375,1.5413825511932373,1.7741466760635376,9.520868301391602
1700822875168860000,13.48085986328125,1.5292233228683472,1.7949270009994507,9.518933296203613
1700822875178705000,13.490704833984376,1.5183324813842773,1.7963614463806152,9.520407676696777
1700822875188868000,13.5008681640625,1.5075898170471191,1.79847252368927,9.52171516418457
1700822875198879000,13.51087890625,1.496537685394287,1.8154715299606323,9.520233154296875
1700822875208695000,13.520695068359375,1.4880378246307373,1.832679271697998,9.518266677856445
1700822875218817000,13.530817138671875,1.4795222282409668,1.8474527597427368,9.516739845275879
1700822875228799000,13.540799072265624,1.4672893285751343,1.8601430654525757,9.516160011291504
1700822875239330000,13.551330078125,1.4517364501953125,1.8713520765304565,9.516349792480469
1700822875248786000,13.560785888671875,1.4393141269683838,1.8806185722351074,9.516408920288086
1700822875258858000,13.57085791015625,1.4296718835830688,1.890470027923584,9.515911102294922
1700822875268752000,13.580751953125,1.4160268306732178,1.900797724723816,9.51589298248291
1700822875278740000,13.590739990234376,1.2473887205123901,1.9431065320968628,9.530937194824219
1700822875288774000,13.60077392578125,1.192275047302246,1.960430383682251,9.534440994262695
1700822875298854000,13.61085400390625,1.1739602088928223,1.9688109159469604,9.534987449645996
1700822875308795000,13.620794921875,1.1618088483810425,1.9747984409332275,9.535236358642578
1700822875318796000,13.630796142578125,1.1553258895874023,1.9814640283584595,9.534643173217773
1700822875328890000,13.64089013671875,1.1532338857650757,1.989284634590149,9.533267974853516
1700822875338665000,13.6506650390625,1.1525003910064697,1.9966630935668945,9.531813621520996
1700822875348913000,13.660912841796875,1.1504969596862793,2.001438617706299,9.531055450439453
1700822875358995000,13.670994873046874,1.147740364074707,2.0057904720306396,9.530471801757812
1700822875368934000,13.680933837890626,1.143316626548767,2.0090365409851074,9.530320167541504
1700822875378884000,13.690884033203124,1.1066683530807495,1.848294734954834,9.567105293273926
1700822875388946000,13.70094580078125,1.0980209112167358,1.7678897380828857,9.583284378051758
1700822875398907000,13.710906982421875,1.0861848592758179,1.7155437469482422,9.594138145446777
1700822875408886000,13.720885986328126,1.0702680349349976,1.7002745866775513,9.598644256591797
1700822875419003000,13.7310029296875,1.0624995231628418,1.6984479427337646,9.599831581115723
1700822875428874000,13.7408740234375,1.0637588500976562,1.7018629312515259,9.599087715148926
1700822875438755000,13.750755126953125,1.0718445777893066,1.7310510873794556,9.592966079711914
1700822875448937000,13.76093701171875,1.0822381973266602,1.773732304573059,9.583999633789062
1700822875458812000,13.77081201171875,1.1061445474624634,1.7805229425430298,9.580010414123535
1700822875468850000,13.780849853515624,1.1150392293930054,1.7928617000579834,9.576677322387695
1700822875478876000,13.7908759765625,1.1159309148788452,1.7997469902038574,9.575281143188477
1700822875489783000,13.801782958984376,1.1124197244644165,1.7887197732925415,9.57775592803955
1700822875498822000,13.81082177734375,1.1112717390060425,1.7885189056396484,9.577926635742188
1700822875508923000,13.8209228515625,1.1103832721710205,1.7943220138549805,9.576944351196289
1700822875518697000,13.830697021484376,1.1080451011657715,1.7988111972808838,9.576374053955078
1700822875528691000,13.84069091796875,1.1018006801605225,1.7908833026885986,9.57857894897461
1700822875538702000,13.8507021484375,1.0891799926757812,1.7950395345687866,9.579243659973145
1700822875548771000,13.86077099609375,1.0731337070465088,1.7900264263153076,9.581993103027344
1700822875558728000,13.87072802734375,1.0564879179000854,1.7788524627685547,9.585923194885254
1700822875568788000,13.8807880859375,1.0455211400985718,1.775768756866455,9.587696075439453
1700822875578825000,13.890824951171876,1.0353481769561768,1.7824337482452393,9.587563514709473
1700822875588795000,13.900794921875,1.0273443460464478,1.792946696281433,9.586466789245605
1700822875598934000,13.91093408203125,1.017287254333496,1.7924381494522095,9.58763313293457
1700822875608779000,13.920779052734375,1.0090124607086182,1.7884061336517334,9.589259147644043
1700822875618666000,13.930666015625,0.9990856051445007,1.7733161449432373,9.593099594116211
1700822875628832000,13.94083203125,0.9645563960075378,1.7460274696350098,9.601635932922363
1700822875638637000,13.950636962890625,0.9456912875175476,1.722962737083435,9.60767650604248
1700822875648852000,13.96085205078125,0.9482622742652893,1.7093957662582397,9.609847068786621
1700822875658825000,13.970824951171876,0.9596467018127441,1.699419379234314,9.610486030578613
1700822875668828000,13.980827880859374,0.9608768224716187,1.688415765762329,9.612300872802734
1700822875678814000,13.99081396484375,0.9483312368392944,1.6755313873291016,9.615802764892578
1700822875688810000,14.00081005859375,0.9335778951644897,1.6627593040466309,9.619462013244629
1700822875698715000,14.01071484375,0.9168541431427002,1.6518778800964355,9.622946739196777
1700822875708813000,14.02081298828125,0.8966197967529297,1.6362451314926147,9.627521514892578
1700822875718813000,14.03081298828125,0.880294680595398,1.6154195070266724,9.63254451751709
1700822875728900000,14.040900146484375,0.8733096122741699,1.5917718410491943,9.637115478515625
1700822875738638000,14.05063818359375,0.86778324842453,1.5644465684890747,9.64208698272705
1700822875748874000,14.0608740234375,0.9449179172515869,1.524727702140808,9.641200065612793
1700822875758819000,14.070819091796874,1.0234001874923706,1.4946932792663574,9.637890815734863
1700822875768801000,14.080801025390626,1.1429840326309204,1.4505681991577148,9.631190299987793
1700822875778907000,14.090906982421876,1.1596890687942505,1.4528532028198242,9.6288480758667
1700822875788859000,14.10085888671875,1.1660540103912354,1.4615449905395508,9.626764297485352
1700822875798661000,14.1106611328125,1.1477993726730347,1.4669731855392456,9.628132820129395
1700822875808657000,14.120656982421876,1.1095294952392578,1.4622341394424438,9.633339881896973
1700822875818752000,14.130751953125,1.06904935836792,1.44814133644104,9.640042304992676
1700822875828690000,14.14068994140625,1.0405726432800293,1.425919532775879,9.646468162536621
1700822875840223000,14.152222900390624,1.0339900255203247,1.4022873640060425,9.650640487670898
1700822875848743000,14.160742919921875,1.039402961730957,1.3806766271591187,9.65317440032959
1700822875858758000,14.1707578125,1.043821930885315,1.3620073795318604,9.65534782409668
1700822875868775000,14.18077490234375,1.0405068397521973,1.3486937284469604,9.657575607299805
1700822875878589000,14.1905888671875,1.0276260375976562,1.340587854385376,9.660082817077637
1700822875888803000,14.200802978515625,1.0082143545150757,1.3349941968917847,9.662903785705566
1700822875898777000,14.210777099609375,0.9858444333076477,1.3286223411560059,9.666089057922363
1700822875908733000,14.22073291015625,0.9646686315536499,1.3189780712127686,9.669547080993652
1700822875918743000,14.230742919921875,0.9470418095588684,1.3058584928512573,9.67306900024414
1700822875928740000,14.240739990234376,0.9400625824928284,1.2884814739227295,9.676078796386719
1700822875938904000,14.250904052734375,0.9353682994842529,1.2653557062149048,9.679584503173828
1700822875948838000,14.260837890625,0.9218152761459351,1.2363309860229492,9.684633255004883
1700822875958677000,14.270677001953125,0.8917556405067444,1.2121105194091797,9.690508842468262
1700822875968818000,14.28081787109375,0.8374883532524109,1.2042436599731445,9.696330070495605
1700822875978798000,14.290798095703124,0.7850421071052551,1.20159113407135,9.701045989990234
1700822875988805000,14.30080517578125,0.7454381585121155,1.193359375,9.705184936523438
1700822875998917000,14.310917236328125,0.724861204624176,1.1842174530029297,9.707863807678223
1700822876008702000,14.320701904296875,0.7148182392120361,1.1775907278060913,9.709413528442383
1700822876018672000,14.330672119140624,0.7103466391563416,1.1750260591506958,9.710052490234375
1700822876028744000,14.340743896484375,0.706808865070343,1.1754075288772583,9.7102632522583
1700822876038813000,14.35081298828125,0.7059388160705566,1.1777677536010742,9.710041046142578
1700822876048765000,14.360764892578125,0.7033832669258118,1.180355191230774,9.70991325378418
1700822876058664000,14.370663818359375,0.6993316411972046,1.1828373670578003,9.7099027633667
1700822876068643000,14.38064306640625,0.6961451172828674,1.1847236156463623,9.7099027633667
1700822876078886000,14.390885986328126,0.6961351633071899,1.185546875,9.709802627563477
1700822876088848000,14.400847900390625,0.6993208527565002,1.1838704347610474,9.709779739379883
1700822876099134000,14.411134033203124,0.7055425047874451,1.1778239011764526,9.710062980651855
1700822876108875000,14.420875,0.7146914005279541,1.1700900793075562,9.71033000946045
1700822876118762000,14.430761962890625,0.7274854183197021,1.1618518829345703,9.710369110107422
1700822876128861000,14.44086083984375,0.7399123907089233,1.1546365022659302,9.71028995513916
1700822876139086000,14.451086181640624,0.7508441209793091,1.1481614112854004,9.71021842956543
1700822876148885000,14.460885009765626,0.7531526684761047,1.1762129068374634,9.706683158874512
1700822876158904000,14.470904052734374,0.7567083239555359,1.1781278848648071,9.706172943115234
1700822876169014000,14.481013916015625,0.7633034586906433,1.1767656803131104,9.70582389831543
1700822876178830000,14.490830078125,0.7875950336456299,1.1750792264938354,9.704085350036621
1700822876188918000,14.50091796875,0.8135539293289185,1.172480821609497,9.702259063720703
1700822876198718000,14.510718017578125,0.8329296708106995,1.1668363809585571,9.7012939453125
1700822876208711000,14.5207109375,0.8517898321151733,1.162475824356079,9.700181007385254
1700822876218872000,14.5308720703125,0.8404916524887085,1.3833683729171753,9.672137260437012
1700822876228901000,14.540901123046876,0.8755778670310974,1.3847440481185913,9.668828964233398
1700822876238804000,14.550803955078125,0.7237947583198547,1.6256117820739746,9.643853187561035
1700822876249081000,14.5610810546875,0.590274453163147,1.7991023063659668,9.62212085723877
1700822876258752000,14.570751953125,0.49001580476760864,1.9247376918792725,9.603421211242676
1700822876268932000,14.58093212890625,0.5054208636283875,1.9278467893600464,9.601997375488281
1700822876278763000,14.590762939453125,0.5262722373008728,1.9294044971466064,9.600563049316406
1700822876288801000,14.600801025390625,0.5587629079818726,1.9315462112426758,9.598296165466309
1700822876298941000,14.61094091796875,0.5961410403251648,1.9348253011703491,9.595388412475586
1700822876308918000,14.62091796875,0.5337327718734741,1.8249144554138184,9.620561599731445
1700822876318762000,14.630761962890626,0.44888535141944885,1.6792408227920532,9.651376724243164
1700822876328812000,14.64081201171875,0.3537783622741699,1.515862226486206,9.682324409484863
1700822876338897000,14.65089697265625,0.3627764880657196,1.5163536071777344,9.681915283203125
1700822876348935000,14.660934814453125,0.3674924373626709,1.5124562978744507,9.682345390319824
1700822876358896000,14.670896240234375,0.3762444853782654,1.5047186613082886,9.683215141296387
1700822876368861000,14.68086083984375,0.3957178294658661,1.4940508604049683,9.684091567993164
1700822876378933000,14.69093310546875,0.4241407811641693,1.4799410104751587,9.685053825378418
1700822876388998000,14.700997802734374,0.4508703947067261,1.4627248048782349,9.68646240234375
1700822876398896000,14.710896240234375,0.46875500679016113,1.4409023523330688,9.688882827758789
1700822876408960000,14.7209599609375,0.47605159878730774,1.4142388105392456,9.692456245422363
1700822876418883000,14.730883056640625,0.4772644639015198,1.383792519569397,9.69679069519043
1700822876428803000,14.740802978515624,0.4901181161403656,1.3572627305984497,9.699898719787598
1700822876438935000,14.75093505859375,0.516468346118927,1.3279496431350708,9.702587127685547
1700822876448911000,14.7609111328125,0.5381254553794861,1.30061674118042,9.70511245727539
1700822876458912000,14.770912109375,0.5479846000671387,1.2752952575683594,9.707921028137207
1700822876469091000,14.781091064453125,0.5541793704032898,1.25190007686615,9.710615158081055
1700822876478909000,14.790908935546875,0.6614934802055359,1.0589631795883179,9.72684097290039
1700822876488741000,14.8007412109375,0.6823176741600037,1.0290166139602661,9.728615760803223
1700822876498934000,14.81093408203125,0.6965653896331787,1.016360878944397,9.728936195373535
1700822876508895000,14.82089501953125,0.7018907070159912,1.0111445188522339,9.72909927368164
1700822876518862000,14.830862060546876,0.6878001689910889,1.009886384010315,9.730234146118164
1700822876528885000,14.840885009765625,0.6710188388824463,1.0036174058914185,9.732054710388184
1700822876538772000,14.85077197265625,0.6618123650550842,1.0017883777618408,9.732873916625977
1700822876548963000,14.860963134765624,0.6590881943702698,1.0113093852996826,9.732071876525879
1700822876558945000,14.870945068359376,0.6703557372093201,1.020194411277771,9.730377197265625
1700822876568961000,14.8809609375,0.6871762275695801,1.0211267471313477,9.729104042053223
1700822876578880000,14.8908798828125,0.7071645259857178,1.0254799127578735,9.727215766906738
1700822876588846000,14.90084619140625,0.7224550247192383,1.0416171550750732,9.724376678466797
1700822876598957000,14.91095703125,0.7357520461082458,1.066334843635559,9.72070026397705
1700822876608754000,14.92075390625,0.7527315020561218,1.094343662261963,9.716286659240723
1700822876618674000,14.930673828125,0.7737991213798523,1.1063663959503174,9.713269233703613
1700822876628879000,14.940879150390625,0.8028081059455872,1.1182029247283936,9.70955753326416
1700822876638921000,14.9509208984375,0.8343454003334045,1.1296250820159912,9.70557689666748
1700822876648859000,14.96085888671875,0.861423671245575,1.1375898122787476,9.702278137207031
1700822876658883000,14.970883056640625,0.8870152235031128,1.143994688987732,9.699220657348633
1700822876669045000,14.981044921875,0.9033786058425903,1.1432280540466309,9.697799682617188
1700822876678860000,14.990860107421875,0.9110802412033081,1.1361188888549805,9.697914123535156
1700822876688977000,15.000976806640624,0.7773837447166443,0.857458233833313,9.738113403320312
1700822876698875000,15.010875,0.7798787355422974,0.8503451943397522,9.738536834716797
1700822876708857000,15.020857177734374,0.7816089391708374,0.8481582403182983,9.7385892868042
1700822876718770000,15.03077001953125,0.7828276753425598,0.8468796014785767,9.738601684570312
1700822876728775000,15.04077490234375,0.7910943031311035,0.8440247774124146,9.738182067871094
1700822876738635000,15.050635009765625,0.8168869018554688,0.8421970009803772,9.736210823059082
1700822876748638000,15.060637939453125,0.8511995077133179,0.8394529223442078,9.733508110046387
1700822876759142000,15.071141845703124,0.8922691941261292,0.8357158303260803,9.730151176452637
1700822876772232000,15.08423193359375,0.9289926290512085,0.8285703063011169,9.727324485778809
1700822876788821000,15.100821044921876,0.9613873958587646,0.808637261390686,9.72585391998291
1700822876798710000,15.1107099609375,0.9583219289779663,0.8048758506774902,9.726469039916992
1700822876809134000,15.121134033203125,0.9550024271011353,0.812101423740387,9.726195335388184
1700822876818769000,15.130768798828125,0.9561883807182312,0.8328574895858765,9.724323272705078
1700822876828831000,15.1408310546875,0.9773054122924805,0.8683464527130127,9.719118118286133
1700822876838772000,15.15077197265625,1.0398480892181396,0.917197585105896,9.70813274383545
1700822876848697000,15.160697021484374,1.1047571897506714,0.958023190498352,9.697013854980469
1700822876858644000,15.17064404296875,1.135399341583252,0.9903180599212646,9.690228462219238
1700822876868767000,15.18076708984375,1.0972890853881836,1.0015820264816284,9.693459510803223
1700822876878669000,15.1906689453125,1.0531553030014038,1.0019371509552002,9.698319435119629
1700822876888780000,15.200780029296874,1.026452660560608,1.0010885000228882,9.701269149780273
1700822876898646000,15.21064599609375,1.0177695751190186,1.0030333995819092,9.701982498168945
1700822876908638000,15.220637939453125,1.0251502990722656,1.0022633075714111,9.701286315917969
1700822876918758000,15.2307578125,1.0341507196426392,0.9958049654960632,9.700995445251465
1700822876928774000,15.24077392578125,1.0286685228347778,0.9856629371643066,9.702614784240723
1700822876938774000,15.25077392578125,1.0001765489578247,0.9734174609184265,9.706828117370605
1700822876948753000,15.2607529296875,0.9654098153114319,0.9630767107009888,9.711380004882812
1700822876958763000,15.270762939453125,0.9397528171539307,0.9577271342277527,9.714422225952148
1700822876968983000,15.280983154296875,0.9303268194198608,0.956742525100708,9.715428352355957
1700822876978790000,15.290789794921874,0.9211843013763428,0.957671046257019,9.716208457946777
1700822876988780000,15.300780029296876,0.8928525447845459,0.9535151124000549,9.719259262084961
1700822876998821000,15.310821044921875,0.8632307052612305,0.9490674734115601,9.722371101379395
1700822877008814000,15.32081396484375,0.8456044793128967,0.9481304883956909,9.72401237487793
1700822877018661000,15.3306611328125,1.0596745014190674,0.9810066223144531,9.699747085571289
1700822877028754000,15.34075390625,1.1673054695129395,0.9860884547233582,9.686867713928223
1700822877038801000,15.35080078125,1.1571645736694336,0.9899217486381531,9.687694549560547
1700822877048642000,15.36064208984375,1.1489713191986084,0.9949173331260681,9.68815803527832
1700822877058811000,15.370810791015625,1.1526157855987549,1.0025451183319092,9.686939239501953
1700822877068857000,15.380857177734375,1.1728134155273438,1.019790530204773,9.682713508605957
1700822877078897000,15.39089697265625,1.2139917612075806,1.049237608909607,9.674488067626953
1700822877088827000,15.400826904296874,1.255118727684021,1.0845619440078735,9.665339469909668
1700822877098854000,15.41085400390625,1.2852753400802612,1.1140110492706299,9.658024787902832
1700822877108928000,15.420927978515625,1.30888831615448,1.143201231956482,9.65144157409668
1700822877118920000,15.430919921875,1.3303589820861816,1.1711246967315674,9.645153999328613
1700822877128946000,15.44094580078125,1.3560563325881958,1.1995429992675781,9.638080596923828
1700822877138913000,15.4509130859375,1.3826982975006104,1.231387734413147,9.630276679992676
1700822877148902000,15.46090185546875,1.393203854560852,1.2643407583236694,9.624490737915039
1700822877158904000,15.470904052734374,1.391653060913086,1.295996069908142,9.620503425598145
1700822877168652000,15.480652099609374,1.392566442489624,1.3137127161026,9.61796760559082
1700822877178926000,15.490926025390625,1.3937726020812988,1.3213640451431274,9.616744995117188
1700822877188782000,15.500781982421875,1.3974261283874512,1.3203247785568237,9.616357803344727
1700822877198834000,15.510833984375,1.4173130989074707,1.30344557762146,9.615750312805176
1700822877208921000,15.520921142578125,1.4393150806427002,1.2748571634292603,9.616314888000488
1700822877218985000,15.53098486328125,1.4572750329971313,1.2391449213027954,9.618278503417969
1700822877228843000,15.540843017578124,1.4739593267440796,1.1961439847946167,9.62117862701416
1700822877238892000,15.55089208984375,1.4734885692596436,1.152857780456543,9.626533508300781
1700822877248910000,15.56091015625,1.4635981321334839,1.0998954772949219,9.634237289428711
1700822877258932000,15.570931884765624,1.4486331939697266,1.0334665775299072,9.64384651184082
1700822877268912000,15.580912109375,1.4417028427124023,0.9556702375411987,9.652904510498047
1700822877278796000,15.590796142578125,1.436492919921875,0.8788754343986511,9.66097640991211
1700822877288798000,15.6007978515625,1.4292442798614502,0.7879618406295776,9.669890403747559
1700822877298910000,15.610909912109374,1.4025118350982666,0.6951195597648621,9.680916786193848
1700822877308940000,15.62093994140625,1.3707295656204224,0.6080710887908936,9.691323280334473
1700822877318903000,15.630903076171874,1.3356267213821411,0.5323828458786011,9.70067310333252
1700822877328901000,15.640901123046875,1.314310908317566,0.46259239315986633,9.707160949707031
1700822877338657000,15.650656982421875,1.2977250814437866,0.4026838541030884,9.712061882019043
1700822877348914000,15.660913818359376,1.2842869758605957,0.35975509881973267,9.715532302856445
1700822877358915000,15.6709150390625,1.2652614116668701,0.3272711932659149,9.719176292419434
1700822877368926000,15.680926025390624,1.2403273582458496,0.31742170453071594,9.722716331481934
1700822877379020000,15.69102001953125,1.2171248197555542,0.3183908462524414,9.725618362426758
1700822877388835000,15.7008349609375,1.2097026109695435,0.3241644501686096,9.72635269165039
1700822877398822000,15.71082177734375,1.2123463153839111,0.3295385539531708,9.725842475891113
1700822877409008000,15.721008056640626,1.2158786058425903,0.3544757068157196,9.72452449798584
1700822877418983000,15.73098291015625,1.2121049165725708,0.3825891613960266,9.723931312561035
1700822877428990000,15.740989990234375,1.201897382736206,0.4186456799507141,9.723711967468262
1700822877438845000,15.750844970703126,1.1855851411819458,0.46798256039619446,9.723465919494629
1700822877448862000,15.760862060546875,1.1630518436431885,0.5182833075523376,9.723636627197266
1700822877458765000,15.77076513671875,1.1455845832824707,0.5757002830505371,9.722477912902832
1700822877468837000,15.780837158203125,1.1452572345733643,0.6320409178733826,9.719018936157227
1700822877478946000,15.790946044921874,1.1589759588241577,0.675480842590332,9.714468002319336
1700822877488725000,15.80072509765625,1.1699012517929077,0.7147489786148071,9.710349082946777
1700822877498852000,15.81085205078125,1.1738953590393066,0.7492319941520691,9.707267761230469
1700822877509042000,15.8210419921875,1.1743693351745605,0.7774725556373596,9.704986572265625
1700822877518841000,15.830841064453125,1.172023057937622,0.7984355688095093,9.703570365905762
1700822877529132000,15.841132080078125,1.1694629192352295,0.8176654577255249,9.702277183532715
1700822877538733000,15.850733154296876,1.1812007427215576,0.8361068367958069,9.6992826461792
1700822877549055000,15.861054931640625,1.208195686340332,0.8367878198623657,9.695898056030273
1700822877559057000,15.871056884765625,1.2285487651824951,0.8367518782615662,9.693344116210938
1700822877569049000,15.881049072265625,1.2355670928955078,0.8294298648834229,9.693081855773926
1700822877579013000,15.89101318359375,1.2291308641433716,0.8134697675704956,9.695252418518066
1700822877588767000,15.90076708984375,1.2092448472976685,0.8094388842582703,9.698089599609375
1700822877598797000,15.910797119140625,1.1818413734436035,0.801804780960083,9.702101707458496
1700822877609006000,15.921006103515625,1.1609429121017456,0.79120272397995,9.70549488067627
1700822877618847000,15.930846923828126,1.1556026935577393,0.7751297950744629,9.707427978515625
1700822877628770000,15.94077001953125,1.1846727132797241,0.7481962442398071,9.706036567687988
1700822877638779000,15.95077880859375,1.2232202291488647,0.7190124988555908,9.703460693359375
1700822877648894000,15.96089404296875,1.2558938264846802,0.6855646967887878,9.701708793640137
1700822877658840000,15.970840087890625,1.2792946100234985,0.6497718095779419,9.701111793518066
1700822877668786000,15.980785888671875,1.2923908233642578,0.6142641305923462,9.701690673828125
1700822877678642000,15.990641845703125,1.2964158058166504,0.5777279734611511,9.703398704528809
1700822877688894000,16.00089404296875,1.2944132089614868,0.5383762121200562,9.705927848815918
1700822877699587000,16.011587158203124,1.2873066663742065,0.4977949261665344,9.709040641784668
1700822877709009000,16.0210087890625,1.274059534072876,0.4575400650501251,9.712767601013184
1700822877718843000,16.0308427734375,1.2586878538131714,0.41843730211257935,9.716531753540039
1700822877728956000,16.040955810546876,1.2488088607788086,0.3888382911682129,9.719036102294922
1700822877738782000,16.050781982421874,1.2426000833511353,0.36228081583976746,9.720858573913574
1700822877748815000,16.060815185546875,1.24289870262146,0.33954116702079773,9.721639633178711
1700822877758809000,16.07080908203125,1.3567688465118408,0.39977118372917175,9.704111099243164
1700822877768799000,16.080799072265624,1.4128937721252441,0.45022010803222656,9.693885803222656
1700822877778886000,16.090885986328125,1.4429422616958618,0.48864510655403137,9.687597274780273
1700822877788900000,16.100900146484374,1.4574600458145142,0.4827440679073334,9.685718536376953
1700822877798897000,16.11089697265625,1.4721481800079346,0.47803136706352234,9.683732032775879
1700822877808911000,16.1209111328125,1.48167884349823,0.5149056315422058,9.680388450622559
1700822877818989000,16.130989013671876,1.5007935762405396,0.5456742644309998,9.67575740814209
1700822877829039000,16.1410390625,1.5464041233062744,0.5598834156990051,9.66775894165039
1700822877839007000,16.151007080078124,1.5726383924484253,0.5547393560409546,9.663822174072266
1700822877848912000,16.160911865234375,1.6060636043548584,0.5495485067367554,9.658620834350586
1700822877858884000,16.170884033203127,1.6344959735870361,0.5438947081565857,9.654170036315918
1700822877868892000,16.180891845703126,1.6545575857162476,0.5368894934654236,9.651144981384277
1700822877878938000,16.190938232421875,1.6711528301239014,0.5289040803909302,9.648726463317871
1700822877888867000,16.2008671875,1.6853517293930054,0.5207540392875671,9.646697998046875
1700822877899522000,16.21152197265625,1.6964447498321533,0.5133236050605774,9.64515209197998
1700822877908755000,16.2207548828125,1.7222713232040405,0.5007736682891846,9.641234397888184
1700822877918675000,16.230675048828125,1.753335952758789,0.48514556884765625,9.636432647705078
1700822877929598000,16.241597900390627,1.79375159740448,0.4649646580219269,9.629988670349121
1700822877938802000,16.250802001953126,1.8405238389968872,0.4417532980442047,9.622252464294434
1700822877948783000,16.260783203125,1.8930346965789795,0.41143590211868286,9.6134033203125
1700822877958753000,16.2707529296875,1.940166711807251,0.3779030442237854,9.60538101196289
1700822877968757000,16.280757080078125,1.9808728694915771,0.34297144412994385,9.598380088806152
1700822877979328000,16.291327880859374,2.0190651416778564,0.30692923069000244,9.59164047241211
1700822877988712000,16.3007119140625,2.0517024993896484,0.2776104807853699,9.585604667663574
1700822877998891000,16.31089111328125,2.0684149265289307,0.26941344141960144,9.58224868774414
1700822878008877000,16.320876953125,2.1246931552886963,0.08239976316690445,9.5733642578125
1700822878018812000,16.33081201171875,2.1481082439422607,0.01722176931798458,9.568474769592285
1700822878028857000,16.340857177734375,2.1693742275238037,-0.023963352665305138,9.563663482666016
1700822878038871000,16.35087109375,2.1996419429779053,-0.0682666078209877,9.55653190612793
1700822878048771000,16.36077099609375,2.2232539653778076,-0.05791618302464485,9.551135063171387
1700822878059609000,16.371609130859376,2.2394649982452393,-0.04791910573840141,9.547403335571289
1700822878068673000,16.380673095703123,2.2525341510772705,-0.03576952591538429,9.544381141662598
1700822878078641000,16.390640869140626,2.2356936931610107,-0.028346389532089233,9.548364639282227
1700822878088774000,16.40077392578125,2.2225279808044434,-0.01957709901034832,9.551459312438965
1700822878098643000,16.410642822265626,2.2460098266601562,0.0008832126040942967,9.54598617553711
1700822878108977000,16.420976806640624,2.2636280059814453,0.022656360641121864,9.54179573059082
1700822878118778000,16.430778076171876,2.2555744647979736,0.04588497057557106,9.543619155883789
1700822878128703000,16.440702880859376,2.2356836795806885,0.07252426445484161,9.548134803771973
1700822878138659000,16.4506591796875,2.224426507949829,0.09928864240646362,9.550521850585938
1700822878148794000,16.460794189453125,2.2242543697357178,0.12981383502483368,9.55019474029541
1700822878158909000,16.470908935546873,2.2258429527282715,0.16156652569770813,9.549342155456543
1700822878168823000,16.480822998046875,2.221557378768921,0.19413550198078156,9.549732208251953
1700822878178809000,16.49080908203125,2.2119946479797363,0.22812487185001373,9.551200866699219
1700822878188950000,16.500949951171876,2.1974833011627197,0.2630141079425812,9.553653717041016
1700822878198797000,16.510797119140626,2.186393976211548,0.29246318340301514,9.555340766906738
1700822878208837000,16.520837158203125,2.1819660663604736,0.3129045069217682,9.555706024169922
1700822878218797000,16.530797119140626,2.189194917678833,0.3264022767543793,9.553600311279297
1700822878228795000,16.540794921875,2.20884370803833,0.33370792865753174,9.548823356628418
1700822878238939000,16.55093896484375,2.2333552837371826,0.3330012559890747,9.543146133422852
1700822878248793000,16.56079296875,2.2504734992980957,0.3264905512332916,9.539348602294922
1700822878258854000,16.57085400390625,2.260422706604004,0.3155971169471741,9.537362098693848
1700822878268802000,16.580802001953124,2.2705469131469727,0.30174189805984497,9.535406112670898
1700822878278676000,16.590676025390625,2.293752431869507,0.2987801134586334,9.529943466186523
1700822878288947000,16.600947021484377,2.3191263675689697,0.29835692048072815,9.52381420135498
1700822878298928000,16.61092822265625,2.3300609588623047,0.2983914017677307,9.521143913269043
1700822878309169000,16.6211689453125,2.3338985443115234,0.3115040063858032,9.519783020019531
1700822878318849000,16.63084912109375,2.3436532020568848,0.32597091794013977,9.516902923583984
1700822878328727000,16.64072705078125,2.347830057144165,0.34430181980133057,9.515226364135742
1700822878338678000,16.650677978515624,2.3397915363311768,0.3595595955848694,9.516643524169922
1700822878348809000,16.66080908203125,2.331916332244873,0.3727303147315979,9.51806926727295
1700822878359216000,16.671216064453127,2.3281736373901367,0.38920068740844727,9.518325805664062
1700822878368793000,16.68079296875,2.328632354736328,0.4069608151912689,9.517471313476562
1700822878378742000,16.690741943359374,2.3251142501831055,0.42081543803215027,9.517728805541992
1700822878388833000,16.7008330078125,2.3011276721954346,0.4411328434944153,9.522637367248535
1700822878398960000,16.710960205078123,2.2695729732513428,0.4627303183078766,9.529182434082031
1700822878408974000,16.72097412109375,2.3247087001800537,0.5112459659576416,9.513398170471191
1700822878418839000,16.730839111328127,2.351386070251465,0.5400722026824951,9.50524616241455
1700822878428843000,16.740843017578126,2.3623292446136475,0.5409019589424133,9.502485275268555
1700822878438841000,16.750841064453127,2.3364977836608887,0.5293745994567871,9.509517669677734
1700822878448981000,16.76098095703125,2.2720489501953125,0.5219742655754089,9.525530815124512
1700822878458945000,16.770945068359374,2.208456039428711,0.5103086829185486,9.541106224060059
1700822878468905000,16.780905029296875,2.1673505306243896,0.4912453591823578,9.551526069641113
1700822878478744000,16.790744140625,2.1464173793792725,0.4753805696964264,9.557055473327637
1700822878489258000,16.801258056640624,2.149854898452759,0.47090983390808105,9.556504249572754
1700822878498873000,16.810873046875,2.186779737472534,0.47443246841430664,9.54794692993164
1700822878508879000,16.820879150390624,2.2418746948242188,0.481954962015152,9.534785270690918
1700822878518846000,16.830845947265626,2.2816553115844727,0.4827931821346283,9.525300025939941
1700822878528717000,16.840717041015626,2.2943007946014404,0.4729951322078705,9.522753715515137
1700822878538693000,16.850693115234375,2.2780258655548096,0.4618704915046692,9.527206420898438
1700822878549407000,16.861406982421876,2.245699644088745,0.4502209722995758,9.535435676574707
1700822878558889000,16.870888916015623,2.2022950649261475,0.4397866725921631,9.546041488647461
1700822878568828000,16.880827880859375,2.155256748199463,0.4228092432022095,9.557537078857422
1700822878578812000,16.89081201171875,2.122843027114868,0.40631696581840515,9.565503120422363
1700822878588817000,16.90081689453125,2.1192097663879395,0.38467004895210266,9.567203521728516
1700822878598844000,16.910843994140624,2.120821475982666,0.3614768087863922,9.567749977111816
1700822878608672000,16.920672119140626,2.104315996170044,0.342795193195343,9.57208251953125
1700822878618657000,16.930656982421876,2.0748438835144043,0.3364832401275635,9.578737258911133
1700822878628802000,16.940802001953124,2.054565906524658,0.33850744366645813,9.583035469055176
1700822878638866000,16.950865966796876,2.0388216972351074,0.33500295877456665,9.586520195007324
1700822878648648000,16.96064794921875,2.0117499828338623,0.32483285665512085,9.5925874710083
1700822878658774000,16.97077392578125,1.974052906036377,0.30799686908721924,9.600971221923828
1700822878668879000,16.980879150390624,1.936123013496399,0.29665130376815796,9.609048843383789
1700822878678838000,16.990838134765625,1.9041613340377808,0.2772451639175415,9.61601448059082
1700822878688886000,17.000885986328125,1.9511648416519165,0.5432558059692383,9.59521770477295
1700822878698909000,17.010908935546876,1.9784108400344849,0.645927369594574,9.583270072937012
1700822878708788000,17.0207880859375,1.9753742218017578,0.6175397634506226,9.585766792297363
1700822878718775000,17.030775146484373,1.9764424562454224,0.5829579830169678,9.587713241577148
1700822878728702000,17.040701904296874,1.979826807975769,0.5347486734390259,9.589823722839355
1700822878738692000,17.050692138671874,1.9737088680267334,0.47179216146469116,9.59438705444336
1700822878749132000,17.061132080078124,1.9543249607086182,0.39867112040519714,9.60167121887207
1700822878758855000,17.07085498046875,1.9250330924987793,0.3378294110298157,9.609916687011719
1700822878768941000,17.080941162109376,1.8873560428619385,0.28382396697998047,9.619132995605469
1700822878778825000,17.090824951171875,1.8317139148712158,0.2305322289466858,9.631306648254395
1700822878788821000,17.100821044921876,1.7343580722808838,0.19114771485328674,9.650175094604492
1700822878798726000,17.110725830078124,1.6329551935195923,0.1707753837108612,9.668231010437012
1700822878808863000,17.120863037109373,1.6159353256225586,0.1704445332288742,9.671095848083496
1700822878818666000,17.130666015625,1.7064920663833618,0.1934375911951065,9.655095100402832
1700822878828769000,17.14076904296875,1.8382514715194702,0.2393985390663147,9.62984561920166
1700822878838998000,17.150998046875,1.91306471824646,0.2923603057861328,9.613798141479492
1700822878848836000,17.160836181640626,1.9491761922836304,0.35391631722450256,9.604470252990723
1700822878858873000,17.170873046875,1.9812872409820557,0.42805591225624084,9.594878196716309
1700822878869038000,17.1810380859375,1.9748733043670654,0.5437041521072388,9.590340614318848
1700822878878711000,17.1907109375,1.9869763851165771,0.6582692861557007,9.580657958984375
1700822878888725000,17.20072509765625,2.028266429901123,0.7556821703910828,9.564804077148438
1700822878898755000,17.210755126953124,2.056309223175049,0.8460650444030762,9.551239013671875
1700822878908747000,17.2207470703125,2.0521225929260254,0.9385334849357605,9.543496131896973
1700822878918784000,17.230783935546874,2.013780117034912,1.041833758354187,9.540946006774902
1700822878928685000,17.24068505859375,1.960416316986084,1.1458359956741333,9.54013729095459
1700822878938787000,17.250787109375,1.9169864654541016,1.2227712869644165,9.539412498474121
1700822878948777000,17.26077685546875,1.8944836854934692,1.2611136436462402,9.53891658782959
1700822878958841000,17.270841064453126,1.8974848985671997,1.268589973449707,9.537327766418457
1700822878968984000,17.280984130859373,1.9170001745224,1.2648770809173584,9.533919334411621
1700822878978830000,17.290830078125,1.9428846836090088,1.2579326629638672,9.529595375061035
1700822878988742000,17.300741943359377,1.9672212600708008,1.2487390041351318,9.525812149047852
1700822878998761000,17.310760986328123,1.9871211051940918,1.2369441986083984,9.523221015930176
1700822879008866000,17.320865966796877,2.001997947692871,1.2244549989700317,9.52171802520752
1700822879019103000,17.33110302734375,2.008601188659668,1.2116448879241943,9.521965980529785
1700822879028713000,17.340712890625,2.0075199604034424,1.2012509107589722,9.523510932922363
1700822879038717000,17.350717041015624,2.014328718185425,1.1910147666931152,9.523358345031738
1700822879048922000,17.360922119140625,2.038006067276001,1.1817013025283813,9.519478797912598
1700822879058641000,17.370640869140626,2.0814287662506104,1.1750719547271729,9.510902404785156
1700822879068612000,17.380612060546873,2.134859323501587,1.1632835865020752,9.500503540039062
1700822879078794000,17.3907939453125,2.193312168121338,1.1463512182235718,9.489238739013672
1700822879088786000,17.400785888671876,2.2408900260925293,1.1255757808685303,9.480606079101562
1700822879098782000,17.410781982421874,2.277350664138794,1.1074483394622803,9.474051475524902
1700822879108780000,17.420780029296875,2.304736375808716,1.0979329347610474,9.468534469604492
1700822879118887000,17.430886962890625,2.323688268661499,1.102555274963379,9.463362693786621
1700822879128668000,17.44066796875,2.3414323329925537,1.1207772493362427,9.456846237182617
1700822879138805000,17.450804931640626,2.3697376251220703,1.1439499855041504,9.447015762329102
1700822879148780000,17.460780029296874,2.3958427906036377,1.167120099067688,9.437592506408691
1700822879158786000,17.4707861328125,2.4204206466674805,1.1843550205230713,9.429171562194824
1700822879168889000,17.48088916015625,2.4526443481445312,1.19019615650177,9.42010498046875
1700822879178916000,17.490916015625,2.4853479862213135,1.188390851020813,9.411757469177246
1700822879188726000,17.50072607421875,2.508993148803711,1.1918532848358154,9.40504264831543
1700822879198919000,17.5109189453125,2.522031307220459,1.204158067703247,9.399985313415527
1700822879208670000,17.520669921875,2.5312185287475586,1.2268562316894531,9.394579887390137
1700822879218811000,17.530810791015625,2.545680522918701,1.2618392705917358,9.386035919189453
1700822879228690000,17.54068994140625,2.5670571327209473,1.302929162979126,9.374592781066895
1700822879238774000,17.55077392578125,2.593479633331299,1.349361777305603,9.36074161529541
1700822879248911000,17.5609111328125,2.6113784313201904,1.3838682174682617,9.350722312927246
1700822879259191000,17.57119091796875,2.621994733810425,1.4142305850982666,9.343205451965332
1700822879268956000,17.580955810546875,2.6202831268310547,1.4337767362594604,9.340705871582031
1700822879278685000,17.590684814453127,2.6185920238494873,1.4525359869003296,9.338282585144043
1700822879288912000,17.600911865234377,2.395501136779785,1.1977554559707642,9.433839797973633
1700822879298938000,17.610938232421876,2.247035264968872,1.1143226623535156,9.480480194091797
1700822879308936000,17.62093603515625,2.1360461711883545,1.1233844757080078,9.505035400390625
1700822879318873000,17.630873046875,2.057711362838745,1.199497938156128,9.513012886047363
1700822879328722000,17.640721923828124,2.010946035385132,1.2855720520019531,9.511770248413086
1700822879338716000,17.6507158203125,1.993821620941162,1.3566466569900513,9.50550365447998
1700822879348820000,17.660820068359374,2.0048656463623047,1.387892246246338,9.498665809631348
1700822879358848000,17.670847900390626,2.0269877910614014,1.4161617755889893,9.489794731140137
1700822879368834000,17.680833984375,2.046703338623047,1.4330787658691406,9.483019828796387
1700822879378862000,17.690862060546873,2.0404562950134277,1.431623935699463,9.484586715698242
1700822879388798000,17.7007978515625,2.025569200515747,1.4394898414611816,9.486588478088379
1700822879398808000,17.71080810546875,2.003286361694336,1.473710298538208,9.486065864562988
1700822879408832000,17.72083203125,2.0165326595306396,1.4953943490982056,9.47986125946045
1700822879418841000,17.730841064453124,1.9476327896118164,1.593224048614502,9.478331565856934
1700822879428833000,17.7408330078125,1.9335744380950928,1.6282672882080078,9.47525405883789
1700822879438906000,17.750906005859374,1.9194897413253784,1.6676605939865112,9.471263885498047
1700822879448821000,17.760821044921876,1.9128174781799316,1.7124497890472412,9.464620590209961
1700822879458727000,17.770726806640624,1.90554940700531,1.7594345808029175,9.457465171813965
1700822879468872000,17.780871826171875,1.8942313194274902,1.8120611906051636,9.449800491333008
1700822879478844000,17.790843994140626,1.8902299404144287,1.8574068546295166,9.441792488098145
1700822879488856000,17.80085595703125,1.8950854539871216,1.8923397064208984,9.433880805969238
1700822879498853000,17.81085302734375,1.915239930152893,1.5353856086730957,9.494464874267578
1700822879508724000,17.820723876953124,1.9281530380249023,1.559730887413025,9.487878799438477
1700822879518996000,17.830995849609376,1.951074242591858,1.5793547630310059,9.479944229125977
1700822879528833000,17.8408330078125,1.9691576957702637,1.598386526107788,9.473012924194336
1700822879538603000,17.85060302734375,1.973828911781311,1.6334470510482788,9.466057777404785
1700822879548599000,17.86059912109375,1.9769368171691895,1.692849040031433,9.45496654510498
1700822879558834000,17.870833984375,1.9977561235427856,1.7562294006347656,9.43901538848877
1700822879568618000,17.880617919921875,2.02244234085083,1.8094723224639893,9.423689842224121
1700822879578839000,17.890839111328123,2.0344295501708984,1.8477686643600464,9.413673400878906
1700822879588836000,17.900836181640624,2.0410561561584473,1.8722219467163086,9.407404899597168
1700822879598847000,17.910846923828124,2.0421853065490723,1.8941645622253418,9.402765274047852
1700822879608737000,17.920737060546877,2.0367465019226074,1.915558099746704,9.399612426757812
1700822879618743000,17.930742919921876,2.035756826400757,1.9423283338546753,9.394330024719238
1700822879628772000,17.940772216796876,2.0446534156799316,1.9814128875732422,9.384231567382812
1700822879638748000,17.950747802734377,2.0519394874572754,2.0179412364959717,9.37485122680664
1700822879648768000,17.96076806640625,2.058600902557373,2.0472750663757324,9.36702823638916
1700822879658825000,17.970824951171874,2.071861505508423,2.130908250808716,9.345427513122559
1700822879668797000,17.980796875,2.066683053970337,2.1501307487487793,9.342170715332031
1700822879678814000,17.99081396484375,2.072510004043579,2.164029598236084,9.337669372558594
1700822879688882000,18.0008818359375,2.1000139713287354,2.1903069019317627,9.32538890838623
1700822879698803000,18.010802978515624,2.140000343322754,2.2284865379333496,9.307236671447754
1700822879708939000,18.02093896484375,2.1507246494293213,2.232663869857788,9.303762435913086
1700822879718888000,18.030887939453127,2.169066905975342,2.2313272953033447,9.299824714660645
1700822879728918000,18.04091796875,2.1891283988952637,2.227515459060669,9.296036720275879
1700822879738688000,18.05068798828125,2.2097458839416504,2.221184015274048,9.292673110961914
1700822879748859000,18.06085888671875,2.235440492630005,2.2095141410827637,9.289307594299316
1700822879758848000,18.070847900390625,2.261829137802124,2.1920535564422607,9.287056922912598
1700822879768704000,18.0807041015625,2.2867751121520996,2.1713836193084717,9.28580379486084
1700822879778681000,18.09068115234375,2.2947394847869873,2.154228925704956,9.287834167480469
1700822879788669000,18.1006689453125,2.2989132404327393,2.1365487575531006,9.290884971618652
1700822879798709000,18.110708984375,2.31369948387146,2.116682767868042,9.29176139831543
1700822879809051000,18.12105078125,2.3333580493927,2.0989716053009033,9.290863037109375
1700822879818695000,18.13069482421875,2.3450608253479004,2.0805041790008545,9.292071342468262
1700822879828662000,18.140662109375,2.344165802001953,2.06296706199646,9.2962064743042
1700822879838648000,18.15064794921875,2.3387796878814697,2.0498862266540527,9.300455093383789
1700822879848661000,18.160660888671874,2.338526487350464,2.0383546352386475,9.30305290222168
1700822879860888000,18.17288818359375,2.306554079055786,2.500169038772583,9.19779109954834
1700822879868899000,18.180899169921876,2.2813072204589844,2.70120906829834,9.147103309631348
1700822879878733000,18.190733154296876,2.2853941917419434,2.695467710494995,9.14777660369873
1700822879888718000,18.200718017578126,2.283409595489502,2.6927924156188965,9.149060249328613
1700822879898913000,18.2109130859375,2.2694194316864014,2.6931629180908203,9.15243148803711
1700822879908777000,18.22077685546875,2.24922513961792,2.6963043212890625,9.156490325927734
1700822879918810000,18.23081005859375,2.241209030151367,2.6958651542663574,9.158584594726562
1700822879928837000,18.240837158203124,2.2677338123321533,2.6900370121002197,9.153768539428711
1700822879939559000,18.251558837890624,2.3038113117218018,2.689077138900757,9.145037651062012
1700822879948966000,18.2609658203125,2.3260269165039062,2.6880760192871094,9.139707565307617
1700822879958780000,18.27077978515625,2.350402355194092,2.689054012298584,9.133180618286133
1700822879968772000,18.280772216796876,2.3879330158233643,2.6905879974365234,9.1229887008667
1700822879978905000,18.290905029296876,2.431969165802002,2.6792750358581543,9.114681243896484
1700822879988690000,18.30068994140625,2.4734578132629395,2.664066791534424,9.10797119140625
1700822879998643000,18.310642822265624,2.511587142944336,2.647183656692505,9.102458953857422
1700822880008701000,18.320700927734375,2.5423738956451416,2.6312954425811768,9.098517417907715
1700822880021690000,18.333690185546875,2.583528518676758,2.618398666381836,9.090641975402832
1700822880038805000,18.350804931640624,2.716895818710327,2.575340986251831,9.064022064208984
1700822880048656000,18.36065576171875,2.7942073345184326,2.5331079959869385,9.052412033081055
1700822880058850000,18.37085009765625,2.889263391494751,2.4655239582061768,9.041224479675293
1700822880068619000,18.380618896484375,3.0003857612609863,2.370640277862549,9.030400276184082
1700822880078749000,18.3907490234375,3.1018824577331543,2.2618138790130615,9.024018287658691
1700822880088689000,18.40068896484375,3.1592748165130615,2.1649506092071533,9.02786636352539
1700822880098751000,18.4107509765625,3.1736855506896973,2.087883234024048,9.040953636169434
1700822880108800000,18.420800048828124,3.1788840293884277,2.008157730102539,9.057173728942871
1700822880119094000,18.431093994140625,3.195972442626953,1.9136680364608765,9.071605682373047
1700822880128864000,18.440864013671874,3.2387614250183105,1.8042528629302979,9.078848838806152
1700822880138648000,18.45064794921875,3.2846477031707764,1.7023305892944336,9.082045555114746
1700822880148777000,18.46077685546875,3.3211095333099365,1.6063488721847534,9.086268424987793
1700822880158871000,18.47087109375,3.3371694087982178,1.5363118648529053,9.092494010925293
1700822880168868000,18.4808681640625,3.330732583999634,1.493877649307251,9.101919174194336
1700822880178878000,18.4908779296875,3.3226025104522705,1.4769599437713623,9.107651710510254
1700822880188734000,18.50073388671875,3.347181558609009,1.460502028465271,9.101303100585938
1700822880198877000,18.510876953125,3.3974411487579346,1.4313730001449585,9.087296485900879
1700822880208665000,18.5206650390625,3.4456613063812256,1.3938664197921753,9.074963569641113
1700822880218789000,18.5307890625,3.4793596267700195,1.3528492450714111,9.068310737609863
1700822880228821000,18.540821044921874,3.4837534427642822,1.3215501308441162,9.07123851776123
1700822880238736000,18.55073583984375,3.471061944961548,1.2970060110092163,9.079642295837402
1700822880248854000,18.56085400390625,3.4623661041259766,1.277380347251892,9.085742950439453
1700822880258875000,18.570875,3.4689273834228516,1.2664793729782104,9.084766387939453
1700822880268867000,18.5808671875,3.482776641845703,1.2602051496505737,9.080339431762695
1700822880278886000,18.590885986328125,3.472262144088745,1.2473174333572388,9.086143493652344
1700822880288761000,18.600760986328126,3.449704170227051,1.2312591075897217,9.096920013427734
1700822880298986000,18.610986083984375,3.428997755050659,1.2108933925628662,9.107475280761719
1700822880308803000,18.620802978515623,3.4252824783325195,1.195404291152954,9.110918045043945
1700822880318861000,18.630861083984374,3.4348702430725098,1.1843290328979492,9.108757019042969
1700822880328807000,18.640806884765624,3.4471421241760254,1.1744585037231445,9.105398178100586
1700822880338854000,18.65085400390625,3.4529693126678467,1.164838433265686,9.104424476623535
1700822880348913000,18.660912841796875,3.451629638671875,1.154919981956482,9.106196403503418
1700822880358890000,18.670889892578124,3.4561879634857178,1.1467279195785522,9.10550308227539
1700822880369977000,18.68197705078125,3.467623472213745,1.1333975791931152,9.102823257446289
1700822880378891000,18.69089111328125,3.476116418838501,1.1233257055282593,9.100831985473633
1700822880388879000,18.700879150390627,3.47632098197937,1.1202389001846313,9.101134300231934
1700822880398679000,18.710678955078127,3.4667391777038574,1.1323601007461548,9.103288650512695
1700822880408894000,18.72089404296875,3.448746681213379,1.15771484375,9.10693359375
1700822880419024000,18.73102392578125,3.4223690032958984,1.194749355316162,9.112098693847656
1700822880428753000,18.7407529296875,3.3863823413848877,1.2436089515686035,9.119004249572754
1700822880438815000,18.75081494140625,3.350914478302002,1.2947556972503662,9.12498664855957
1700822880448792000,18.7607919921875,3.310966968536377,1.3643200397491455,9.12943172454834
1700822880459683000,18.77168310546875,3.277754306793213,1.4369120597839355,9.130279541015625
1700822880468731000,18.78073095703125,3.2519216537475586,1.5168170928955078,9.126590728759766
1700822880478770000,18.79077001953125,3.2455239295959473,1.5925763845443726,9.115957260131836
1700822880488749000,18.8007490234375,3.2550694942474365,1.656977891921997,9.101062774658203
1700822880498851000,18.81085107421875,3.2680320739746094,1.7048475742340088,9.087566375732422
1700822880508723000,18.820722900390624,3.2747585773468018,1.737330436706543,9.078988075256348
1700822880518863000,18.830863037109374,3.2582921981811523,1.7650983333587646,9.079556465148926
1700822880528891000,18.840890869140626,3.217103958129883,1.7983936071395874,9.087706565856934
1700822880538965000,18.850965087890625,3.169543504714966,1.8364845514297485,9.096796035766602
1700822880548794000,18.860794189453124,3.1337506771087646,1.8712636232376099,9.1021089553833
1700822880558917000,18.870917236328125,3.1180288791656494,1.8977973461151123,9.10201358795166
1700822880568879000,18.880879150390626,3.1115472316741943,1.9268121719360352,9.098134994506836
1700822880578900000,18.89089990234375,3.107649564743042,1.9359172582626343,9.0975341796875
1700822880588996000,18.90099609375,3.085038185119629,1.9413459300994873,9.104071617126465
1700822880598945000,18.910945068359375,3.060579538345337,1.9444717168807983,9.111656188964844
1700822880608930000,18.920929931640625,3.0379085540771484,1.9496804475784302,9.11812686920166
1700822880618963000,18.930962890625,3.0128660202026367,1.9563710689544678,9.125000953674316
1700822880628796000,18.9407958984375,2.9942617416381836,1.955141544342041,9.131385803222656
1700822880638984000,18.95098388671875,2.9848921298980713,1.947238802909851,9.136140823364258
1700822880648653000,18.960653076171877,2.976696491241455,1.9336847066879272,9.141691207885742
1700822880658813000,18.97081298828125,2.966578483581543,1.9179195165634155,9.148301124572754
1700822880668731000,18.98073095703125,2.957609176635742,1.8998273611068726,9.154975891113281
1700822880678713000,18.990713134765624,2.9573349952697754,1.8810560703277588,9.158940315246582
1700822880688951000,19.000950927734376,2.9622602462768555,1.862697958946228,9.161100387573242
1700822880698947000,19.010947021484377,2.9641048908233643,1.838638424873352,9.165363311767578
1700822880708934000,19.020933837890624,2.9526185989379883,1.818252444267273,9.173133850097656
1700822880718982000,19.03098193359375,2.923760175704956,1.798349142074585,9.18629264831543
1700822880728866000,19.040865966796876,2.8992502689361572,1.7811927795410156,9.197397232055664
1700822880739215000,19.051215087890625,2.8811440467834473,1.7646342515945435,9.20627212524414
1700822880748862000,19.060862060546874,2.870300054550171,1.7460633516311646,9.213199615478516
1700822880759022000,19.07102197265625,2.8573782444000244,1.7321614027023315,9.219837188720703
1700822880768984000,19.080984130859374,2.8338382244110107,1.716810941696167,9.229968070983887
1700822880778968000,19.090968017578124,2.8040003776550293,1.695421814918518,9.243025779724121
1700822880788708000,19.1007080078125,2.7865841388702393,1.6696470975875854,9.252979278564453
1700822880798866000,19.110865966796876,3.041860342025757,1.276890754699707,9.235097885131836
1700822880808972000,19.120971923828126,3.2004144191741943,1.014215350151062,9.214071273803711
1700822880818982000,19.13098193359375,3.1949775218963623,0.9770351052284241,9.21997356414795
1700822880828839000,19.1408388671875,3.1788504123687744,0.9433879256248474,9.229048728942871
1700822880839036000,19.151035888671874,3.1575515270233154,0.9142392873764038,9.239286422729492
1700822880848839000,19.1608388671875,3.133479356765747,0.8889979124069214,9.24993896484375
1700822880858969000,19.170968994140626,3.289836883544922,1.1387629508972168,9.167911529541016
1700822880868830000,19.180829833984376,3.316229820251465,1.3355869054794312,9.131769180297852
1700822880878859000,19.19085888671875,3.293088436126709,1.521604061126709,9.1110200881958
1700822880888992000,19.200991943359377,3.2837376594543457,1.502958059310913,9.117486000061035
1700822880898970000,19.21097021484375,3.27695369720459,1.4764471054077148,9.124256134033203
1700822880908841000,19.220841064453126,3.2762441635131836,1.4498326778411865,9.128779411315918
1700822880918883000,19.230883056640625,3.2884328365325928,1.4264947175979614,9.128073692321777
1700822880928834000,19.240833984375,3.3038265705108643,1.4036369323730469,9.126057624816895
1700822880938831000,19.2508310546875,3.313586950302124,1.3750959634780884,9.126863479614258
1700822880948696000,19.260696044921875,3.324348211288452,1.3395888805389404,9.1282320022583
1700822880958687000,19.27068701171875,3.335447311401367,1.3055152893066406,9.129117965698242
1700822880968861000,19.28086083984375,3.340644598007202,1.2660484313964844,9.132776260375977
1700822880978886000,19.290885986328124,3.3537189960479736,1.2285194396972656,9.133110046386719
1700822880988908000,19.300907958984375,3.2509803771972656,1.0458368062973022,9.19281005859375
1700822880999547000,19.311546875,3.276240348815918,1.0047317743301392,9.188424110412598
1700822881008862000,19.320862060546876,3.2935471534729004,0.9546990394592285,9.187572479248047
1700822881018975000,19.33097509765625,3.29316782951355,0.8902856111526489,9.194173812866211
1700822881028877000,19.340876953125,3.304614543914795,0.8303513526916504,9.195673942565918
1700822881038651000,19.35065087890625,3.3427693843841553,0.7911074161529541,9.185338020324707
1700822881048898000,19.36089794921875,3.381913423538208,0.7623749375343323,9.173431396484375
1700822881059125000,19.371125,3.4052321910858154,0.733268678188324,9.16717529296875
1700822881071768000,19.38376806640625,3.411820650100708,0.7029480934143066,9.16710090637207
1700822881088842000,19.400842041015625,3.4278125762939453,0.643045961856842,9.165533065795898
1700822881098639000,19.41063916015625,3.4367706775665283,0.6114683747291565,9.164339065551758
1700822881108901000,19.420901123046875,3.4353368282318115,0.5888307094573975,9.16635799407959
1700822881118873000,19.430873046875,3.4298195838928223,0.5726353526115417,9.169449806213379
1700822881128830000,19.440829833984374,3.420656681060791,0.5647101402282715,9.173364639282227
1700822881139153000,19.45115283203125,3.4090473651885986,0.5633440613746643,9.17776870727539
1700822881148751000,19.460751220703123,3.2934441566467285,0.8278610110282898,9.199906349182129
1700822881158662000,19.470661865234376,3.2775566577911377,0.827589213848114,9.205602645874023
1700822881168732000,19.48073193359375,3.254554033279419,0.8292515873908997,9.21360969543457
1700822881178856000,19.49085595703125,3.2265448570251465,0.8341802358627319,9.223011016845703
1700822881188773000,19.500773193359375,3.196636199951172,0.8435074687004089,9.232573509216309
1700822881198678000,19.510677978515623,3.1599719524383545,0.8601301312446594,9.24365520477295
1700822881208677000,19.520677001953125,3.1213808059692383,0.8717483878135681,9.255669593811035
1700822881218808000,19.53080810546875,3.074998140335083,0.8800693154335022,9.270397186279297
1700822881228926000,19.540926025390625,3.0303616523742676,0.8915724158287048,9.283987045288086
1700822881238717000,19.550717041015623,2.988304615020752,0.9132654666900635,9.295503616333008
1700822881248958000,19.5609580078125,2.935791254043579,0.9291446208953857,9.310651779174805
1700822881258885000,19.570885009765625,2.878984212875366,0.9410971999168396,9.327174186706543
1700822881268865000,19.580864990234375,2.8354718685150146,0.9571537375450134,9.338863372802734
1700822881278998000,19.590998046875,2.7983617782592773,0.9807976484298706,9.3475980758667
1700822881289293000,19.60129296875,2.766413927078247,1.00495183467865,9.35453987121582
1700822881298843000,19.6108427734375,2.723766326904297,1.0298837423324585,9.364337921142578
1700822881308882000,19.6208818359375,2.6770646572113037,1.0559700727462769,9.374895095825195
1700822881318868000,19.630867919921876,2.637782573699951,1.0704528093338013,9.384382247924805
1700822881328987000,19.64098681640625,2.6109793186187744,1.0736167430877686,9.39151382446289
1700822881339229000,19.65122900390625,2.5897324085235596,1.068945050239563,9.397927284240723
1700822881348895000,19.66089501953125,2.562699794769287,1.0610235929489136,9.406231880187988
1700822881358901000,19.67090087890625,2.5301997661590576,1.048900842666626,9.416383743286133
1700822881368737000,19.680737060546875,2.5007662773132324,1.0334657430648804,9.425950050354004
1700822881378911000,19.690910888671876,2.4882500171661377,1.0154457092285156,9.431218147277832
1700822881388796000,19.7007958984375,2.486732006072998,0.9997554421424866,9.433294296264648
1700822881398635000,19.710635009765625,2.4783427715301514,0.9896487593650818,9.436566352844238
1700822881408753000,19.7207529296875,2.471297264099121,0.9830495119094849,9.439105033874512
1700822881418765000,19.73076513671875,2.4689700603485107,0.9720140099525452,9.440855979919434
1700822881428811000,19.74081103515625,2.4742181301116943,0.9636179804801941,9.440342903137207
1700822881438701000,19.750701171875,2.4780285358428955,0.9569888710975647,9.440017700195312
1700822881448955000,19.760954833984375,2.4734139442443848,0.948678195476532,9.44206714630127
1700822881458821000,19.770821044921874,2.521070718765259,0.7825403809547424,9.444693565368652
1700822881468833000,19.7808330078125,2.5281319618225098,0.7084814310073853,9.448650360107422
1700822881478912000,19.790912109375,2.543524742126465,0.6584042906761169,9.448142051696777
1700822881489181000,19.801180908203126,2.5139763355255127,0.5210039615631104,9.46461296081543
1700822881498921000,19.8109208984375,2.5167016983032227,0.5210442543029785,9.463884353637695
1700822881509040000,19.8210400390625,2.500523805618286,0.5113608241081238,9.46869945526123
1700822881518640000,19.83064013671875,2.4784388542175293,0.5037386417388916,9.47491455078125
1700822881528759000,19.840759033203124,2.4706733226776123,0.4997492730617523,9.477151870727539
1700822881538776000,19.850776123046874,2.4642529487609863,0.4971829354763031,9.478959083557129
1700822881548887000,19.860886962890625,2.39149808883667,0.5247293710708618,9.49609375
1700822881558767000,19.87076708984375,2.3773412704467773,0.5256695747375488,9.49959659576416
1700822881568888000,19.88088818359375,2.366328239440918,0.5218199491500854,9.502557754516602
1700822881578667000,19.8906669921875,2.348414182662964,0.5059189200401306,9.507859230041504
1700822881588872000,19.900871826171876,2.3277790546417236,0.4851420819759369,9.51401424407959
1700822881598734000,19.910734130859375,2.3101329803466797,0.4682420790195465,9.519160270690918
1700822881608770000,19.92077001953125,2.298123598098755,0.45688891410827637,9.52262020111084
1700822881618634000,19.930634033203123,2.291761636734009,0.45207157731056213,9.524382591247559
1700822881628726000,19.94072607421875,2.2877442836761475,0.4566793739795685,9.525126457214355
1700822881638767000,19.95076708984375,2.2821218967437744,0.4702130854129791,9.525818824768066
1700822881648925000,19.960925048828123,2.279329299926758,0.4852335453033447,9.525733947753906
1700822881658868000,19.970867919921876,2.2766339778900146,0.49925243854522705,9.525653839111328
1700822881668794000,19.980794189453125,2.2563881874084473,0.5174497365951538,9.529500007629395
1700822881678761000,19.990760986328127,2.231379985809326,0.5089133977890015,9.535844802856445
1700822881688902000,20.00090185546875,2.220453977584839,0.5097224116325378,9.538352012634277
1700822881698956000,20.0109560546875,2.222662925720215,0.5115440487861633,9.537739753723145
1700822881708814000,20.02081396484375,2.2358334064483643,0.5122817158699036,9.534622192382812
1700822881719076000,20.031076171875,2.2424445152282715,0.5185986161231995,9.53272819519043
1700822881728921000,20.040921142578124,2.240353584289551,0.527589738368988,9.53272533416748
1700822881738821000,20.050821044921875,2.236156702041626,0.5379308462142944,9.533133506774902
1700822881748875000,20.060875,2.236024856567383,0.5490952134132385,9.532526969909668
1700822881758684000,20.070683837890623,2.2385358810424805,0.558998167514801,9.531362533569336
1700822881768761000,20.080760986328126,2.1630795001983643,0.568674623966217,9.548198699951172
1700822881778941000,20.09094091796875,2.11398983001709,0.6329966187477112,9.555142402648926
1700822881788922000,20.100922119140623,2.0460197925567627,0.7705222964286804,9.559837341308594
1700822881798904000,20.110904052734377,2.020374059677124,0.853866696357727,9.558212280273438
1700822881808846000,20.12084619140625,2.025871753692627,0.8720762729644775,9.555402755737305
1700822881818819000,20.130819091796877,2.0326156616210938,0.8863617181777954,9.552655220031738
1700822881830122000,20.1421220703125,2.0369582176208496,0.8987176418304443,9.550577163696289
1700822881840539000,20.152538818359375,2.0488951206207275,0.8700149655342102,9.550681114196777
1700822881848866000,20.160865966796877,2.079265594482422,0.8177064061164856,9.548738479614258
1700822881859089000,20.1710888671875,2.09647536277771,0.8302733302116394,9.543889999389648
1700822881868752000,20.180751953125,2.120907783508301,0.8393670320510864,9.537693977355957
1700822881878682000,20.19068212890625,2.1466970443725586,0.8463386297225952,9.531306266784668
1700822881888852000,20.20085205078125,2.170858860015869,0.8573933839797974,9.524843215942383
1700822881898984000,20.21098388671875,2.1924517154693604,0.8770415186882019,9.518106460571289
1700822881908821000,20.220821044921873,2.2100911140441895,0.9098936915397644,9.510940551757812
1700822881918967000,20.230967041015624,2.218684673309326,0.9434212446212769,9.505670547485352
1700822881928872000,20.240871826171876,2.232649564743042,0.9829735159873962,9.498390197753906
1700822881938845000,20.250844970703124,2.2589728832244873,1.021409034729004,9.488107681274414
1700822881948834000,20.260833984375,2.3043651580810547,1.0608645677566528,9.472847938537598
1700822881958727000,20.270726806640624,2.3630175590515137,1.1142852306365967,9.45224380493164
1700822881969090000,20.281090087890625,2.426198959350586,1.1701862812042236,9.429454803466797
1700822881978713000,20.290713134765625,2.486189842224121,1.2350714206695557,9.405522346496582
1700822881988840000,20.30083984375,2.521941661834717,1.2863157987594604,9.389120101928711
1700822881998861000,20.310861083984374,2.550483226776123,1.3364447355270386,9.374398231506348
1700822882008755000,20.3207548828125,2.576366662979126,1.3896780014038086,9.35956859588623
1700822882018976000,20.33097607421875,2.6019957065582275,1.4381077289581299,9.345152854919434
1700822882028686000,20.34068603515625,2.626654624938965,1.4743837118148804,9.332592010498047
1700822882038951000,20.350950927734374,2.6433517932891846,1.4966977834701538,9.324321746826172
1700822882048668000,20.36066796875,2.662879467010498,1.5167723894119263,9.315516471862793
1700822882058680000,20.37068017578125,2.6875104904174805,1.5378613471984863,9.304981231689453
1700822882068769000,20.38076904296875,2.714810609817505,1.5638275146484375,9.292719841003418
1700822882078620000,20.390619873046877,2.744853973388672,1.5952250957489014,9.278546333312988
1700822882088759000,20.400759033203126,2.779021978378296,1.6271958351135254,9.262810707092285
1700822882098763000,20.410762939453125,2.806036949157715,1.6435420513153076,9.251773834228516
1700822882108732000,20.42073193359375,2.8109967708587646,1.6474180221557617,9.249579429626465
1700822882118648000,20.43064794921875,2.8335487842559814,1.6682080030441284,9.23896598815918
1700822882128642000,20.44064208984375,2.8745386600494385,1.6814544200897217,9.22389030456543
1700822882138669000,20.4506689453125,2.9191012382507324,1.685137152671814,9.209209442138672
1700822882149031000,20.461031005859375,2.9495928287506104,1.6876229047775269,9.199033737182617
1700822882158926000,20.470926025390625,2.978593587875366,1.6834999322891235,9.190441131591797
1700822882169134000,20.481134033203126,3.009077787399292,1.6657415628433228,9.183743476867676
1700822882178668000,20.49066796875,3.033790349960327,1.6441019773483276,9.179511070251465
1700822882188655000,20.500655029296876,3.047746181488037,1.6348040103912354,9.176549911499023
1700822882198799000,20.510799072265623,3.050493001937866,1.6238199472427368,9.177586555480957
1700822882208668000,20.52066796875,3.0532143115997314,1.597567081451416,9.18128776550293
1700822882218847000,20.530846923828125,3.0601906776428223,1.5758532285690308,9.182718276977539
1700822882228708000,20.5407080078125,3.0761520862579346,1.5606743097305298,9.179976463317871
1700822882238878000,20.5508779296875,3.101546287536621,1.5495710372924805,9.173310279846191
1700822882248890000,20.56089013671875,3.1348843574523926,1.5421788692474365,9.163219451904297
1700822882258744000,20.570744140625,3.175570487976074,1.5329557657241821,9.150748252868652
1700822882268774000,20.58077392578125,3.2132506370544434,1.521704912185669,9.139464378356934
1700822882278682000,20.59068212890625,3.2433998584747314,1.505764365196228,9.131453514099121
1700822882288713000,20.600712890625,3.2644026279449463,1.4812355041503906,9.127978324890137
1700822882298689000,20.61068896484375,3.2742960453033447,1.453324556350708,9.128922462463379
1700822882308837000,20.620837158203123,3.2748374938964844,1.4257959127426147,9.133069038391113
1700822882318735000,20.630735107421874,3.276088237762451,1.4002050161361694,9.136578559875488
1700822882328719000,20.640718994140624,3.280771017074585,1.3752634525299072,9.138686180114746
1700822882338757000,20.650757080078126,3.2854578495025635,1.3508704900741577,9.140640258789062
1700822882348811000,20.66081103515625,3.2741427421569824,1.3240888118743896,9.148614883422852
1700822882358723000,20.67072314453125,3.24314022064209,1.2999346256256104,9.163111686706543
1700822882368841000,20.680841064453126,3.209907293319702,1.2787361145019531,9.177783966064453
1700822882378837000,20.6908369140625,3.1881730556488037,1.263892412185669,9.187410354614258
1700822882388650000,20.70064990234375,3.183253049850464,1.2559528350830078,9.190205574035645
1700822882398641000,20.710640869140626,3.1871001720428467,1.2515803575515747,9.189468383789062
1700822882408748000,20.720748046875,3.1945607662200928,1.2500619888305664,9.187084197998047
1700822882418754000,20.730754150390624,3.1967129707336426,1.2471710443496704,9.186729431152344
1700822882428809000,20.74080908203125,3.191702127456665,1.2420581579208374,9.189164161682129
1700822882438644000,20.75064404296875,3.1769092082977295,1.229570984840393,9.195965766906738
1700822882448789000,20.7607890625,3.1523096561431885,1.2155463695526123,9.206290245056152
1700822882458770000,20.77077001953125,3.119832992553711,1.1972718238830566,9.219738006591797
1700822882468802000,20.780802001953123,3.0796844959259033,1.1676322221755981,9.237021446228027
1700822882478966000,20.790966064453126,3.0256145000457764,1.1222820281982422,9.260481834411621
1700822882488800000,20.800800048828126,2.967186212539673,1.0844640731811523,9.28386402130127
1700822882498819000,20.810819091796876,2.911062002182007,1.0540580749511719,9.305110931396484
1700822882508830000,20.820829833984376,2.866544723510742,1.0267919301986694,9.3219633102417
1700822882518930000,20.830929931640625,2.8216776847839355,1.0061910152435303,9.337885856628418
1700822882528826000,20.840826171875,2.7698862552642822,0.9895862340927124,9.355151176452637
1700822882538929000,20.850928955078125,2.7136552333831787,0.9800234436988831,9.372620582580566
1700822882548987000,20.86098681640625,2.652966022491455,0.975264847278595,9.39047622680664
1700822882558647000,20.87064697265625,2.587475061416626,0.9731842279434204,9.408946990966797
1700822882568634000,20.880634033203126,2.5236976146698,0.9759837985038757,9.42596435546875
1700822882578700000,20.890699951171875,2.4624791145324707,0.9829028248786926,9.441425323486328
1700822882588642000,20.90064208984375,2.4137496948242188,0.9851418137550354,9.453765869140625
1700822882598809000,20.91080908203125,2.369621992111206,0.983256995677948,9.465121269226074
1700822882608895000,20.92089501953125,2.333559274673462,0.9846788644790649,9.473926544189453
1700822882618642000,20.930641845703125,2.304218292236328,0.9923802614212036,9.480303764343262
1700822882628670000,20.940669921875,2.2802233695983887,1.0051707029342651,9.484755516052246
1700822882638996000,20.950995849609374,2.2563884258270264,1.0159125328063965,9.489311218261719
1700822882648933000,20.96093310546875,2.226987600326538,1.0211215019226074,9.495696067810059
1700822882658956000,20.9709560546875,2.194016218185425,1.0265473127365112,9.50278377532959
1700822882668893000,20.980892822265623,2.169199228286743,1.0315054655075073,9.507943153381348
1700822882681002000,20.993001953125,2.1490206718444824,1.0394198894500732,9.511661529541016
1700822882698836000,21.0108359375,2.1109697818756104,1.0342588424682617,9.520740509033203
1700822882708801000,21.020801025390625,2.099423885345459,1.0169258117675781,9.525161743164062
1700822882718669000,21.0306689453125,2.073855400085449,1.0074489116668701,9.531765937805176
1700822882728666000,21.040666015625,2.0439629554748535,1.004577398300171,9.538524627685547
1700822882739094000,21.051093994140626,2.021071195602417,1.0065308809280396,9.543194770812988
1700822882749181000,21.061180908203124,2.0193376541137695,1.0105246305465698,9.543139457702637
1700822882759029000,21.071029052734374,2.067819833755493,1.0170069932937622,9.532061576843262
1700822882768873000,21.080873046875,2.1232731342315674,1.0228241682052612,9.51923942565918
1700822882778891000,21.09089111328125,2.1659348011016846,1.0298653841018677,9.50886344909668
1700822882788741000,21.1007412109375,2.1891112327575684,1.0355275869369507,9.50294017791748
1700822882798988000,21.110988037109376,2.200833797454834,1.034381628036499,9.500356674194336
1700822882808860000,21.12085986328125,2.2037246227264404,1.026389241218567,9.500553131103516
1700822882818897000,21.13089697265625,2.2044665813446045,1.014227271080017,9.501688003540039
1700822882828777000,21.14077685546875,2.211691379547119,1.0014605522155762,9.501362800598145
1700822882838838000,21.150838134765625,2.2260324954986572,0.9929106831550598,9.498909950256348
1700822882848732000,21.16073193359375,2.243556499481201,0.9908975958824158,9.49499797821045
1700822882859016000,21.171015869140625,2.26580810546875,0.9850974082946777,9.490315437316895
1700822882868756000,21.180755859375,2.2793984413146973,0.9774892330169678,9.487848281860352
1700822882878778000,21.190778076171874,2.498706579208374,0.7707657814025879,9.451601028442383
1700822882888860000,21.20085986328125,2.6053555011749268,0.6934694647789001,9.428765296936035
1700822882898913000,21.2109130859375,2.6196842193603516,0.6813584566116333,9.425678253173828
1700822882909059000,21.22105908203125,2.622180938720703,0.6672513484954834,9.425992965698242
1700822882918891000,21.23089111328125,2.619849920272827,0.6564624905586243,9.427398681640625
1700822882928869000,21.240869140625,2.617576837539673,0.645090639591217,9.428812980651855
1700822882938886000,21.250885986328125,2.620083808898926,0.6365633606910706,9.428698539733887
1700822882948847000,21.26084716796875,2.6305253505706787,0.6321355700492859,9.426087379455566
1700822882958993000,21.270992919921873,2.6365694999694824,0.6312205195426941,9.424461364746094
1700822882968885000,21.280885009765626,2.6371023654937744,0.6391238570213318,9.423778533935547
1700822882978898000,21.29089794921875,2.6359453201293945,0.6535001397132874,9.423116683959961
1700822882988989000,21.300989013671874,2.647608995437622,0.6715446710586548,9.41857624053955
1700822882998853000,21.31085302734375,2.684187650680542,0.6918445229530334,9.406747817993164
1700822883008995000,21.3209951171875,2.7207438945770264,0.7112459540367126,9.39478874206543
1700822883018985000,21.33098486328125,2.7399587631225586,0.7313117384910583,9.387662887573242
1700822883029449000,21.341448974609374,2.7571144104003906,0.7551456093788147,9.380748748779297
1700822883038636000,21.350635986328125,2.7744157314300537,0.7770742177963257,9.373856544494629
1700822883048654000,21.360654052734375,2.7843220233917236,0.7994993925094604,9.369029998779297
1700822883058639000,21.37063916015625,2.780149221420288,0.8215376138687134,9.368364334106445
1700822883068634000,21.380634033203126,2.7724907398223877,0.839748740196228,9.3690185546875
1700822883078628000,21.390628173828127,2.792997121810913,0.8601137399673462,9.361078262329102
1700822883088714000,21.4007138671875,2.828728199005127,0.8865092992782593,9.347875595092773
1700822883099157000,21.411156982421875,2.8459694385528564,0.9085691571235657,9.340521812438965
1700822883108858000,21.420858154296877,2.861238479614258,0.9315648078918457,9.333590507507324
1700822883118946000,21.430946044921875,2.892116069793701,0.959817111492157,9.321202278137207
1700822883128839000,21.4408388671875,2.932880163192749,0.9940928816795349,9.304858207702637
1700822883138977000,21.45097705078125,2.9633407592773438,1.0293097496032715,9.291369438171387
1700822883148928000,21.460927978515624,2.9780914783477783,1.062735915184021,9.282885551452637
1700822883158729000,21.47072900390625,2.983393907546997,1.0938012599945068,9.277572631835938
1700822883168868000,21.4808681640625,2.987515449523926,1.1190788745880127,9.27323055267334
1700822883178900000,21.49089990234375,2.9996001720428467,1.140858769416809,9.26667308807373
1700822883188751000,21.500751220703126,3.040111780166626,1.161916971206665,9.25084114074707
1700822883199175000,21.5111748046875,3.070409059524536,1.1823115348815918,9.238242149353027
1700822883212857000,21.524857177734376,3.082103967666626,1.201735258102417,9.231840133666992
1700822883228689000,21.54068896484375,3.15164852142334,1.2590192556381226,9.20067310333252
1700822883238668000,21.55066796875,3.1862447261810303,1.293518304824829,9.18395709991455
1700822883250609000,21.56260888671875,3.2063958644866943,1.3267697095870972,9.17219066619873
1700822883258656000,21.570656005859377,3.219059467315674,1.3571668863296509,9.16330337524414
1700822883268772000,21.580772216796873,3.231727361679077,1.3842370510101318,9.154790878295898
1700822883278894000,21.59089404296875,3.241849422454834,1.4120439291000366,9.146963119506836
1700822883288738000,21.600738037109377,3.270477771759033,1.4400538206100464,9.132393836975098
1700822883298732000,21.61073193359375,3.2945547103881836,1.4683210849761963,9.119229316711426
1700822883308761000,21.620760986328126,3.319459915161133,1.4972628355026245,9.105480194091797
1700822883318755000,21.630755126953126,2.7087159156799316,1.5688599348068237,9.29365062713623
1700822883328780000,21.640780029296874,2.3736863136291504,1.579581618309021,9.383012771606445
1700822883338796000,21.650796142578123,2.2213237285614014,1.557665228843689,9.423894882202148
1700822883348886000,21.660885986328125,2.2112104892730713,1.5605335235595703,9.425799369812012
1700822883358839000,21.670839111328124,2.22131609916687,1.5725170373916626,9.421430587768555
1700822883368916000,21.680916015625,2.2362358570098877,1.5866957902908325,9.415521621704102
1700822883378939000,21.69093896484375,2.246170997619629,1.6016359329223633,9.410625457763672
1700822883388820000,21.700820068359373,2.2516062259674072,1.6159566640853882,9.406878471374512
1700822883398823000,21.710822998046876,2.2491025924682617,1.633313775062561,9.404479026794434
1700822883408867000,21.7208671875,2.255239486694336,1.6474159955978394,9.400547981262207
1700822883418860000,21.730860107421876,2.2631452083587646,1.6642200946807861,9.3956880569458
1700822883428976000,21.74097607421875,2.2703709602355957,1.6838475465774536,9.390445709228516
1700822883438851000,21.75085107421875,2.272127389907837,1.7048522233963013,9.38623046875
1700822883448822000,21.760822021484376,2.270066261291504,1.7280604839324951,9.38248348236084
1700822883458711000,21.7707109375,2.268742799758911,1.7529306411743164,9.378188133239746
1700822883468857000,21.780857177734376,2.2669284343719482,1.7799040079116821,9.373546600341797
1700822883478919000,21.7909189453125,2.2648894786834717,1.807816743850708,9.368696212768555
1700822883488918000,21.80091796875,2.2631890773773193,1.8384581804275513,9.363142967224121
1700822883498944000,21.810944091796873,2.262174367904663,1.8724076747894287,9.356657028198242
1700822883508809000,21.82080908203125,2.26302433013916,1.9092309474945068,9.349008560180664
1700822883518821000,21.830821044921876,2.2649893760681152,1.9501441717147827,9.340084075927734
1700822883528828000,21.840827880859376,2.2664425373077393,1.9946407079696655,9.330328941345215
1700822883538827000,21.850826904296873,2.2668399810791016,2.04073429107666,9.320259094238281
1700822883548772000,21.860772216796875,2.260542392730713,2.063535690307617,9.316766738891602
1700822883558812000,21.87081201171875,2.25726580619812,2.0845534801483154,9.312883377075195
1700822883569087000,21.8810869140625,2.2592759132385254,2.102621078491211,9.308333396911621
1700822883578706000,21.890705810546876,2.2658910751342773,2.1165335178375244,9.303570747375488
1700822883588863000,21.900863037109374,2.276057481765747,2.127232789993286,9.298645973205566
1700822883599269000,21.91126904296875,2.4220130443573,2.3767058849334717,9.200843811035156
1700822883608822000,21.920822021484376,2.434288740158081,2.37937331199646,9.196913719177246
1700822883618858000,21.93085791015625,2.447033166885376,2.3800160884857178,9.193364143371582
1700822883628861000,21.94086083984375,2.462134838104248,2.3783767223358154,9.1897554397583
1700822883639222000,21.951221923828125,2.4788553714752197,2.3746047019958496,9.186235427856445
1700822883648773000,21.960773193359376,2.4960079193115234,2.3689985275268555,9.183036804199219
1700822883658870000,21.9708701171875,2.519235134124756,2.359898090362549,9.179038047790527
1700822883668709000,21.980709228515625,2.5419440269470215,2.3515431880950928,9.174920082092285
1700822883678731000,21.99073095703125,2.565918445587158,2.3430235385894775,9.170425415039062
1700822883688813000,22.00081298828125,2.5891871452331543,2.3340604305267334,9.166170120239258
1700822883699283000,22.011282958984374,2.6090712547302246,2.3258774280548096,9.16261100769043
1700822883708816000,22.02081591796875,2.628086805343628,2.3160786628723145,9.15965747833252
1700822883719111000,22.03111083984375,2.649841785430908,2.3066112995147705,9.155777931213379
1700822883729055000,22.041054931640623,2.7872183322906494,2.5776731967926025,9.041980743408203
1700822883738750000,22.05075,2.870250940322876,2.7272982597351074,8.971837997436523
1700822883748879000,22.060879150390626,2.924363136291504,2.8051810264587402,8.930253982543945
1700822883758875000,22.070875,2.96041202545166,2.8508942127227783,8.903861999511719
1700822883768731000,22.08073095703125,2.9893267154693604,2.879833698272705,8.884868621826172
1700822883778919000,22.0909189453125,3.013908624649048,2.8941426277160645,8.871904373168945
1700822883788984000,22.100984130859374,3.0366759300231934,2.8944880962371826,8.86402416229248
1700822883798780000,22.11077978515625,3.0590784549713135,2.8884172439575195,8.858301162719727
1700822883808844000,22.120843994140625,3.0807905197143555,2.880352020263672,8.853401184082031
1700822883819068000,22.13106787109375,3.101616621017456,2.87345552444458,8.848368644714355
1700822883828871000,22.140870849609374,3.123009204864502,2.866145372390747,8.843213081359863
1700822883838774000,22.15077392578125,3.146739959716797,2.858224630355835,8.837363243103027
1700822883849354000,22.16135400390625,3.171996831893921,2.8493332862854004,8.831201553344727
1700822883858919000,22.1709189453125,3.1998164653778076,2.838369369506836,8.824694633483887
1700822883868734000,22.18073388671875,3.2267568111419678,2.822826862335205,8.819869995117188
1700822883878742000,22.190741943359374,3.2515933513641357,2.801893949508667,8.817421913146973
1700822883888827000,22.200826904296875,3.2751095294952393,2.775318145751953,8.817122459411621
1700822883899093000,22.211093017578126,3.2980217933654785,2.742478847503662,8.818857192993164
1700822883909091000,22.221091064453127,3.3217246532440186,2.7059731483459473,8.82123851776123
1700822883918881000,22.230881103515625,3.3431992530822754,2.6676225662231445,8.824806213378906
1700822883929035000,22.241034912109374,3.3606865406036377,2.6304450035095215,8.829322814941406
1700822883938860000,22.250860107421875,3.372544527053833,2.598620653152466,8.834224700927734
1700822883948949000,22.260948974609374,3.3800785541534424,2.571859836578369,8.839174270629883
1700822883958818000,22.270818115234373,3.3841638565063477,2.5497312545776367,8.844021797180176
1700822883969141000,22.28114111328125,3.3853960037231445,2.527409553527832,8.849954605102539
1700822883978726000,22.290725830078124,3.3842971324920654,2.5072786808013916,8.856098175048828
1700822883988726000,22.30072607421875,3.3830769062042236,2.4863719940185547,8.862456321716309
1700822883998962000,22.3109619140625,3.381009101867676,2.4630916118621826,8.869743347167969
1700822884009216000,22.321216064453125,3.3784663677215576,2.4380228519439697,8.87763500213623
1700822884018766000,22.33076611328125,3.3753952980041504,2.413538932800293,8.885489463806152
1700822884028803000,22.340802978515626,3.3716859817504883,2.386557102203369,8.894182205200195
1700822884038794000,22.3507939453125,3.366276264190674,2.3585143089294434,8.903706550598145
1700822884048651000,22.360651123046875,3.3591344356536865,2.329787492752075,8.913960456848145
1700822884058857000,22.37085693359375,3.3535501956939697,2.298673391342163,8.9241361618042
1700822884068847000,22.38084716796875,3.3512611389160156,2.267104387283325,8.933067321777344
1700822884078858000,22.39085791015625,3.350848913192749,2.237677574157715,8.940638542175293
1700822884088884000,22.400884033203123,3.3525125980377197,2.211822032928467,8.94644546508789
1700822884098847000,22.410846923828124,3.3545854091644287,2.189640998840332,8.95112419128418
1700822884108739000,22.420739013671874,3.3563127517700195,2.1705501079559326,8.955124855041504
1700822884118786000,22.4307861328125,3.3563902378082275,2.1534032821655273,8.959234237670898
1700822884128746000,22.44074609375,3.357834815979004,2.1384499073028564,8.962274551391602
1700822884138810000,22.45081005859375,3.359205961227417,2.124457597732544,8.965087890625
1700822884148910000,22.46091015625,3.361128330230713,2.111462354660034,8.967437744140625
1700822884158907000,22.470906982421877,3.363313913345337,2.100203514099121,8.969260215759277
1700822884168804000,22.48080419921875,3.367506980895996,2.0925142765045166,8.96948528289795
1700822884178817000,22.490817138671876,3.372955799102783,2.08740496635437,8.968628883361816
1700822884188824000,22.500823974609375,3.3790316581726074,2.0855045318603516,8.96678352355957
1700822884198912000,22.510912109375,3.3847577571868896,2.085331916809082,8.9646635055542
1700822884208710000,22.5207099609375,3.390460729598999,2.086108446121216,8.96232795715332
1700822884219036000,22.531035888671877,3.3961973190307617,2.087740659713745,8.959775924682617
1700822884229060000,22.54106005859375,3.400900363922119,2.0894336700439453,8.957597732543945
1700822884238713000,22.550713134765626,3.405122995376587,2.0912086963653564,8.955578804016113
1700822884248773000,22.560773193359374,3.409031629562378,2.0934972763061523,8.953557014465332
1700822884259257000,22.571257080078126,3.4131507873535156,2.0948736667633057,8.951663970947266
1700822884273223000,22.585222900390626,3.4185049533843994,2.095928907394409,8.949374198913574
1700822884288784000,22.600783935546875,3.429006814956665,2.0908584594726562,8.946541786193848
1700822884298687000,22.61068701171875,3.4351084232330322,2.088306188583374,8.94479751586914
1700822884308754000,22.62075390625,3.440547227859497,2.0861825942993164,8.94320297241211
1700822884318654000,22.630654052734375,3.44144344329834,2.08373761177063,8.943428039550781
1700822884328752000,22.640752197265623,3.4427363872528076,2.0756916999816895,8.944801330566406
1700822884338640000,22.650639892578123,3.443081855773926,2.0632386207580566,8.947547912597656
1700822884348904000,22.660904052734374,3.4348843097686768,2.060167074203491,8.951406478881836
1700822884358755000,22.670755126953125,3.425483226776123,2.0560390949249268,8.95595645904541
1700822884368771000,22.68077099609375,3.4161229133605957,2.0508415699005127,8.960722923278809
1700822884378753000,22.6907529296875,3.4050002098083496,2.044365406036377,8.966434478759766
1700822884388744000,22.700743896484376,3.3915746212005615,2.0365424156188965,8.973299980163574
1700822884398825000,22.710824951171876,3.377542495727539,2.0287842750549316,8.9803466796875
1700822884408786000,22.720785888671877,3.3616645336151123,2.02126145362854,8.987997055053711
1700822884418805000,22.730804931640623,3.344277858734131,2.0132622718811035,8.996275901794434
1700822884428796000,22.7407958984375,3.325576066970825,2.00488018989563,9.005075454711914
1700822884438935000,22.75093505859375,3.306795597076416,1.995429515838623,9.014086723327637
1700822884451609000,22.763609130859376,3.2884600162506104,1.9836103916168213,9.023398399353027
1700822884469046000,22.7810458984375,3.3956425189971924,1.7643340826034546,9.029237747192383
1700822884478800000,22.7907998046875,3.3844707012176514,1.7555890083312988,9.035134315490723
1700822884488758000,22.800758056640625,3.37781023979187,1.7830727100372314,9.032243728637695
1700822884498821000,22.810821044921877,3.36043381690979,1.8757237195968628,9.019952774047852
1700822884508756000,22.820755859375,3.322577953338623,1.984299898147583,9.010738372802734
1700822884518860000,22.830860107421874,3.278407335281372,2.070350170135498,9.007556915283203
1700822884528784000,22.840783935546874,3.243825912475586,2.1251847743988037,9.007307052612305
1700822884538886000,22.850885986328127,3.2171692848205566,2.1538729667663574,9.010051727294922
1700822884548947000,22.860947021484375,3.2007081508636475,2.1478803157806396,9.017343521118164
1700822884558937000,22.87093701171875,3.184821367263794,2.1429316997528076,9.02414321899414
1700822884568787000,22.880786865234374,3.170037031173706,2.1389269828796387,9.030296325683594
1700822884578728000,22.89072802734375,3.157827854156494,2.135026216506958,9.035494804382324
1700822884588712000,22.9007119140625,3.147655725479126,2.129887819290161,9.04025650024414
1700822884598833000,22.9108330078125,3.139416217803955,2.123685598373413,9.04457950592041
1700822884608792000,22.9207919921875,3.132672071456909,2.118793487548828,9.048064231872559
1700822884618652000,22.93065185546875,3.127025604248047,2.1136250495910645,9.051225662231445
1700822884628787000,22.940786865234376,3.121119499206543,2.1070003509521484,9.054807662963867
1700822884638881000,22.950881103515623,3.113983154296875,2.09808087348938,9.05933666229248
1700822884649600000,22.96160009765625,3.1062045097351074,2.0894925594329834,9.063990592956543
1700822884658807000,22.97080712890625,3.096919298171997,2.080429792404175,9.069250106811523
1700822884668737000,22.980737060546875,3.087022066116333,2.073394775390625,9.074233055114746
1700822884678735000,22.990735107421877,3.0773720741271973,2.066767454147339,9.079022407531738
1700822884689007000,23.001007080078125,3.071044921875,2.0603256225585938,9.08262825012207
1700822884698769000,23.010768798828124,3.0692105293273926,2.05377459526062,9.084732055664062
1700822884708985000,23.020985107421875,3.070491313934326,2.047952890396118,9.085612297058105
1700822884718832000,23.03083203125,3.071519136428833,2.041776180267334,9.08665657043457
1700822884728872000,23.040871826171873,3.068908929824829,2.0343358516693115,9.08920669555664
1700822884738844000,23.050843994140624,3.0619888305664062,2.024334669113159,9.093770980834961
1700822884748715000,23.060715087890625,3.051896333694458,2.012322425842285,9.099827766418457
1700822884758844000,23.070843994140624,3.0408124923706055,1.9996161460876465,9.106337547302246
1700822884768710000,23.0807099609375,3.0321767330169678,1.9888314008712769,9.111577987670898
1700822884779108000,23.091108154296876,3.025578260421753,1.9797046184539795,9.115757942199707
1700822884788991000,23.100990966796875,3.019387722015381,1.9717118740081787,9.119542121887207
1700822884798760000,23.110760009765624,3.0110061168670654,1.962859869003296,9.124220848083496
1700822884808821000,23.120821044921875,2.9979116916656494,1.953209400177002,9.13060188293457
1700822884818844000,23.130843994140626,2.9805052280426025,1.9433774948120117,9.138395309448242
1700822884828858000,23.140858154296875,2.9607861042022705,1.934326171875,9.146721839904785
1700822884838862000,23.150862060546874,2.9421162605285645,1.9278558492660522,9.154109954833984
1700822884848891000,23.160890869140626,2.9271466732025146,1.925567388534546,9.159388542175293
1700822884858744000,23.170744140625,2.9132299423217773,1.9251281023025513,9.16391658782959
1700822884868877000,23.180876953125,2.8986456394195557,1.9287443161010742,9.167780876159668
1700822884878751000,23.1907509765625,2.8840866088867188,1.9362174272537231,9.170795440673828
1700822884888952000,23.2009521484375,2.8689355850219727,1.9487740993499756,9.17288875579834
1700822884898959000,23.210958984375,2.853442907333374,1.960947871208191,9.175127029418945
1700822884908895000,23.22089501953125,2.8393313884735107,1.969455599784851,9.177681922912598
1700822884918796000,23.230796142578125,2.82612943649292,1.9760957956314087,9.180328369140625
1700822884928806000,23.240805908203125,2.8121583461761475,1.9805119037628174,9.183667182922363
1700822884938909000,23.250908935546875,2.795588731765747,1.9832381010055542,9.188136100769043
1700822884948929000,23.260928955078125,2.7779760360717773,1.989464521408081,9.192131042480469
1700822884958799000,23.270799072265625,2.7592403888702393,1.99294114112854,9.197020530700684
1700822884968883000,23.280883056640626,2.7404847145080566,1.9990930557250977,9.20129108428955
1700822884978737000,23.29073681640625,2.722956895828247,2.0057637691497803,9.205042839050293
1700822884988944000,23.30094384765625,2.706688642501831,2.0136919021606445,9.208108901977539
1700822884998696000,23.310696044921876,2.692720651626587,2.021355152130127,9.210524559020996
1700822885008836000,23.320836181640626,2.677086114883423,2.0307626724243164,9.213013648986816
1700822885018846000,23.330845947265626,2.6601767539978027,2.0362517833709717,9.216697692871094
1700822885029146000,23.34114599609375,2.640939235687256,2.0364022254943848,9.222195625305176
1700822885039164000,23.351163818359375,2.622518539428711,2.0305521488189697,9.228740692138672
1700822885048791000,23.360791015625,2.607185125350952,2.019947052001953,9.2354097366333
1700822885058848000,23.370847900390626,2.5931272506713867,2.0069706439971924,9.242194175720215
1700822885068983000,23.380983154296874,2.5797550678253174,1.9933249950408936,9.24888801574707
1700822885078668000,23.39066796875,2.567854404449463,1.9789581298828125,9.255281448364258
1700822885088759000,23.400759033203126,2.5579135417938232,1.966382622718811,9.260713577270508
1700822885098732000,23.41073193359375,2.5545852184295654,1.9532688856124878,9.26440715789795
1700822885108775000,23.42077490234375,2.5624239444732666,1.9216376543045044,9.268855094909668
1700822885118825000,23.430824951171875,2.572038173675537,1.888681411743164,9.272965431213379
1700822885128809000,23.44080908203125,2.582793712615967,1.8529610633850098,9.277182579040527
1700822885138843000,23.4508427734375,2.489041328430176,2.08628249168396,9.253242492675781
1700822885148772000,23.460772216796876,2.4035959243774414,2.2753355503082275,9.231250762939453
1700822885158775000,23.470775146484375,2.326890468597412,2.448197603225708,9.206645011901855
1700822885168731000,23.48073095703125,2.2468583583831787,2.6155717372894287,9.180458068847656
1700822885178743000,23.490742919921875,2.1567835807800293,2.7893850803375244,9.150847434997559
1700822885188848000,23.50084814453125,2.1062705516815186,2.97196102142334,9.105024337768555
1700822885199029000,23.511029052734376,2.1060521602630615,3.0942461490631104,9.064248085021973
1700822885208608000,23.52060791015625,2.1027674674987793,3.051685333251953,9.079425811767578
1700822885218633000,23.530633056640625,2.103538751602173,3.0116076469421387,9.092620849609375
1700822885228668000,23.54066796875,2.1081323623657227,2.9705817699432373,9.105043411254883
1700822885238791000,23.550791015625,2.1116292476654053,2.930927276611328,9.117076873779297
1700822885248923000,23.5609228515625,2.1124179363250732,2.9004693031311035,9.126629829406738
1700822885258813000,23.57081298828125,2.1964926719665527,2.7771923542022705,9.145110130310059
1700822885268821000,23.580821044921876,2.188725233078003,2.763991355895996,9.150968551635742
1700822885278816000,23.59081591796875,2.1671760082244873,2.7579824924468994,9.157907485961914
1700822885288860000,23.60085986328125,2.131969451904297,2.7603759765625,9.165447235107422
1700822885298854000,23.61085400390625,2.088787317276001,2.7712903022766113,9.172094345092773
1700822885308707000,23.62070703125,2.0370895862579346,2.787360191345215,9.178849220275879
1700822885319048000,23.6310478515625,1.9758579730987549,2.8029496669769287,9.187482833862305
1700822885329183000,23.641182861328126,1.9156994819641113,2.816124439239502,9.19619083404541
1700822885339320000,23.651320068359375,1.8621939420700073,2.822622060775757,9.205184936523438
1700822885348745000,23.660744873046873,1.8172237873077393,2.821568727493286,9.21449089050293
1700822885358774000,23.67077392578125,1.7811230421066284,2.813279151916504,9.224069595336914
1700822885368808000,23.680807861328127,1.749997615814209,2.8002591133117676,9.233983993530273
1700822885378710000,23.6907099609375,1.7242870330810547,2.785229206085205,9.243362426757812
1700822885388786000,23.700785888671874,1.703090786933899,2.767747640609741,9.25253677368164
1700822885398634000,23.710634033203124,1.6784292459487915,2.756890058517456,9.260282516479492
1700822885408824000,23.720823974609374,1.6546950340270996,2.7477729320526123,9.267260551452637
1700822885418795000,23.730794921875,1.6289187669754028,2.7399837970733643,9.274130821228027
1700822885428860000,23.74085986328125,1.6102181673049927,2.7193443775177,9.283467292785645
1700822885438712000,23.750712158203125,1.5851541757583618,2.696810722351074,9.294347763061523
1700822885448774000,23.76077392578125,1.5567322969436646,2.671886444091797,9.306341171264648
1700822885458807000,23.77080712890625,1.830045461654663,2.232028007507324,9.37226676940918
1700822885469097000,23.781096923828127,1.9534602165222168,1.988571286201477,9.40212631225586
1700822885479040000,23.7910400390625,1.932761311531067,1.9421790838241577,9.416091918945312
1700822885488672000,23.800672119140625,1.9013562202453613,1.909995436668396,9.429059028625488
1700822885498755000,23.810755126953126,1.87373948097229,1.8742759227752686,9.441746711730957
1700822885508638000,23.820637939453125,1.8474889993667603,1.8376041650772095,9.454120635986328
1700822885518877000,23.830876953125,1.8190027475357056,1.7995887994766235,9.466948509216309
1700822885528873000,23.840873046875,1.7875926494598389,1.7613199949264526,9.480119705200195
1700822885538867000,23.850866943359375,1.752938985824585,1.722032904624939,9.49379825592041
1700822885548831000,23.8608310546875,1.7234790325164795,1.6873085498809814,9.50542163848877
1700822885558916000,23.870916015625,1.6971403360366821,1.6530239582061768,9.516176223754883
1700822885568715000,23.880715087890625,1.6727776527404785,1.6223984956741333,9.525755882263184
1700822885578961000,23.8909609375,1.6510859727859497,1.5949980020523071,9.534164428710938
1700822885588722000,23.900721923828126,1.6318597793579102,1.5696923732757568,9.541670799255371
1700822885598662000,23.910661865234374,1.6164016723632812,1.549538016319275,9.547595977783203
1700822885608669000,23.9206689453125,1.6021376848220825,1.5316424369812012,9.552886009216309
1700822885618650000,23.930650146484375,1.5886108875274658,1.5121238231658936,9.558252334594727
1700822885629224000,23.941223876953124,1.5764878988265991,1.4909813404083252,9.563580513000488
1700822885638893000,23.95089306640625,1.5638331174850464,1.4669162034988403,9.569376945495605
1700822885648759000,23.960759033203125,1.5561150312423706,1.4408124685287476,9.574600219726562
1700822885659044000,23.971044189453124,1.5560864210128784,1.4125348329544067,9.578817367553711
1700822885669162000,23.981161865234377,2.226552724838257,0.6220216751098633,9.530263900756836
1700822885678908000,23.990907958984376,2.544365167617798,0.23326793313026428,9.46795654296875
1700822885688828000,24.000827880859376,2.6630074977874756,0.06276201456785202,9.437947273254395
1700822885698862000,24.010862060546874,2.6898159980773926,0.0038712886162102222,9.430549621582031
1700822885708860000,24.02085986328125,2.674715518951416,0.00021809973986819386,9.434844970703125
1700822885718866000,24.030865966796874,2.6582725048065186,-0.003900660667568445,9.43949031829834
1700822885729266000,24.041265869140624,2.6432793140411377,-0.0068786535412073135,9.443697929382324
1700822885738878000,24.0508779296875,2.632054567337036,-0.007938537746667862,9.446831703186035
1700822885748854000,24.06085400390625,2.622870683670044,-0.006217048037797213,9.449384689331055
1700822885759036000,24.071035888671876,2.6137216091156006,-0.0016393647529184818,9.451923370361328
1700822885768837000,24.080837158203124,2.603886842727661,0.005940715316683054,9.454634666442871
1700822885779228000,24.091227783203124,2.5979154109954834,0.015774857252836227,9.456267356872559
1700822885788879000,24.100879150390625,2.5940628051757812,0.029947176575660706,9.457290649414062
1700822885799108000,24.111108154296875,2.5926921367645264,0.04610350728034973,9.457600593566895
1700822885808853000,24.12085302734375,2.590505838394165,0.06309109926223755,9.45810317993164
1700822885818694000,24.13069384765625,2.5871307849884033,0.07925700396299362,9.458904266357422
1700822885828706000,24.1407060546875,2.5323543548583984,0.09412512183189392,9.473578453063965
1700822885838965000,24.150965087890626,2.4116933345794678,0.11785554140806198,9.50474739074707
1700822885848851000,24.160850830078125,2.2581567764282227,0.1560772806406021,9.541842460632324
1700822885858702000,24.1707021484375,2.100787878036499,0.21138828992843628,9.576659202575684
1700822885868840000,24.18083984375,1.9466991424560547,0.2731585204601288,9.6076078414917
1700822885879095000,24.191094970703126,1.9170558452606201,0.30630630254745483,9.612568855285645
1700822885889001000,24.2010009765625,1.881344199180603,0.33832651376724243,9.618548393249512
1700822885898717000,24.210717041015624,1.8429155349731445,0.36435195803642273,9.625035285949707
1700822885908842000,24.220842041015626,1.7993210554122925,0.38870081305503845,9.632328987121582
1700822885918956000,24.2309560546875,1.7572622299194336,0.41203510761260986,9.639120101928711
1700822885928844000,24.240843994140626,1.7192500829696655,0.4355561137199402,9.644938468933105
1700822885938701000,24.250701171875,1.685226321220398,0.4607284665107727,9.649774551391602
1700822885948709000,24.260709228515626,1.1987829208374023,0.5384218692779541,9.718201637268066
1700822885958854000,24.27085400390625,0.8590975999832153,0.5335747003555298,9.754365921020508
1700822885968970000,24.280969970703126,0.8428863286972046,0.5545933842658997,9.754609107971191
1700822885978902000,24.290902099609376,0.8328717947006226,0.5705304741859436,9.754549026489258
1700822885988878000,24.300878173828124,0.8380005359649658,0.5802541375160217,9.753535270690918
1700822885998786000,24.3107861328125,0.8480422496795654,0.5837952494621277,9.75245475769043
1700822886008923000,24.3209228515625,0.8531510829925537,0.5810890197753906,9.752172470092773
1700822886018856000,24.33085595703125,0.8513630032539368,0.5733298659324646,9.752788543701172
1700822886028801000,24.340801025390626,0.8508148789405823,0.5656675696372986,9.753283500671387
1700822886038895000,24.35089501953125,0.8485530614852905,0.5572394132614136,9.7539644241333
1700822886048819000,24.36081884765625,0.84578937292099,0.5572085976600647,9.754206657409668
1700822886058739000,24.370739013671876,0.8377005457878113,0.5661579966545105,9.754390716552734
1700822886070237000,24.38223681640625,0.8241427540779114,0.5788611173629761,9.754798889160156
1700822886078856000,24.39085595703125,0.8124865889549255,0.5925365686416626,9.754955291748047
1700822886088779000,24.400779052734375,0.8024730682373047,0.6056133508682251,9.75498104095459
1700822886098665000,24.4106650390625,0.7924936413764954,0.6180412173271179,9.755017280578613
1700822886108761000,24.420760986328126,0.7791794538497925,0.6263913512229919,9.755558967590332
1700822886118869000,24.430868896484377,0.7577778697013855,0.6302022933959961,9.756999015808105
1700822886129590000,24.441590087890624,0.7340046763420105,0.6303368806838989,9.758808135986328
1700822886138681000,24.45068115234375,0.7230933308601379,0.6263830065727234,9.759876251220703
1700822886149398000,24.46139794921875,0.716529905796051,0.6206457614898682,9.760726928710938
1700822886158784000,24.470783935546876,0.7157884240150452,0.6153898239135742,9.761113166809082
1700822886168777000,24.48077685546875,0.7195854187011719,0.6095374226570129,9.761201858520508
1700822886180597000,24.492596923828124,0.7350525259971619,0.6052727699279785,9.76031494140625
1700822886189192000,24.50119189453125,0.7517414689064026,0.6029211282730103,9.759187698364258
1700822886198801000,24.51080078125,0.7733814120292664,0.6007354855537415,9.757633209228516
1700822886209105000,24.52110498046875,0.7967172861099243,0.6003381609916687,9.755779266357422
1700822886218683000,24.530682861328124,1.592146873474121,0.5181171894073486,9.6626615524292
1700822886228872000,24.540871826171873,1.5942223072052002,0.5150005221366882,9.662487030029297
1700822886238910000,24.550909912109375,1.8798013925552368,0.49482810497283936,9.61207103729248
1700822886249274000,24.561274169921877,2.0588436126708984,0.48112261295318604,9.57601547241211
1700822886259247000,24.5712470703125,2.1705830097198486,0.47018641233444214,9.551852226257324
1700822886268981000,24.58098095703125,2.159797430038452,0.45694202184677124,9.554940223693848
1700822886278901000,24.59090087890625,2.149228811264038,0.4471931457519531,9.557784080505371
1700822886289006000,24.601006103515626,2.1391708850860596,0.4403058886528015,9.560359954833984
1700822886298748000,24.610747802734377,2.1314444541931152,0.4362829923629761,9.562268257141113
1700822886309234000,24.62123388671875,2.126073122024536,0.43305882811546326,9.563611030578613
1700822886319061000,24.63106103515625,2.121633768081665,0.43037718534469604,9.564719200134277
1700822886328753000,24.6407529296875,2.115360736846924,0.4281180202960968,9.56620979309082
1700822886338661000,24.6506611328125,2.104243040084839,0.4270636737346649,9.568708419799805
1700822886348798000,24.6607978515625,2.0922796726226807,0.4290022552013397,9.571244239807129
1700822886358879000,24.67087890625,2.081716299057007,0.43344226479530334,9.573348045349121
1700822886368679000,24.680678955078125,2.190981149673462,0.3325844705104828,9.552976608276367
1700822886378867000,24.690866943359374,2.1832761764526367,0.2733510732650757,9.556619644165039
1700822886388807000,24.700806884765626,2.159243583679199,0.1802450716495514,9.564286231994629
1700822886399385000,24.711385009765625,2.1397337913513184,0.17555515468120575,9.568757057189941
1700822886408973000,24.72097314453125,2.124852180480957,0.165397047996521,9.572253227233887
1700822886418686000,24.73068603515625,2.112790107727051,0.15171894431114197,9.575150489807129
1700822886428684000,24.74068408203125,2.1008825302124023,0.13849909603595734,9.577970504760742
1700822886438729000,24.75072900390625,2.088254928588867,0.12786240875720978,9.580877304077148
1700822886448869000,24.760869140625,2.0741236209869385,0.12075141072273254,9.584041595458984
1700822886458612000,24.770612060546874,2.058913230895996,0.11738616973161697,9.587361335754395
1700822886468940000,24.78093994140625,2.0516624450683594,0.12003566324710846,9.588881492614746
1700822886478700000,24.790699951171874,2.043692111968994,0.12644802033901215,9.59050178527832
1700822886488791000,24.800791015625,2.043574094772339,0.13239800930023193,9.590446472167969
1700822886498625000,24.810625,2.054943084716797,0.12690526247024536,9.588091850280762
1700822886508763000,24.820762939453125,2.0450360774993896,0.13054156303405762,9.590160369873047
1700822886518762000,24.830761962890627,2.0335910320281982,0.13109247386455536,9.592585563659668
1700822886528835000,24.8408349609375,2.016921281814575,0.12987609207630157,9.596122741699219
1700822886538774000,24.85077392578125,1.9960671663284302,0.12704788148403168,9.600520133972168
1700822886548784000,24.8607841796875,1.9799156188964844,0.12365122139453888,9.603907585144043
1700822886558758000,24.8707578125,1.9658809900283813,0.12010054290294647,9.606836318969727
1700822886568830000,24.880829833984375,1.9509289264678955,0.11661270260810852,9.609926223754883
1700822886578779000,24.89077880859375,1.9352766275405884,0.11293547600507736,9.613133430480957
1700822886588847000,24.90084716796875,1.9227436780929565,0.1095142662525177,9.615689277648926
1700822886599131000,24.911130859375,1.913413166999817,0.105441614985466,9.617595672607422
1700822886608970000,24.920969970703126,1.8995885848999023,0.03639964014291763,9.620843887329102
1700822886618968000,24.930968017578124,1.8842360973358154,0.01973404362797737,9.623910903930664
1700822886628955000,24.940954833984375,1.832558274269104,0.016100656241178513,9.633891105651855
1700822886638745000,24.9507451171875,1.732425570487976,0.0272848978638649,9.652375221252441
1700822886648727000,24.96072705078125,1.6460322141647339,0.04667407274246216,9.667407989501953
1700822886658881000,24.970881103515627,1.5795778036117554,0.06667553633451462,9.678372383117676
1700822886668860000,24.98085986328125,1.5194282531738281,0.08227116614580154,9.687877655029297
1700822886678714000,24.990714111328124,1.4795552492141724,0.09245207160711288,9.693955421447754
1700822886688710000,25.0007099609375,1.4498075246810913,0.10719108581542969,9.698297500610352
1700822886698820000,25.010820068359376,1.4469871520996094,0.10153788328170776,9.698779106140137
1700822886708925000,25.020925048828126,1.43994140625,0.09976999461650848,9.699847221374512
1700822886718891000,25.03089111328125,1.4311211109161377,0.10075228661298752,9.701141357421875
1700822886728988000,25.04098779296875,1.4230307340621948,0.10178250819444656,9.702320098876953
1700822886738767000,25.05076708984375,1.4178146123886108,0.09584435075521469,9.703145027160645
1700822886748829000,25.060828857421875,1.4129002094268799,0.0899687334895134,9.70391845703125
1700822886758710000,25.0707099609375,1.4075696468353271,0.08593407273292542,9.704729080200195
1700822886768795000,25.080794921875,1.4838234186172485,0.06915011256933212,9.693497657775879
1700822886778871000,25.09087109375,1.4787945747375488,0.06811434030532837,9.6942720413208
1700822886788838000,25.100837890625,1.4833242893218994,0.060007017105817795,9.693634986877441
1700822886798716000,25.1107158203125,1.489477515220642,0.05010375753045082,9.692747116088867
1700822886808884000,25.120884033203126,1.5013401508331299,0.041331835091114044,9.690957069396973
1700822886818704000,25.130703857421874,1.520727515220642,0.035597383975982666,9.687956809997559
1700822886828844000,25.140843994140624,1.5417678356170654,0.03485182672739029,9.684633255004883
1700822886838872000,25.1508720703125,1.5586261749267578,0.03744271770119667,9.681925773620605
1700822886847929000,25.15992919921875,1.5673925876617432,0.04238923639059067,9.680489540100098
1700822886858764000,25.170763916015623,1.5722951889038086,0.04771861433982849,9.679669380187988
1700822886868721000,25.180720947265623,1.5766911506652832,0.051629941910505295,9.678934097290039
1700822886878693000,25.190693115234374,1.5791106224060059,0.052434828132390976,9.678537368774414
1700822886888749000,25.2007490234375,1.5767306089401245,0.049507252871990204,9.678940773010254
1700822886898793000,25.21079296875,1.5683690309524536,0.044320497661828995,9.680323600769043
1700822886908759000,25.220759033203127,1.55684232711792,0.03924713656306267,9.682205200195312
1700822886918813000,25.23081298828125,1.7906513214111328,0.17140637338161469,9.6402587890625
1700822886928842000,25.240842041015625,1.7820632457733154,0.16732144355773926,9.641921997070312
1700822886938800000,25.250800048828125,1.7750648260116577,0.1649579256772995,9.643254280090332
1700822886948959000,25.260958984375,1.7724220752716064,0.1637532263994217,9.643759727478027
1700822886958791000,25.270791015625,1.903411865234375,-0.08643325418233871,9.619768142700195
1700822886968799000,25.280799072265626,2.008730888366699,-0.3250523507595062,9.593212127685547
1700822886984601000,25.29660107421875,2.057255744934082,-0.4736611843109131,9.576728820800781
1700822886998799000,25.310799072265624,2.0757784843444824,-0.475978821516037,9.572616577148438
1700822887008639000,25.320638916015625,2.070875406265259,-0.469476580619812,9.574000358581543
1700822887018765000,25.33076513671875,2.069566249847412,-0.4625830352306366,9.574618339538574
1700822887028809000,25.34080908203125,2.071725606918335,-0.45809507369995117,9.574366569519043
1700822887038826000,25.350825927734373,2.0754191875457764,-0.45690467953681946,9.573622703552246
1700822887048797000,25.360796875,2.0769197940826416,-0.4550698697566986,9.573385238647461
1700822887058808000,25.37080810546875,2.0765984058380127,-0.4639700949192047,9.573027610778809
1700822887068627000,25.380626953125,2.079180955886841,-0.4731026589870453,9.572021484375
1700822887078677000,25.390677001953126,2.0814247131347656,-0.4778183102607727,9.571297645568848
1700822887088768000,25.40076806640625,2.077265977859497,-0.4725225269794464,9.572464942932129
1700822887098814000,25.41081396484375,2.067521810531616,-0.4637003540992737,9.575005531311035
1700822887108740000,25.420739990234374,2.0508997440338135,-0.45484718680381775,9.579004287719727
1700822887118796000,25.430796142578124,2.0397558212280273,-0.4487517774105072,9.581669807434082
1700822887128797000,25.440796875,2.032909870147705,-0.4452434778213501,9.58328914642334
1700822887138894000,25.45089404296875,2.024552583694458,-0.44460517168045044,9.585086822509766
1700822887148798000,25.4607978515625,2.014225959777832,-0.4466124475002289,9.587169647216797
1700822887158792000,25.4707919921875,2.0081450939178467,-0.45029520988464355,9.588273048400879
1700822887168783000,25.480783203125,2.007290840148926,-0.4534025192260742,9.588306427001953
1700822887178791000,25.490791015625,2.0084033012390137,-0.45598670840263367,9.587950706481934
1700822887188865000,25.500864990234376,2.009772539138794,-0.45873308181762695,9.587532043457031
1700822887198905000,25.510905029296875,2.0088725090026855,-0.3825228214263916,9.591064453125
1700822887208650000,25.52064990234375,2.005582332611084,-0.32577452063560486,9.593846321105957
1700822887218922000,25.530921875,2.0029220581054688,-0.27017974853515625,9.596129417419434
1700822887228919000,25.5409189453125,1.9997665882110596,-0.21397125720977783,9.598204612731934
1700822887238824000,25.550823974609376,1.9898927211761475,-0.1368032544851303,9.601667404174805
1700822887248917000,25.5609169921875,1.957916021347046,-0.012637071311473846,9.609204292297363
1700822887258704000,25.570703857421876,1.9033946990966797,0.13657499849796295,9.619192123413086
1700822887269128000,25.5811279296875,1.8316956758499146,0.3115411102771759,9.62903118133545
1700822887279018000,25.59101806640625,1.7728043794631958,0.46360155940055847,9.633931159973145
1700822887288744000,25.600743896484374,1.7849690914154053,0.4680623412132263,9.631468772888184
1700822887298776000,25.610776123046875,1.8025115728378296,0.4683639407157898,9.62818717956543
1700822887308688000,25.62068798828125,1.8193577527999878,0.4660831391811371,9.625129699707031
1700822887318760000,25.630760009765623,1.8397749662399292,0.4588049650192261,9.621596336364746
1700822887328631000,25.640631103515624,1.630025863647461,0.46581193804740906,9.65900707244873
1700822887338609000,25.65060888671875,1.4913737773895264,0.45215603709220886,9.682032585144043
1700822887348775000,25.66077490234375,1.423787236213684,0.4397609531879425,9.692770957946777
1700822887358761000,25.670760986328126,1.3690797090530396,0.4324009418487549,9.700983047485352
1700822887368756000,25.680755859375,1.3117685317993164,0.43867960572242737,9.708616256713867
1700822887378821000,25.690821044921876,1.2721487283706665,0.4459829032421112,9.713555335998535
1700822887388792000,25.7007919921875,1.2452946901321411,0.44730478525161743,9.716971397399902
1700822887398811000,25.710810791015625,1.2474793195724487,0.4482862055301666,9.716647148132324
1700822887408819000,25.72081884765625,1.2369409799575806,0.4367176592350006,9.718520164489746
1700822887418802000,25.730802001953126,1.2305291891098022,0.4088432490825653,9.720547676086426
1700822887428899000,25.740899169921875,1.227889060974121,0.34429800510406494,9.723381996154785
1700822887438918000,25.75091796875,1.236591100692749,0.24882833659648895,9.725190162658691
1700822887448989000,25.760989013671875,1.2584484815597534,0.1151309385895729,9.724888801574707
1700822887458655000,25.770655029296876,1.2711530923843384,-0.03769523277878761,9.723843574523926
1700822887468818000,25.78081787109375,1.284626841545105,-0.03156914934515953,9.722095489501953
1700822887478779000,25.79077880859375,1.2965644598007202,-0.025063129141926765,9.720528602600098
1700822887488855000,25.80085498046875,1.3073878288269043,-0.017745207995176315,9.719095230102539
1700822887498807000,25.81080712890625,1.3200559616088867,-0.009073241613805294,9.717394828796387
1700822887508685000,25.82068505859375,1.335956335067749,0.0011108838953077793,9.715225219726562
1700822887518796000,25.830796142578127,1.3542723655700684,0.01140986755490303,9.712682723999023
1700822887528795000,25.840794921875,1.1788523197174072,-0.18668635189533234,9.733748435974121
1700822887538666000,25.850666015625,1.0364134311676025,-0.3524447977542877,9.74535846710205
1700822887548642000,25.86064208984375,0.9223082065582275,-0.4845987558364868,9.751150131225586
1700822887558805000,25.870804931640624,0.8703089952468872,-0.5552972555160522,9.752159118652344
1700822887568855000,25.88085498046875,0.8839417695999146,-0.563993513584137,9.750433921813965
1700822887578864000,25.890864013671877,0.9080914258956909,-0.5656000375747681,9.74812126159668
1700822887588733000,25.90073291015625,0.9543959498405457,-0.5459142327308655,9.744819641113281
1700822887599164000,25.911163818359373,1.0248560905456543,-0.5077660083770752,9.739725112915039
1700822887609179000,25.921178955078126,1.0740187168121338,-0.48962244391441345,9.735355377197266
1700822887618836000,25.9308359375,1.0930273532867432,-0.48680269718170166,9.733382225036621
1700822887628780000,25.940780029296874,1.1089884042739868,-0.4802578091621399,9.731901168823242
1700822887638821000,25.950821044921874,1.1230192184448242,-0.4693590998649597,9.730823516845703
1700822887648775000,25.96077490234375,1.1382811069488525,-0.45463937520980835,9.72974967956543
1700822887658859000,25.97085888671875,1.1558116674423218,-0.43808892369270325,9.728442192077637
1700822887668703000,25.980702880859376,1.175787091255188,-0.4192085862159729,9.726879119873047
1700822887678911000,25.990910888671873,1.1957731246948242,-0.3985515832901001,9.725311279296875
1700822887688741000,26.0007412109375,1.2307265996932983,-0.3694356679916382,9.722099304199219
1700822887698887000,26.010886962890623,1.2840378284454346,-0.34609484672546387,9.716062545776367
1700822887709164000,26.0211640625,1.3709417581558228,-0.3343433141708374,9.704593658447266
1700822887718798000,26.030798095703126,1.4411664009094238,-0.325901061296463,9.694701194763184
1700822887728722000,26.040721923828126,1.499847412109375,-0.3130740225315094,9.68621826171875
1700822887738843000,26.0508427734375,1.537397861480713,-0.29698505997657776,9.680837631225586
1700822887748796000,26.0607958984375,1.5552845001220703,-0.278775155544281,9.678520202636719
1700822887758729000,26.07072900390625,1.567757487297058,-0.25036534667015076,9.677285194396973
1700822887768723000,26.080722900390626,1.580702304840088,-0.2055845409631729,9.676233291625977
1700822887778620000,26.090619873046876,1.591869592666626,-0.1861100196838379,9.674798011779785
1700822887788796000,26.1007958984375,1.604717493057251,-0.16711685061454773,9.673022270202637
1700822887798631000,26.110630859375,1.6201742887496948,-0.14879706501960754,9.670742988586426
1700822887809092000,26.121092041015626,1.6394634246826172,-0.13008885085582733,9.667762756347656
1700822887818686000,26.13068603515625,1.6612586975097656,-0.11168401688337326,9.664271354675293
1700822887828764000,26.140763916015626,1.6895396709442139,-0.09253887832164764,9.659570693969727
1700822887838753000,26.1507529296875,1.7252557277679443,-0.07302636653184891,9.653422355651855
1700822887848793000,26.16079296875,1.7635899782180786,-0.0563712902367115,9.64660358428955
1700822887858652000,26.17065185546875,1.8055018186569214,-0.04324556142091751,9.638916015625
1700822887868622000,26.1806220703125,1.8548126220703125,-0.03309796750545502,9.629587173461914
1700822887878849000,26.19084912109375,1.9125486612319946,-0.024344461038708687,9.618314743041992
1700822887888761000,26.200760986328124,1.9708675146102905,-0.016284488141536713,9.606552124023438
1700822887898778000,26.210778076171874,2.0004663467407227,-0.011698913760483265,9.600436210632324
1700822887908784000,26.2207841796875,2.025160789489746,-0.006888298317790031,9.595263481140137
1700822887918662000,26.230661865234374,2.0487966537475586,-0.00017681787721812725,9.590245246887207
1700822887928924000,26.240923828125,2.0756845474243164,0.009596680290997028,9.584458351135254
1700822887938800000,26.250800048828125,2.104846715927124,0.02192775532603264,9.578076362609863
1700822887948918000,26.26091796875,2.464553117752075,0.261281281709671,9.488314628601074
1700822887958703000,26.270703125,2.7014272212982178,0.4813777506351471,9.414932250976562
1700822887968845000,26.280844970703125,2.857907295227051,0.6867512464523315,9.35580825805664
1700822887978807000,26.29080712890625,2.952584981918335,0.8412585258483887,9.313695907592773
1700822887989055000,26.301054931640625,2.976116418838501,0.9339298009872437,9.297359466552734
1700822887998696000,26.310696044921876,2.967339277267456,0.9769459366798401,9.295744895935059
1700822888009152000,26.321152099609375,2.9390461444854736,1.0059469938278198,9.30163860321045
1700822888019012000,26.33101220703125,2.9442951679229736,0.980998158454895,9.302642822265625
1700822888028694000,26.340694091796873,2.9474380016326904,0.9475310444831848,9.30511474609375
1700822888038873000,26.350873046875,2.9496757984161377,0.9197279810905457,9.307195663452148
1700822888048984000,26.360984130859375,2.950070381164551,0.8975026607513428,9.309240341186523
1700822888058802000,26.370802001953123,2.9549672603607178,0.8758826851844788,9.309746742248535
1700822888068765000,26.380764892578124,2.9695708751678467,0.8529279232025146,9.307231903076172
1700822888078780000,26.39077978515625,2.988882541656494,0.8248761296272278,9.303577423095703
1700822888088780000,26.400780029296875,3.0024235248565674,0.7879539132118225,9.302417755126953
1700822888098799000,26.410799072265625,3.0137948989868164,0.7422195076942444,9.302501678466797
1700822888108893000,26.420892822265625,3.0343146324157715,0.6938584446907043,9.299564361572266
1700822888118813000,26.43081298828125,2.9295506477355957,0.7418953776359558,9.329401969909668
1700822888128800000,26.440800048828127,2.877331018447876,0.7496011257171631,9.345023155212402
1700822888138827000,26.450826904296875,2.8495168685913086,0.7390764951705933,9.354379653930664
1700822888148842000,26.460842041015624,2.8423783779144287,0.7214984893798828,9.35792350769043
1700822888159231000,26.47123095703125,2.8783118724823,0.6891095042228699,9.349376678466797
1700822888168837000,26.480837158203126,2.9193809032440186,0.6598650217056274,9.338746070861816
1700822888178866000,26.490865966796875,2.9568262100219727,0.6349474191665649,9.328686714172363
1700822888188734000,26.50073388671875,2.9847025871276855,0.6132164001464844,9.321260452270508
1700822888198837000,26.5108369140625,2.9989609718322754,0.5961363315582275,9.317791938781738
1700822888208870000,26.520869873046873,3.0051355361938477,0.582385778427124,9.316672325134277
1700822888218824000,26.530823974609376,3.0118987560272217,0.5719032287597656,9.31513786315918
1700822888228830000,26.540829833984375,3.0219647884368896,0.5657099485397339,9.312255859375
1700822888238816000,26.55081591796875,3.0300240516662598,0.5630284547805786,9.309799194335938
1700822888248902000,26.56090185546875,3.0351662635803223,0.5648679137229919,9.308012962341309
1700822888259100000,26.571099853515626,3.0451767444610596,0.5705763697624207,9.304393768310547
1700822888268999000,26.5809990234375,3.094205856323242,0.7434101700782776,9.275969505310059
1700822888278822000,26.59082177734375,3.14066481590271,0.8638848066329956,9.249882698059082
1700822888289254000,26.60125390625,3.1741883754730225,0.9279475212097168,9.232216835021973
1700822888299050000,26.611050048828126,3.1944122314453125,0.9563561677932739,9.22233772277832
1700822888308670000,26.620669921875,3.2123470306396484,0.9757508635520935,9.214072227478027
1700822888318723000,26.63072314453125,3.2270286083221436,0.9846949577331543,9.207988739013672
1700822888328762000,26.64076220703125,3.232481002807617,0.9749895334243774,9.207110404968262
1700822888338718000,26.650718017578125,3.212073802947998,0.9871698021888733,9.21295166015625
1700822888349090000,26.661090087890624,3.1810550689697266,0.999136745929718,9.222419738769531
1700822888358914000,26.6709140625,3.148430109024048,1.0123311281204224,9.232170104980469
1700822888368780000,26.680780029296876,3.1165969371795654,1.0249916315078735,9.241569519042969
1700822888378624000,26.6906240234375,3.0838747024536133,1.0359563827514648,9.251319885253906
1700822888388590000,26.700590087890625,3.052347421646118,1.044986367225647,9.260754585266113
1700822888398655000,26.710655029296873,3.0224149227142334,1.0531737804412842,9.269640922546387
1700822888408716000,26.720716064453125,2.9933040142059326,1.0616068840026855,9.278120994567871
1700822888418622000,26.7306220703125,2.963905096054077,1.0708099603652954,9.286497116088867
1700822888428773000,26.740773193359374,2.9344332218170166,1.0806152820587158,9.294717788696289
1700822888438740000,26.750739990234376,2.9089748859405518,1.0894739627838135,9.301682472229004
1700822888448726000,26.76072607421875,2.885476589202881,1.0968880653381348,9.308128356933594
1700822888458904000,26.770904052734377,2.8632800579071045,1.1004434823989868,9.314560890197754
1700822888468869000,26.780869140625,2.842949390411377,1.099664568901062,9.320878982543945
1700822888478767000,26.79076708984375,2.8294172286987305,1.096366047859192,9.325384140014648
1700822888488748000,26.800748046875,2.8237411975860596,1.0933376550674438,9.327458381652832
1700822888498871000,26.81087109375,2.8201260566711426,1.0914961099624634,9.328768730163574
1700822888508693000,26.82069287109375,2.815216541290283,1.090034008026123,9.330422401428223
1700822888518796000,26.830796142578127,2.808178186416626,1.0897384881973267,9.3325777053833
1700822888528767000,26.84076708984375,2.798011064529419,1.0900533199310303,9.335594177246094
1700822888538658000,26.850657958984375,2.7987749576568604,0.7708084583282471,9.3671293258667
1700822888548628000,26.8606279296875,2.794994831085205,0.534621000289917,9.384699821472168
1700822888558820000,26.870820068359375,2.7913644313812256,0.3510831296443939,9.394434928894043
1700822888568642000,26.88064208984375,2.791531562805176,0.24197277426719666,9.397829055786133
1700822888578727000,26.890726806640625,2.796647548675537,0.19268618524074554,9.397448539733887
1700822888588726000,26.90072607421875,2.8073325157165527,0.16884061694145203,9.394721031188965
1700822888598884000,26.910884033203125,2.80776047706604,0.16273030638694763,9.39470100402832
1700822888608805000,26.92080517578125,2.8018717765808105,0.16853110492229462,9.396354675292969
1700822888618680000,26.93068017578125,2.7933053970336914,0.17513035237789154,9.398785591125488
1700822888628717000,26.940717041015624,2.7825934886932373,0.1936117708683014,9.401599884033203
1700822888638792000,26.9507919921875,2.77008318901062,0.2103589028120041,9.404934883117676
1700822888648833000,26.9608330078125,2.757204294204712,0.2262757271528244,9.40834903717041
1700822888658811000,26.970810791015627,2.7450761795043945,0.23988895118236542,9.411556243896484
1700822888668919000,26.9809189453125,2.7300477027893066,0.2498839944601059,9.415667533874512
1700822888678731000,26.99073095703125,2.713219165802002,0.25622138381004333,9.420360565185547
1700822888688916000,27.000916015625,2.6981799602508545,0.2593368887901306,9.424592971801758
1700822888698778000,27.010778076171874,2.6900062561035156,0.26033055782318115,9.426902770996094
1700822888708933000,27.02093310546875,2.6891942024230957,0.2598418891429901,9.427146911621094
1700822888718823000,27.030822998046876,2.6926381587982178,0.26142770051956177,9.42612075805664
1700822888728868000,27.0408681640625,2.6958999633789062,0.26332888007164,9.425134658813477
1700822888738851000,27.05085107421875,2.6954219341278076,0.26382219791412354,9.42525863647461
1700822888748811000,27.06081103515625,2.690035581588745,0.26014265418052673,9.426898956298828
1700822888758932000,27.070931884765624,2.6793437004089355,0.2510334551334381,9.430191040039062
1700822888768869000,27.080869140625,2.6638357639312744,0.23686113953590393,9.43494987487793
1700822888778819000,27.090819091796874,2.650353193283081,0.21806232631206512,9.43919849395752
1700822888788754000,27.10075390625,2.642197370529175,0.1970350295305252,9.441946983337402
1700822888798700000,27.110699951171874,2.637909412384033,0.17782238125801086,9.443528175354004
1700822888808989000,27.120989013671874,2.6363468170166016,0.1612231284379959,9.44426155090332
1700822888818770000,27.13077001953125,2.638418436050415,0.1494593322277069,9.443876266479492
1700822888828843000,27.140843017578124,2.64056658744812,0.14419014751911163,9.443359375
1700822888838783000,27.150782958984376,2.6329081058502197,0.1401718556880951,9.445556640625
1700822888848769000,27.16076904296875,2.6140286922454834,0.1367354542016983,9.450849533081055
1700822888858614000,27.170614013671877,2.5957303047180176,0.1318061798810959,9.455962181091309
1700822888868767000,27.18076708984375,2.585304021835327,0.13274960219860077,9.458803176879883
1700822888878751000,27.1907509765625,2.5817782878875732,0.13609394431114197,9.45971965789795
1700822888888756000,27.200755859375,2.579720973968506,0.14395751059055328,9.460164070129395
1700822888898792000,27.2107919921875,2.5742688179016113,0.15837007761001587,9.461419105529785
1700822888908749000,27.2207490234375,2.5695226192474365,0.17798779904842377,9.462361335754395
1700822888918961000,27.2309609375,2.566377878189087,0.2019406259059906,9.462732315063477
1700822888928876000,27.2408759765625,2.56357741355896,0.22638124227523804,9.462939262390137
1700822888938835000,27.2508349609375,2.5633926391601562,0.2506502866744995,9.462377548217773
1700822888948970000,27.260969970703126,2.566570520401001,0.2770133912563324,9.46078109741211
1700822888958839000,27.270839111328126,2.5697271823883057,0.30004093050956726,9.459220886230469
1700822888968845000,27.280844970703125,2.5670182704925537,0.32278701663017273,9.459207534790039
1700822888978890000,27.290889892578125,2.560743570327759,0.3430021405220032,9.460197448730469
1700822888989185000,27.30118505859375,2.554044485092163,0.36244887113571167,9.461282730102539
1700822888998821000,27.310821044921877,2.5495827198028564,0.38006430864334106,9.46179485321045
1700822889008928000,27.320927978515623,2.546725034713745,0.39832156896591187,9.461814880371094
1700822889018908000,27.330907958984376,2.5458080768585205,0.4170420467853546,9.461254119873047
1700822889028689000,27.34068896484375,2.5524044036865234,0.4238952696323395,9.459172248840332
1700822889038921000,27.3509208984375,2.5605316162109375,0.43125206232070923,9.456642150878906
1700822889049018000,27.36101806640625,2.4742844104766846,0.6327104568481445,9.468262672424316
1700822889058971000,27.370970947265626,2.417867660522461,0.7254530787467957,9.47618293762207
1700822889068774000,27.38077392578125,2.4007973670959473,0.7505860328674316,9.478564262390137
1700822889078932000,27.390931884765624,2.392298936843872,0.7590253353118896,9.480040550231934
1700822889089891000,27.40189111328125,2.3730058670043945,0.7591571807861328,9.484879493713379
1700822889098659000,27.4106591796875,2.3517768383026123,0.7519543766975403,9.490738868713379
1700822889108806000,27.420805908203125,2.332625150680542,0.7389639616012573,9.49648380279541
1700822889118762000,27.430761962890625,2.3207571506500244,0.7226055264472961,9.500649452209473
1700822889128782000,27.440781982421875,2.300276756286621,0.7028121948242188,9.507111549377441
1700822889138681000,27.45068115234375,2.275284767150879,0.6840350031852722,9.514492988586426
1700822889148860000,27.46085986328125,2.2876570224761963,0.6812459826469421,9.511725425720215
1700822889158893000,27.47089306640625,2.2987399101257324,0.6790878772735596,9.509207725524902
1700822889168849000,27.480848876953125,2.3108901977539062,0.6760843396186829,9.506476402282715
1700822889178777000,27.490777099609375,2.3221852779388428,0.6714160442352295,9.50405502319336
1700822889188766000,27.500765869140626,2.330413341522217,0.6651248335838318,9.502483367919922
1700822889199008000,27.511008056640627,2.3364152908325195,0.6582803726196289,9.501485824584961
1700822889208828000,27.520827880859375,2.3421518802642822,0.6523267030715942,9.500484466552734
1700822889218956000,27.5309560546875,2.3498120307922363,0.6472682952880859,9.498937606811523
1700822889229031000,27.541031005859374,2.3591740131378174,0.6435179710388184,9.496871948242188
1700822889238972000,27.550971923828126,2.3686459064483643,0.6408715844154358,9.4946928024292
1700822889248968000,27.560968017578126,2.379246473312378,0.6385220885276794,9.49220085144043
1700822889258961000,27.5709609375,2.3919920921325684,0.6346884965896606,9.489253997802734
1700822889269023000,27.58102294921875,2.408230781555176,0.6282616853713989,9.485573768615723
1700822889278843000,27.5908427734375,2.426147937774658,0.6225529313087463,9.481383323669434
1700822889288702000,27.600701904296876,2.444237470626831,0.6166867017745972,9.477118492126465
1700822889298721000,27.610720947265627,2.4642653465270996,0.6102931499481201,9.472346305847168
1700822889308938000,27.62093798828125,2.487912893295288,0.603515625,9.466596603393555
1700822889318875000,27.630875,2.511735200881958,0.597764253616333,9.460668563842773
1700822889328917000,27.6409169921875,2.530763626098633,0.5930266976356506,9.455896377563477
1700822889338788000,27.6507880859375,2.543944835662842,0.5895940661430359,9.4525728225708
1700822889348875000,27.660875,2.5543034076690674,0.5862745642662048,9.449984550476074
1700822889358923000,27.670923095703124,2.5631039142608643,0.5825058817863464,9.447834014892578
1700822889368898000,27.68089794921875,2.5698630809783936,0.5781447887420654,9.446266174316406
1700822889378880000,27.6908798828125,2.5765697956085205,0.5720154643058777,9.444812774658203
1700822889389319000,27.70131884765625,2.584028959274292,0.5641661882400513,9.443246841430664
1700822889398886000,27.710885986328126,2.590585947036743,0.5573202967643738,9.441855430603027
1700822889408947000,27.720947021484374,2.598443031311035,0.5492521524429321,9.440170288085938
1700822889418839000,27.730839111328127,2.6046769618988037,0.541156530380249,9.438920021057129
1700822889428833000,27.7408330078125,2.6082873344421387,0.5319654941558838,9.438446044921875
1700822889438986000,27.750986083984376,2.6093876361846924,0.5226543545722961,9.438660621643066
1700822889448995000,27.7609951171875,2.608609676361084,0.5151301026344299,9.439289093017578
1700822889458846000,27.770845947265624,2.609070301055908,0.5096808671951294,9.439458847045898
1700822889468827000,27.780826904296877,2.610023021697998,0.5073074102401733,9.439323425292969
1700822889478838000,27.790838134765625,2.6092870235443115,0.5080357193946838,9.43948745727539
1700822889489003000,27.8010029296875,2.605919599533081,0.5103159546852112,9.44029426574707
1700822889498672000,27.810672119140627,2.6009693145751953,0.5127800107002258,9.441526412963867
1700822889508968000,27.820968017578124,2.595942497253418,0.5145160555839539,9.442814826965332
1700822889518901000,27.83090087890625,2.591671943664551,0.5154361128807068,9.443938255310059
1700822889528924000,27.840923828125,2.588571071624756,0.5149936079978943,9.44481086730957
1700822889539277000,27.851277099609376,2.5863423347473145,0.5133774280548096,9.445509910583496
1700822889548951000,27.860950927734375,2.5852410793304443,0.5114084482192993,9.445918083190918
1700822889559245000,27.8712451171875,2.5853538513183594,0.5089192390441895,9.446022033691406
1700822889569629000,27.88162890625,2.5864269733428955,0.5066226720809937,9.445853233337402
1700822889578876000,27.8908759765625,2.5878190994262695,0.5055869221687317,9.445525169372559
1700822889588763000,27.900762939453124,2.588817596435547,0.5059887766838074,9.445230484008789
1700822889598696000,27.910696044921874,2.5894923210144043,0.5067366361618042,9.445005416870117
1700822889608722000,27.920721923828125,2.5899434089660645,0.5073977708816528,9.444847106933594
1700822889618675000,27.930675048828125,2.590400457382202,0.508161723613739,9.444680213928223
1700822889628625000,27.940625,2.590963125228882,0.5095914602279663,9.444448471069336
1700822889638884000,27.950884033203124,2.5914573669433594,0.5114747881889343,9.444211959838867
1700822889648778000,27.960778076171874,2.590946912765503,0.5145435333251953,9.444186210632324
1700822889658625000,27.970625,2.589878797531128,0.5187070965766907,9.444250106811523
1700822889668771000,27.98077099609375,2.5899550914764404,0.5235396027565002,9.443962097167969
1700822889678749000,27.9907490234375,2.590791702270508,0.528541088104248,9.44345474243164
1700822889688772000,28.000772216796875,2.59012770652771,0.5325634479522705,9.443411827087402
1700822889698935000,28.01093505859375,2.58740496635437,0.5348714590072632,9.4440279006958
1700822889708628000,28.0206279296875,2.5841689109802246,0.5352247953414917,9.444892883300781
1700822889718741000,28.030740966796873,2.5814547538757324,0.5340753197669983,9.445699691772461
1700822889728875000,28.040875,2.5791208744049072,0.5318745970726013,9.44646167755127
1700822889738824000,28.050823974609376,2.5770621299743652,0.5288754105567932,9.447192192077637
1700822889748685000,28.06068505859375,2.575422525405884,0.5258782505989075,9.447805404663086
1700822889759008000,28.071008056640625,2.573556423187256,0.5239672064781189,9.4484224319458
1700822889768780000,28.080780029296875,2.570603370666504,0.522937536239624,9.449281692504883
1700822889778888000,28.090887939453125,2.5665652751922607,0.523468017578125,9.450349807739258
1700822889788860000,28.10085986328125,2.5611207485198975,0.5261161923408508,9.451680183410645
1700822889798675000,28.110675048828124,2.5541727542877197,0.5302271246910095,9.453330039978027
1700822889808804000,28.12080419921875,2.546541452407837,0.5356038212776184,9.455085754394531
1700822889818755000,28.130755126953126,2.5380046367645264,0.5417948365211487,9.457029342651367
1700822889828787000,28.140786865234375,2.528830051422119,0.5474766492843628,9.459157943725586
1700822889838900000,28.15089990234375,2.518634796142578,0.5519307255744934,9.46161937713623
1700822889848704000,28.1607041015625,2.5085480213165283,0.5549962520599365,9.464119911193848
1700822889858813000,28.17081298828125,2.498377561569214,0.5584276914596558,9.466609001159668
1700822889868947000,28.180947021484375,2.4882798194885254,0.5630655884742737,9.468992233276367
1700822889878930000,28.190929931640625,2.477811813354492,0.5686807632446289,9.47140121459961
1700822889888860000,28.20085986328125,2.46593976020813,0.5746329426765442,9.474140167236328
1700822889898815000,28.21081494140625,2.452291250228882,0.5788628458976746,9.477424621582031
1700822889908818000,28.22081787109375,2.441348075866699,0.5826306939125061,9.480019569396973
1700822889918912000,28.230912109375,2.4330859184265137,0.5817939639091492,9.482194900512695
1700822889928901000,28.240901123046875,2.428068161010742,0.5783467292785645,9.48369026184082
1700822889938877000,28.250876953125,2.427318811416626,0.5720365047454834,9.48426628112793
1700822889948912000,28.260912109375,2.43048357963562,0.5659043192863464,9.483821868896484
1700822889958921000,28.2709208984375,2.4331958293914795,0.5637462139129639,9.483256340026855
1700822889968802000,28.280802001953123,2.4320836067199707,0.5658996105194092,9.483412742614746
1700822889978910000,28.290909912109374,2.430360794067383,0.5711769461631775,9.483537673950195
1700822889991385000,28.303385009765623,2.4369053840637207,0.5790759325027466,9.481380462646484
1700822890008925000,28.320925048828126,2.4389126300811768,0.5940043330192566,9.479940414428711
1700822890018798000,28.330798095703123,2.437711715698242,0.6007102131843567,9.479825973510742
1700822890028817000,28.34081689453125,2.4352500438690186,0.6059487462043762,9.480125427246094
1700822890038883000,28.350883056640626,2.434460163116455,0.6095479130744934,9.480097770690918
1700822890049015000,28.36101513671875,2.435314416885376,0.6126017570495605,9.479681015014648
1700822890059017000,28.371016845703124,2.4371719360351562,0.6162450909614563,9.47896671295166
1700822890069079000,28.3810791015625,2.440603494644165,0.6205538511276245,9.477803230285645
1700822890080930000,28.392929931640627,2.445892333984375,0.625282347202301,9.476129531860352
1700822890088980000,28.40097998046875,2.4476757049560547,0.6261947751045227,9.475608825683594
1700822890098774000,28.41077392578125,2.4517574310302734,0.6269099712371826,9.474505424499512
1700822890108781000,28.420781005859375,2.4561004638671875,0.62669837474823,9.473395347595215
1700822890118943000,28.43094287109375,2.458979606628418,0.6256082653999329,9.472721099853516
1700822890128860000,28.44085986328125,2.460911750793457,0.6238733530044556,9.472332954406738
1700822890139257000,28.451257080078125,2.464195966720581,0.6219763159751892,9.471603393554688
1700822890148762000,28.46076220703125,2.4692161083221436,0.6188470721244812,9.470500946044922
1700822890158811000,28.470810791015627,2.473583936691284,0.6147302985191345,9.469630241394043
1700822890168614000,28.48061376953125,2.477285623550415,0.6106862425804138,9.468923568725586
1700822890178824000,28.490823974609373,2.4787023067474365,0.6085413694381714,9.468690872192383
1700822890189252000,28.501252197265625,2.477113723754883,0.6052952408790588,9.469314575195312
1700822890198802000,28.510802001953124,2.4731884002685547,0.6091311573982239,9.470094680786133
1700822890208852000,28.52085205078125,2.4652252197265625,0.614354133605957,9.471832275390625
1700822890218847000,28.530846923828125,2.4531192779541016,0.6209545731544495,9.474546432495117
1700822890228846000,28.54084619140625,2.4382917881011963,0.6291638612747192,9.477829933166504
1700822890238865000,28.550864990234373,2.422792911529541,0.6394473910331726,9.48111629486084
1700822890248824000,28.560823974609374,2.410076379776001,0.65065997838974,9.48359489440918
1700822890258859000,28.57085888671875,2.4009876251220703,0.6614730358123779,9.485151290893555
1700822890268860000,28.58085986328125,2.395599603652954,0.6707465052604675,9.485861778259277
1700822890278859000,28.59085888671875,2.3934497833251953,0.6775693297386169,9.485920906066895
1700822890288865000,28.600864990234374,2.3933260440826416,0.681364893913269,9.48568058013916
1700822890298760000,28.610760009765624,2.393197774887085,0.6818968057632446,9.485674858093262
1700822890308826000,28.620826171875,2.391989231109619,0.6792808175086975,9.486166954040527
1700822890318873000,28.630873046875,2.390855312347412,0.6747074723243713,9.486778259277344
1700822890328872000,28.640871826171875,2.3884429931640625,0.6694666743278503,9.487757682800293
1700822890338916000,28.650916015625,2.3835198879241943,0.6629536151885986,9.489453315734863
1700822890348854000,28.66085400390625,2.377222776412964,0.6550763249397278,9.49158000946045
1700822890358909000,28.670908935546876,2.370938539505005,0.64727383852005,9.49368667602539
1700822890369389000,28.68138916015625,2.3673951625823975,0.6419157981872559,9.49493408203125
1700822890378900000,28.69089990234375,2.365997552871704,0.6390475630760193,9.495476722717285
1700822890388762000,28.70076220703125,2.3659608364105225,0.6368035674095154,9.495635032653809
1700822890398862000,28.710862060546877,2.36542010307312,0.6345221996307373,9.495923042297363
1700822890408882000,28.7208818359375,2.3635165691375732,0.63236004114151,9.496542930603027
1700822890418896000,28.730895751953124,2.3607399463653564,0.6303504705429077,9.497366905212402
1700822890428902000,28.74090185546875,2.3579025268554688,0.629694938659668,9.498113632202148
1700822890438880000,28.7508798828125,2.3553810119628906,0.6306111812591553,9.498679161071777
1700822890448994000,28.760994140625,2.3521149158477783,0.6328586339950562,9.49933910369873
1700822890458966000,28.770966064453123,2.348544120788574,0.6359142065048218,9.500019073486328
1700822890468839000,28.7808388671875,2.346364736557007,0.6382520198822021,9.50040054321289
1700822890478960000,28.790960205078125,2.3503427505493164,0.6390084028244019,9.49936580657959
1700822890488930000,28.800929931640624,2.3598124980926514,0.6377043128013611,9.49710464477539
1700822890498730000,28.81072998046875,2.3729233741760254,0.633686900138855,9.494108200073242
1700822890508887000,28.820886962890626,2.3852734565734863,0.6259960532188416,9.491522789001465
1700822890518899000,28.83089892578125,2.3938918113708496,0.6194485425949097,9.489782333374023
1700822890528931000,28.84093115234375,2.400355339050293,0.6121677160263062,9.48862075805664
1700822890538743000,28.850742919921874,2.405900716781616,0.6057116985321045,9.487631797790527
1700822890548874000,28.8608740234375,2.409595489501953,0.599930465221405,9.487061500549316
1700822890559088000,28.871088134765625,2.4125020503997803,0.5950415134429932,9.486631393432617
1700822890568872000,28.880871826171877,2.4173128604888916,0.5905863046646118,9.485684394836426
1700822890578912000,28.890912109375,2.4269235134124756,0.5861716866493225,9.483503341674805
1700822890588884000,28.900884033203123,2.4401206970214844,0.5806693434715271,9.480456352233887
1700822890598894000,28.91089404296875,2.456646680831909,0.5742480754852295,9.476578712463379
1700822890608875000,28.920875,2.4763951301574707,0.5676823854446411,9.471832275390625
1700822890618973000,28.930972900390625,2.4985663890838623,0.5598763823509216,9.466472625732422
1700822890628891000,28.940890869140624,2.5200235843658447,0.5514309406280518,9.46127986907959
1700822890639120000,28.951119873046874,2.5412518978118896,0.5419391989707947,9.456148147583008
1700822890648897000,28.96089697265625,2.561627149581909,0.5328717827796936,9.451164245605469
1700822890658661000,28.9706611328125,2.58247709274292,0.5250120162963867,9.445928573608398
1700822890668670000,28.980669921875,2.6034116744995117,0.5189318060874939,9.440516471862793
1700822890678666000,28.990666015625,2.6241581439971924,0.5143038630485535,9.43502426147461
1700822890688616000,29.000615966796875,2.6454110145568848,0.5103182792663574,9.429304122924805
1700822890698991000,29.0109912109375,2.668020486831665,0.5064151883125305,9.423141479492188
1700822890708837000,29.020837158203125,2.6885530948638916,0.501476526260376,9.41756820678711
1700822890718813000,29.03081298828125,2.7067670822143555,0.4955287277698517,9.412664413452148
1700822890728745000,29.040744873046876,2.721007823944092,0.49020957946777344,9.408836364746094
1700822890738621000,29.050620849609373,2.732008695602417,0.48580461740493774,9.405877113342285
1700822890748610000,29.060610107421876,2.740022659301758,0.48251375555992126,9.403715133666992
1700822890758737000,29.07073681640625,2.746000289916992,0.48014411330223083,9.402091979980469
1700822890768753000,29.0807529296875,2.7506840229034424,0.4782058298587799,9.400822639465332
1700822890778972000,29.090971923828125,2.755664587020874,0.47576048970222473,9.39948844909668
1700822890788797000,29.100796875,2.7613813877105713,0.47158291935920715,9.39802074432373
1700822890798792000,29.1107919921875,2.7686212062835693,0.4652630686759949,9.396203994750977
1700822890808826000,29.120826171875,2.776547431945801,0.45711395144462585,9.394266128540039
1700822890818775000,29.130775146484375,2.784222364425659,0.4478878676891327,9.392438888549805
1700822890828916000,29.140916015625,2.789248466491699,0.4404328763484955,9.3912992477417
1700822890838869000,29.150868896484376,2.7911105155944824,0.43308016657829285,9.391087532043457
1700822890848678000,29.160677978515626,2.7901697158813477,0.42586278915405273,9.391697883605957
1700822890858806000,29.170805908203125,2.787700653076172,0.4185071587562561,9.392760276794434
1700822890868890000,29.18089013671875,2.784452438354492,0.4100795090198517,9.394097328186035
1700822890878816000,29.19081591796875,2.7816216945648193,0.4001081585884094,9.395365715026855
1700822890888866000,29.200865966796876,2.780059337615967,0.3884872794151306,9.396315574645996
1700822890898922000,29.210921875,2.7808051109313965,0.3780173361301422,9.396522521972656
1700822890909094000,29.221093994140624,2.7825241088867188,0.37099137902259827,9.396292686462402
1700822890918894000,29.23089404296875,2.7843620777130127,0.3677016794681549,9.395877838134766
1700822890928887000,29.240886962890624,2.7882332801818848,0.36654549837112427,9.394774436950684
1700822890938896000,29.250895751953124,2.795891046524048,0.36281830072402954,9.392642974853516
1700822890948756000,29.260755859375,2.8057074546813965,0.3541729152202606,9.390045166015625
1700822890959063000,29.27106298828125,2.8136816024780273,0.3430328071117401,9.388073921203613
1700822890968887000,29.280886962890627,2.822756767272949,0.3325745463371277,9.385725021362305
1700822890979429000,29.29142919921875,2.834646463394165,0.32192981243133545,9.382512092590332
1700822890989075000,29.301074951171874,2.8491411209106445,0.3089747726917267,9.378557205200195
1700822890998880000,29.3108798828125,2.8727612495422363,0.2905120551586151,9.371938705444336
1700822891008883000,29.320883056640625,2.900292158126831,0.2682163417339325,9.364121437072754
1700822891018887000,29.330886962890624,2.9259166717529297,0.24504151940345764,9.356781005859375
1700822891028749000,29.3407490234375,2.9441628456115723,0.22513650357723236,9.351557731628418
1700822891038720000,29.350719970703125,2.9572436809539795,0.21056319773197174,9.347768783569336
1700822891048888000,29.36088818359375,2.8528268337249756,0.14279577136039734,9.381438255310059
1700822891058850000,29.37085009765625,2.680488348007202,0.10718348622322083,9.432598114013672
1700822891069106000,29.38110595703125,2.440262794494629,0.12326251715421677,9.497384071350098
1700822891079009000,29.391009033203126,2.189023733139038,0.19546383619308472,9.557215690612793
1700822891088660000,29.400659912109376,2.011237621307373,0.30394846200942993,9.593379020690918
1700822891098806000,29.410805908203123,2.0230581760406494,0.3118044435977936,9.590641975402832
1700822891108600000,29.42060009765625,2.033003091812134,0.3204176723957062,9.588254928588867
1700822891118635000,29.430635009765624,2.041074275970459,0.3302958011627197,9.58620548248291
1700822891128720000,29.440719970703125,1.6477432250976562,0.6001183986663818,9.64858627319336
1700822891138752000,29.450751953125,1.4211206436157227,0.729311466217041,9.675686836242676
1700822891148741000,29.4607412109375,1.2855613231658936,0.7837991714477539,9.690375328063965
1700822891158879000,29.47087890625,1.2279057502746582,0.8012921214103699,9.696420669555664
1700822891168808000,29.480807861328124,1.221205234527588,0.8092673420906067,9.696603775024414
1700822891178763000,29.490762939453123,1.2202624082565308,0.8172907829284668,9.696049690246582
1700822891188698000,29.500697998046874,1.2438181638717651,0.8308218717575073,9.691905975341797
1700822891198793000,29.51079296875,1.284751057624817,0.8452879190444946,9.68531322479248
1700822891208806000,29.520805908203126,1.3223437070846558,0.8540870547294617,9.67948055267334
1700822891218969000,29.530968994140625,1.3639613389968872,0.855793833732605,9.673553466796875
1700822891228807000,29.540806884765626,1.414084553718567,0.8520248532295227,9.666686058044434
1700822891238779000,29.55077880859375,1.4687658548355103,0.8497381806373596,9.658729553222656
1700822891248822000,29.560822021484373,1.5380834341049194,0.8578612804412842,9.647214889526367
1700822891258819000,29.570819091796874,1.62992262840271,0.8856997489929199,9.62960433959961
1700822891268920000,29.580920166015623,1.7452220916748047,0.9317571520805359,9.605020523071289
1700822891278814000,29.59081396484375,1.754760503768921,0.9344474077224731,9.603021621704102
1700822891288682000,29.600681884765624,1.770807147026062,0.9351075887680054,9.600010871887207
1700822891298960000,29.6109599609375,1.793337106704712,0.9325708150863647,9.596074104309082
1700822891308865000,29.620864990234374,1.8208470344543457,0.9270985126495361,9.591423988342285
1700822891318909000,29.630908935546874,1.8525480031967163,0.919883131980896,9.586045265197754
1700822891329008000,29.641008056640626,1.8831512928009033,0.912034809589386,9.580830574035645
1700822891338859000,29.65085888671875,1.9101041555404663,0.9046259522438049,9.576196670532227
1700822891348960000,29.6609599609375,1.9352474212646484,0.8973235487937927,9.571834564208984
1700822891358965000,29.670965087890625,1.9593229293823242,0.8918895125389099,9.56744384765625
1700822891368993000,29.680992919921874,1.9855785369873047,0.8893638253211975,9.562264442443848
1700822891379081000,29.6910810546875,2.0129735469818115,0.8899363279342651,9.55648136138916
1700822891388899000,29.700899169921875,2.0383403301239014,0.8918120861053467,9.550929069519043
1700822891399453000,29.711452880859376,2.062464714050293,0.8944456577301025,9.545500755310059
1700822891408944000,29.720944091796873,2.081751585006714,0.8955497741699219,9.541211128234863
1700822891419034000,29.7310341796875,2.099317789077759,0.8963634371757507,9.537284851074219
1700822891428856000,29.74085595703125,2.110374689102173,0.8969412446022034,9.534789085388184
1700822891439084000,29.751083984375,2.1158881187438965,0.8967468738555908,9.533586502075195
1700822891449000000,29.761,2.1112256050109863,0.896604597568512,9.534632682800293
1700822891458895000,29.77089501953125,2.109337329864502,0.8967407941818237,9.53503704071045
1700822891469079000,29.7810791015625,2.115636110305786,0.896056592464447,9.533706665039062
1700822891479035000,29.791034912109374,2.1256184577941895,0.8927163481712341,9.53179931640625
1700822891488938000,29.80093798828125,2.1369330883026123,0.8853253722190857,9.529958724975586
1700822891498930000,29.810929931640626,2.1511778831481934,0.8740125298500061,9.52779769897461
1700822891508879000,29.820879150390624,2.169192314147949,0.8587021231651306,9.525105476379395
1700822891519252000,29.831251953125,2.191490411758423,0.8350663781166077,9.522101402282715
1700822891529091000,29.841091064453124,2.212613821029663,0.8029124140739441,9.51998233795166
1700822891538818000,29.850818115234375,2.2245097160339355,0.7677469849586487,9.520112037658691
1700822891548966000,29.8609658203125,2.2261600494384766,0.7282835841178894,9.522825241088867
1700822891558867000,29.870866943359374,2.2212135791778564,0.6852046251296997,9.527176856994629
1700822891568862000,29.880862060546875,2.2148523330688477,0.6378478407859802,9.531944274902344
1700822891578953000,29.890952880859373,2.2110447883605957,0.5907105207443237,9.535866737365723
1700822891588851000,29.900850830078124,2.209209680557251,0.5507815480232239,9.538681030273438
1700822891598842000,29.910842041015623,2.2089836597442627,0.5182175636291504,9.540557861328125
1700822891608948000,29.920947998046874,2.206085205078125,0.4907800853252411,9.542677879333496
1700822891618653000,29.93065283203125,2.2004339694976807,0.46911361813545227,9.545071601867676
1700822891628868000,29.9408681640625,2.187863349914551,0.4486065208911896,9.548948287963867
1700822891638711000,29.9507109375,2.1660754680633545,0.4272860884666443,9.554891586303711
1700822891648737000,29.960737060546876,2.1378538608551025,0.40416446328163147,9.562251091003418
1700822891658633000,29.970633056640626,2.1056861877441406,0.3793579339981079,9.57040023803711
1700822891668811000,29.98081103515625,2.0768649578094482,0.35691872239112854,9.577559471130371
1700822891678717000,29.990717041015625,2.0492260456085205,0.34121233224868774,9.58408260345459
1700822891688762000,30.00076220703125,2.026596784591675,0.33036038279533386,9.589273452758789
1700822891698851000,30.01085107421875,2.0140743255615234,0.32358548045158386,9.592142105102539
1700822891708663000,30.0206630859375,2.0134947299957275,0.31961512565612793,9.59239673614502
1700822891718658000,30.030657958984374,2.015817403793335,0.3126756548881531,9.592138290405273
1700822891728629000,30.04062890625,2.0235202312469482,0.30657297372817993,9.590712547302246
1700822891738626000,30.0506259765625,2.031709909439087,0.3038254380226135,9.589069366455078
1700822891748690000,30.06068994140625,2.0374927520751953,0.30544981360435486,9.587790489196777
1700822891758646000,30.07064599609375,2.041454792022705,0.309012770652771,9.586833000183105
1700822891768617000,30.080616943359374,2.3377344608306885,0.3855801522731781,9.516129493713379
1700822891778871000,30.09087109375,2.5674633979797363,0.3998936414718628,9.456141471862793
1700822891788803000,30.100802978515624,2.725478410720825,0.3645060956478119,9.413251876831055
1700822891798799000,30.110799072265625,2.7991936206817627,0.32392245531082153,9.393081665039062
1700822891808861000,30.12086083984375,2.8337013721466064,0.29191285371780396,9.38377857208252
1700822891818743000,30.130742919921875,2.850498676300049,0.26907092332839966,9.379373550415039
1700822891828825000,30.1408251953125,2.860302448272705,0.25893327593803406,9.376673698425293
1700822891838784000,30.150783935546876,2.861060619354248,0.2631482481956482,9.376325607299805
1700822891848915000,30.1609150390625,2.8553833961486816,0.2768579125404358,9.37766170501709
1700822891858827000,30.170826904296874,2.8456904888153076,0.2804082930088043,9.380502700805664
1700822891868858000,30.180858154296875,2.8444747924804688,0.28467971086502075,9.380742073059082
1700822891879199000,30.191198974609375,2.8497962951660156,0.28835663199424744,9.379013061523438
1700822891888778000,30.200778076171876,2.8512887954711914,0.29036155343055725,9.378498077392578
1700822891899005000,30.2110048828125,2.857332944869995,0.28705957531929016,9.376760482788086
1700822891908776000,30.22077587890625,2.8637819290161133,0.2853618264198303,9.374845504760742
1700822891918759000,30.230759033203125,2.8704304695129395,0.28469547629356384,9.372831344604492
1700822891928885000,30.240885009765623,2.7969300746917725,0.33112815022468567,9.393505096435547
1700822891938725000,30.25072509765625,2.7563648223876953,0.35858285427093506,9.404481887817383
1700822891949053000,30.261052978515625,2.7374603748321533,0.37758010625839233,9.409257888793945
1700822891958837000,30.2708369140625,2.733339309692383,0.3905108869075775,9.409929275512695
1700822891976036000,30.2880361328125,2.7280867099761963,0.4093383550643921,9.410652160644531
1700822891988874000,30.3008740234375,2.7245168685913086,0.4041022062301636,9.41191291809082
1700822891998895000,30.31089501953125,2.720837116241455,0.39475539326667786,9.413374900817871
1700822892008820000,30.320820068359374,2.720268964767456,0.38386663794517517,9.413989067077637
1700822892018972000,30.330971923828123,2.7266275882720947,0.3785238265991211,9.41236400604248
1700822892028950000,30.340949951171876,2.7274861335754395,0.37300679087638855,9.412336349487305
1700822892038862000,30.350862060546874,2.7214114665985107,0.3660898506641388,9.414365768432617
1700822892048965000,30.360965087890627,2.710458517074585,0.35814300179481506,9.417830467224121
1700822892058825000,30.370824951171876,2.6973581314086914,0.3495239317417145,9.421915054321289
1700822892068961000,30.3809609375,2.681325912475586,0.33988896012306213,9.42684268951416
1700822892078690000,30.39068994140625,2.659250259399414,0.32926586270332336,9.433470726013184
1700822892088897000,30.40089697265625,2.635406970977783,0.31795594096183777,9.440546989440918
1700822892098769000,30.410768798828126,2.611957550048828,0.30644991993904114,9.447441101074219
1700822892108797000,30.420796875,2.5863444805145264,0.29365357756614685,9.4548921585083
1700822892118699000,30.430698974609374,2.558138847351074,0.2785167992115021,9.463020324707031
1700822892128769000,30.44076904296875,2.5297536849975586,0.26279959082603455,9.471096992492676
1700822892138844000,30.450843994140627,2.503962755203247,0.2495785802602768,9.47830581665039
1700822892149065000,30.46106494140625,2.4727258682250977,0.23831571638584137,9.48679256439209
1700822892158834000,30.470833984375,2.4336273670196533,0.22922319173812866,9.497121810913086
1700822892168656000,30.48065576171875,2.390226125717163,0.22066256403923035,9.508340835571289
1700822892178922000,30.490921875,2.3472859859466553,0.21237756311893463,9.519219398498535
1700822892188787000,30.500786865234375,2.308079957962036,0.2055126428604126,9.528951644897461
1700822892199404000,30.511404052734374,2.270334243774414,0.19828970730304718,9.538168907165527
1700822892208779000,30.520779052734376,2.236961603164673,0.19190730154514313,9.546180725097656
1700822892218934000,30.53093408203125,2.200841188430786,0.18543197214603424,9.554699897766113
1700822892228806000,30.540805908203126,2.16342830657959,0.17930267751216888,9.563359260559082
1700822892238704000,30.5507041015625,2.1250483989715576,0.17417816817760468,9.57205581665039
1700822892248665000,30.5606650390625,2.0873050689697266,0.17117840051651,9.580409049987793
1700822892259138000,30.571137939453124,2.0461437702178955,0.169758602976799,9.589310646057129
1700822892268929000,30.580928955078125,2.0049092769622803,0.1679290533065796,9.598047256469727
1700822892278679000,30.590678955078126,1.963119626045227,0.1642071008682251,9.6067476272583
1700822892288800000,30.600800048828123,1.9240472316741943,0.15778233110904694,9.61475658416748
1700822892298842000,30.610842041015626,1.8907275199890137,0.14986352622509003,9.621492385864258
1700822892308703000,30.620702880859376,1.8591388463974,0.14193770289421082,9.627765655517578
1700822892318926000,30.630926025390625,1.8228366374969482,0.13498130440711975,9.634803771972656
1700822892328919000,30.6409189453125,1.7872341871261597,0.12802842259407043,9.641566276550293
1700822892338699000,30.650698974609377,1.7557501792907715,0.11998188495635986,9.647453308105469
1700822892348858000,30.660858154296875,1.7305582761764526,0.11274462938308716,9.652091026306152
1700822892358917000,30.670917236328126,1.7088299989700317,0.10806962102651596,9.656014442443848
1700822892368656000,30.68065576171875,1.688041090965271,0.10490472614765167,9.659706115722656
1700822892378687000,30.69068701171875,1.6673331260681152,0.10109744966030121,9.663341522216797
1700822892388754000,30.70075390625,1.6482738256454468,0.09794745594263077,9.666643142700195
1700822892399020000,30.71102001953125,1.6292387247085571,0.09589052200317383,9.669890403747559
1700822892408906000,30.720906005859376,1.6128664016723633,0.09525076299905777,9.67264175415039
1700822892418651000,30.73065087890625,1.5983843803405762,0.09542933851480484,9.675043106079102
1700822892428669000,30.7406689453125,1.5837675333023071,0.09503799676895142,9.677450180053711
1700822892438859000,30.75085888671875,1.570708155632019,0.09368132799863815,9.679590225219727
1700822892448699000,30.760698974609376,1.5590605735778809,0.09146043658256531,9.68149471282959
1700822892458831000,30.7708310546875,1.549330472946167,0.08955956995487213,9.683076858520508
1700822892468676000,30.780676025390626,1.5437737703323364,0.08769816160202026,9.683979988098145
1700822892478694000,30.79069384765625,1.5388431549072266,0.0852683037519455,9.684786796569824
1700822892488876000,30.8008759765625,1.533826470375061,0.08302578330039978,9.685602188110352
1700822892498903000,30.810903076171876,1.528774380683899,0.08220861852169037,9.686408042907715
1700822892508678000,30.820677978515626,1.5244135856628418,0.08235153555870056,9.687093734741211
1700822892518961000,30.8309609375,1.5187647342681885,0.0828939750790596,9.687975883483887
1700822892531755000,30.843755126953123,1.5094778537750244,0.08311901241540909,9.689424514770508
1700822892548814000,30.86081396484375,1.4791977405548096,0.08163987845182419,9.694107055664062
1700822892558953000,30.870952880859374,1.4650914669036865,0.080533966422081,9.696258544921875
1700822892568800000,30.880800048828124,1.4512726068496704,0.08036182075738907,9.69833755493164
1700822892578647000,30.89064697265625,1.447042465209961,0.08232990652322769,9.698953628540039
1700822892588786000,30.900785888671876,1.4533418416976929,0.08585019409656525,9.697980880737305
1700822892598778000,30.910778076171876,1.4580885171890259,0.08917845785617828,9.69723892211914
1700822892608763000,30.920762939453127,1.4583051204681396,0.09091945737600327,9.697188377380371
1700822892618639000,30.93063916015625,1.4552284479141235,0.09050824493169785,9.697654724121094
1700822892628727000,30.94072705078125,1.4503132104873657,0.08881108462810516,9.698408126831055
1700822892638628000,30.950628173828125,1.4444239139556885,0.0863712951540947,9.699308395385742
1700822892648766000,30.960765869140626,1.4407678842544556,0.08334697782993317,9.699877738952637
1700822892658807000,30.97080712890625,1.44118070602417,0.08148030936717987,9.69983196258545
1700822892668757000,30.980757080078124,1.4446227550506592,0.08067512512207031,9.69932746887207
1700822892678644000,30.99064404296875,1.4519835710525513,0.08343231678009033,9.698205947875977
1700822892688878000,31.000878173828124,1.4637160301208496,0.08811024576425552,9.696399688720703
1700822892698641000,31.010640869140627,1.4798333644866943,0.09369710832834244,9.693900108337402
1700822892708633000,31.020633056640627,1.4980976581573486,0.10060936957597733,9.691024780273438
1700822892718735000,31.030735107421876,1.5140016078948975,0.10821545869112015,9.688471794128418
1700822892728700000,31.040699951171874,1.5298258066177368,0.11615297943353653,9.685893058776855
1700822892738653000,31.05065283203125,1.54649817943573,0.12381108850240707,9.683150291442871
1700822892748959000,31.060958984375,1.562722086906433,0.13239333033561707,9.680431365966797
1700822892759150000,31.071150146484374,1.5815790891647339,0.14334172010421753,9.677212715148926
1700822892769022000,31.08102197265625,1.6027858257293701,0.15538901090621948,9.673538208007812
1700822892778817000,31.090817138671873,1.6226733922958374,0.16590572893619537,9.67004680633545
1700822892788781000,31.100781005859375,1.6485437154769897,0.17349807918071747,9.665536880493164
1700822892798674000,31.110673828125,1.6818040609359741,0.18228870630264282,9.659643173217773
1700822892808627000,31.120626953125,1.7189851999282837,0.19141368567943573,9.652918815612793
1700822892818906000,31.130906005859377,1.757573127746582,0.19736236333847046,9.645848274230957
1700822892828821000,31.140821044921875,1.789072036743164,0.19880057871341705,9.640026092529297
1700822892838783000,31.150782958984376,1.795589566230774,0.19458939135074615,9.638900756835938
1700822892848771000,31.16077099609375,1.7780332565307617,0.1853659301996231,9.642335891723633
1700822892858741000,31.170740966796874,1.7512993812561035,0.17624299228191376,9.647397994995117
1700822892868804000,31.18080419921875,1.7191035747528076,0.16649609804153442,9.653359413146973
1700822892878807000,31.19080712890625,1.688935399055481,0.15608634054660797,9.658858299255371
1700822892888930000,31.200929931640626,1.6631758213043213,0.14706453680992126,9.663468360900879
1700822892898686000,31.21068603515625,1.6222015619277954,0.13992109894752502,9.670536041259766
1700822892908643000,31.22064306640625,1.5671907663345337,0.13061054050922394,9.679733276367188
1700822892918758000,31.2307578125,1.502415657043457,0.1168421283364296,9.69017505645752
1700822892928837000,31.240837158203124,1.4236639738082886,0.0981549620628357,9.702264785766602
1700822892938798000,31.250798095703125,1.3389924764633179,0.0734761580824852,9.714529037475586
1700822892948995000,31.2609951171875,1.2464298009872437,0.04338964447379112,9.727019309997559
1700822892958925000,31.270925048828126,1.1422759294509888,0.011388532817363739,9.739891052246094
1700822892968710000,31.2807099609375,1.032569169998169,-0.021710604429244995,9.752115249633789
1700822892978901000,31.29090087890625,0.925757884979248,-0.058671385049819946,9.762681007385254
1700822892989093000,31.301093017578125,0.8224373459815979,-0.09282207489013672,9.771660804748535
1700822892998827000,31.310826904296874,0.7195683717727661,-0.11611820012331009,9.779526710510254
1700822893008802000,31.320802001953126,0.6050229668617249,-0.1360539048910141,9.78702449798584
1700822893018672000,31.330672119140626,0.4742853045463562,-0.15563128888607025,9.793936729431152
1700822893029010000,31.341010009765625,0.31404170393943787,-0.1788698434829712,9.799988746643066
1700822893038775000,31.350775146484374,0.1537492722272873,-0.20553456246852875,9.803291320800781
1700822893049029000,31.361029052734374,-0.015461042523384094,-0.241194486618042,9.803671836853027
1700822893058948000,31.370947998046876,-0.1861800104379654,-0.28111469745635986,9.800851821899414
1700822893068833000,31.3808330078125,-0.34091538190841675,-0.3136295974254608,9.79570484161377
1700822893078849000,31.39084912109375,-0.49792352318763733,-0.34323418140411377,9.787986755371094
1700822893088731000,31.40073095703125,-0.6446353197097778,-0.3683341443538666,9.778504371643066
1700822893098913000,31.4109130859375,-0.8132546544075012,-0.3923901319503784,9.764988899230957
1700822893108791000,31.420791015625,-0.9934208393096924,-0.4156056046485901,9.747347831726074
1700822893118823000,31.430822998046875,-1.1763451099395752,-0.43607351183891296,9.72607135772705
1700822893128797000,31.440796875,-1.3649603128433228,-0.4546715319156647,9.700543403625488
1700822893138789000,31.4507890625,-1.5590811967849731,-0.4725041091442108,9.670387268066406
1700822893149107000,31.46110693359375,-1.7467337846755981,-0.488653302192688,9.637455940246582
1700822893158759000,31.470759033203127,-1.935692548751831,-0.502480149269104,9.60057258605957
1700822893168812000,31.48081201171875,-2.1255478858947754,-0.5109115839004517,9.559885025024414
1700822893178827000,31.490826904296874,-2.299612045288086,-0.5170467495918274,9.519184112548828
1700822893188926000,31.500926025390626,-2.4686410427093506,-0.5264484882354736,9.476237297058105
1700822893198808000,31.51080810546875,-2.626681327819824,-0.5394155383110046,9.432916641235352
1700822893208926000,31.520926025390626,-2.78989315032959,-0.5568562150001526,9.38492202758789
1700822893218662000,31.530661865234375,-2.9447622299194336,-0.5765367746353149,9.336295127868652
1700822893228797000,31.540796875,-3.091895580291748,-0.5988084673881531,9.287198066711426
1700822893238921000,31.5509208984375,-3.230607748031616,-0.6211845874786377,9.238382339477539
1700822893248932000,31.56093212890625,-3.354680299758911,-0.6384612917900085,9.19287395477295
1700822893258806000,31.570805908203123,-3.4778614044189453,-0.6525143384933472,9.145989418029785
1700822893268840000,31.58083984375,-3.5765323638916016,-0.6600082516670227,9.107317924499512
1700822893278845000,31.590844970703124,-3.6696743965148926,-0.66331547498703,9.069944381713867
1700822893288837000,31.600837158203124,-3.7418065071105957,-0.666266143321991,9.040205955505371
1700822893298849000,31.61084912109375,-3.7970616817474365,-0.6703782081604004,9.016836166381836
1700822893308670000,31.620669921875,-3.821892023086548,-0.6730796098709106,9.006138801574707
1700822893318674000,31.630673828125,-3.837318181991577,-0.6763815879821777,8.999329566955566
1700822893328990000,31.640989990234374,-3.83178448677063,-0.6813374161720276,9.001311302185059
1700822893338827000,31.650826904296874,-3.801520347595215,-0.684958815574646,9.013858795166016
1700822893348939000,31.66093896484375,-3.752427577972412,-0.685607373714447,9.034358024597168
1700822893358691000,31.670691162109375,-3.685102939605713,-0.6847089529037476,9.062094688415527
1700822893368878000,31.680878173828123,-3.6019644737243652,-0.6801376938819885,9.095805168151855
1700822893378855000,31.69085498046875,-3.514216661453247,-0.6694839000701904,9.130850791931152
1700822893388810000,31.70081005859375,-3.4095208644866943,-0.6502116322517395,9.17184829711914
1700822893398843000,31.7108427734375,-3.289283275604248,-0.6168181896209717,9.21794605255127
1700822893408814000,31.72081396484375,-3.1446878910064697,-0.5689026117324829,9.271336555480957
1700822893418779000,31.73077880859375,-2.985473155975342,-0.5164221525192261,9.326878547668457
1700822893428815000,31.740815185546875,-2.831333875656128,-0.4672439992427826,9.377402305603027
1700822893438827000,31.750826904296876,-2.6751139163970947,-0.4288064241409302,9.424983024597168
1700822893448952000,31.7609521484375,-2.4982688426971436,-0.4014987349510193,9.474589347839355
1700822893458903000,31.770903076171876,-2.282604217529297,-0.3748544752597809,9.529932975769043
1700822893468908000,31.780907958984375,-2.075993537902832,-0.3502531349658966,9.577994346618652
1700822893478796000,31.790796142578124,-1.8700971603393555,-0.33164486289024353,9.620973587036133
1700822893488823000,31.800822998046876,-1.6789944171905518,-0.3218511939048767,9.656488418579102
1700822893499015000,31.811014892578125,-1.5029737949371338,-0.3155883550643921,9.685653686523438
1700822893508740000,31.820739990234376,-1.3404971361160278,-0.3124503493309021,9.709574699401855
1700822893518755000,31.830755126953125,-1.209788203239441,-0.31598609685897827,9.726611137390137
1700822893528662000,31.840662109375,-1.112493634223938,-0.32178807258605957,9.738030433654785
1700822893538772000,31.85077197265625,-1.0180076360702515,-0.3228001594543457,9.748326301574707
1700822893549016000,31.86101611328125,-0.9643779993057251,-0.3196379244327545,9.753880500793457
1700822893558797000,31.870797119140626,-0.9699540138244629,-0.3188748061656952,9.753353118896484
1700822893568812000,31.88081201171875,-1.0188549757003784,-0.32916679978370667,9.748024940490723
1700822893578835000,31.8908349609375,-1.087117075920105,-0.35550710558891296,9.739723205566406
1700822893588935000,31.900934814453127,-1.141496181488037,-0.3995558023452759,9.731792449951172
1700822893598985000,31.91098486328125,-1.1665925979614258,-0.4488420784473419,9.726662635803223
1700822893608767000,31.92076708984375,-1.2111197710037231,-0.500928521156311,9.718674659729004
1700822893618799000,31.930799072265625,-1.3369532823562622,-0.554758608341217,9.699236869812012
1700822893628833000,31.9408330078125,-1.4789505004882812,-0.6076628565788269,9.675424575805664
1700822893638650000,31.950650146484374,-1.623740792274475,-0.6628168821334839,9.648550987243652
1700822893648831000,31.9608310546875,-1.7505205869674683,-0.7143594026565552,9.62267017364502
1700822893658887000,31.970886962890624,-1.8668042421340942,-0.7637550234794617,9.596982955932617
1700822893668896000,31.98089599609375,-1.974056363105774,-0.8078455328941345,9.571880340576172
1700822893678769000,31.990768798828125,-2.0921971797943115,-0.8470505475997925,9.543355941772461
1700822893688699000,32.00069897460938,-2.2283356189727783,-0.878581702709198,9.509629249572754
1700822893698929000,32.01092895507813,-2.3930933475494385,-0.9061241149902344,9.466912269592285
1700822893708839000,32.0208388671875,-2.553510904312134,-0.9254615306854248,9.423029899597168
1700822893718871000,32.03087109375,-2.6930174827575684,-0.9347150921821594,9.383193969726562
1700822893728720000,32.04071997070312,-2.822765827178955,-0.940092146396637,9.344443321228027
1700822893738679000,32.050678955078126,-2.9467697143554688,-0.9468734264373779,9.305394172668457
1700822893748883000,32.06088305664063,-3.04801869392395,-0.9541250467300415,9.27198314666748
1700822893759045000,32.07104516601562,-3.150127649307251,-0.9640601277351379,9.236756324768066
1700822893768978000,32.08097802734375,-3.2704997062683105,-0.9737585186958313,9.193800926208496
1700822893779047000,32.091046875,-3.367034912109375,-0.9723852276802063,9.159035682678223
1700822893788909000,32.100908935546876,-3.420210361480713,-0.9630889892578125,9.140297889709473
1700822893799133000,32.1111328125,-3.4303267002105713,-0.9580085873603821,9.137039184570312
1700822893809737000,32.12173706054688,-3.429769277572632,-0.9609525203704834,9.13693904876709
1700822893819102000,32.13110205078125,-3.4423093795776367,-0.9608426690101624,9.132233619689941
1700822893828717000,32.14071704101563,-3.4437601566314697,-0.9548127055168152,9.132319450378418
1700822893838756000,32.150756103515626,-3.4165773391723633,-0.9474647045135498,9.143285751342773
1700822893848725000,32.16072509765625,-3.353454113006592,-0.938385009765625,9.167563438415527
1700822893858656000,32.17065600585938,-3.262221574783325,-0.9216036796569824,9.202116966247559
1700822893868711000,32.1807109375,-3.160646915435791,-0.8950953483581543,9.240104675292969
1700822893878720000,32.19071997070313,-3.0709757804870605,-0.8604586124420166,9.27357006072998
1700822893888741000,32.2007412109375,-2.989025592803955,-0.8219707608222961,9.303789138793945
1700822893898628000,32.21062817382813,-2.8798248767852783,-0.7872349619865417,9.341160774230957
1700822893908701000,32.22070092773438,-2.7387638092041016,-0.7531698942184448,9.386282920837402
1700822893918633000,32.23063305664063,-2.5905680656433105,-0.7177727222442627,9.431020736694336
1700822893928715000,32.24071508789063,-2.4529969692230225,-0.6795142889022827,9.470558166503906
1700822893938746000,32.25074609375,-2.3042075634002686,-0.6341387629508972,9.510987281799316
1700822893949061000,32.26106103515625,-2.134432077407837,-0.5827990174293518,9.553792953491211
1700822893958743000,32.27074291992187,-1.9322808980941772,-0.5247118473052979,9.600069999694824
1700822893968791000,32.280791015625,-1.7280380725860596,-0.46302610635757446,9.64208984375
1700822893978647000,32.29064697265625,-1.5487854480743408,-0.39704087376594543,9.675435066223145
1700822893988779000,32.30077905273438,-1.4140424728393555,-0.33602556586265564,9.698348045349121
1700822893998821000,32.31082104492187,-1.2946850061416626,-0.281848281621933,9.71672534942627
1700822894008784000,32.32078393554688,-1.1618424654006958,-0.23724663257598877,9.734692573547363
1700822894018812000,32.33081201171875,-1.003639578819275,-0.2044719010591507,9.75301456451416
1700822894029114000,32.34111401367188,-0.8042460083961487,-0.17972470819950104,9.771965026855469
1700822894038800000,32.3507998046875,-0.6247498393058777,-0.16321225464344025,9.785367965698242
1700822894048800000,32.360800048828125,-0.4341999590396881,-0.14597703516483307,9.795947074890137
1700822894058807000,32.37080712890625,-0.24655528366565704,-0.12196487933397293,9.8027925491333
1700822894068787000,32.38078686523438,-0.07506036013364792,-0.09417641162872314,9.805910110473633
1700822894078813000,32.39081298828125,0.08682020753622055,-0.067421093583107,9.806035041809082
1700822894088825000,32.4008251953125,0.25255540013313293,-0.042203065007925034,9.80330753326416
1700822894098921000,32.4109208984375,0.4284061789512634,-0.014594927430152893,9.797277450561523
1700822894108833000,32.4208330078125,0.6151306629180908,0.01362432911992073,9.787330627441406
1700822894118816000,32.43081591796875,0.7958227396011353,0.039300329983234406,9.7742280960083
1700822894128739000,32.44073901367187,0.9669051766395569,0.0625762864947319,9.758666038513184
1700822894138817000,32.45081713867187,1.1084531545639038,0.07987988740205765,9.743477821350098
1700822894148741000,32.4607412109375,1.238296627998352,0.09877748042345047,9.727654457092285
1700822894158827000,32.47082690429688,1.3589298725128174,0.12174363434314728,9.711276054382324
1700822894168804000,32.48080419921875,1.4621773958206177,0.139895960688591,9.696022987365723
1700822894178804000,32.49080395507813,1.5449119806289673,0.14793430268764496,9.683065414428711
1700822894188802000,32.500802001953126,1.6205698251724243,0.1535407453775406,9.670604705810547
1700822894198787000,32.510787109375,1.7009475231170654,0.16189590096473694,9.656654357910156
1700822894208794000,32.52079418945313,1.7787097692489624,0.17001433670520782,9.64249324798584
1700822894218802000,32.53080200195313,1.8393350839614868,0.17369213700294495,9.631047248840332
1700822894228766000,32.54076586914063,1.8741822242736816,0.17335312068462372,9.624333381652832
1700822894238806000,32.550805908203124,1.885251760482788,0.178291454911232,9.62208080291748
1700822894248746000,32.56074609375,1.8903095722198486,0.1889931708574295,9.620884895324707
1700822894258844000,32.570843994140624,1.9000227451324463,0.21314561367034912,9.618465423583984
1700822894268715000,32.580715087890624,1.8922755718231201,0.2281070351600647,9.619648933410645
1700822894278822000,32.59082177734375,1.8853273391723633,0.24620793759822845,9.620567321777344
1700822894288835000,32.6008349609375,1.8832366466522217,0.26794952154159546,9.62039566040039
1700822894298853000,32.61085302734375,1.8818622827529907,0.28971126675605774,9.620034217834473
1700822894308995000,32.6209951171875,1.8879770040512085,0.3153773248195648,9.61802864074707
1700822894318835000,32.6308349609375,1.8788446187973022,0.3198319673538208,9.619669914245605
1700822894328924000,32.640923828125,1.8675129413604736,0.31731677055358887,9.621959686279297
1700822894338823000,32.65082299804688,2.159003734588623,0.4685197174549103,9.554557800292969
1700822894348845000,32.660844970703124,2.1574745178222656,0.47071725130081177,9.55479621887207
1700822894359245000,32.6712451171875,2.166367530822754,0.4817577004432678,9.552233695983887
1700822894368981000,32.68098095703125,2.181370258331299,0.49872517585754395,9.54794692993164
1700822894378774000,32.69077392578125,2.195894479751587,0.5201838612556458,9.543472290039062
1700822894388684000,32.70068408203125,2.210503101348877,0.5414321422576904,9.53891658782959
1700822894398879000,32.71087890625,2.2266628742218018,0.5633221864700317,9.533889770507812
1700822894408770000,32.72077001953125,2.243070602416992,0.5859954953193665,9.528675079345703
1700822894418821000,32.730821044921875,2.2624964714050293,0.6104106903076172,9.522547721862793
1700822894428683000,32.74068310546875,2.2861227989196777,0.6356503367424011,9.515251159667969
1700822894438937000,32.75093701171875,2.3111157417297363,0.6597612500190735,9.507569313049316
1700822894448685000,32.76068505859375,2.336211919784546,0.6810480952262878,9.499930381774902
1700822894458813000,32.77081298828125,2.3626868724823,0.6985472440719604,9.492109298706055
1700822894468756000,32.780755859375,2.4633781909942627,0.6794131994247437,9.467869758605957
1700822894478822000,32.79082177734375,2.6294500827789307,0.6123270392417908,9.427695274353027
1700822894488664000,32.8006640625,2.7997806072235107,0.5431070327758789,9.382784843444824
1700822894498829000,32.8108291015625,2.8943252563476562,0.5224772095680237,9.355228424072266
1700822894508797000,32.820796875,2.9144694805145264,0.5378092527389526,9.348103523254395
1700822894518705000,32.83070483398438,2.9224853515625,0.5576289296150208,9.344438552856445
1700822894528804000,32.84080419921875,2.900142192840576,0.5746075510978699,9.350367546081543
1700822894538669000,32.8506689453125,2.845219373703003,0.5833084583282471,9.366689682006836
1700822894548881000,32.860880859375,2.784398317337036,0.5843202471733093,9.384886741638184
1700822894558872000,32.8708720703125,2.7746567726135254,0.5852139592170715,9.387714385986328
1700822894568668000,32.88066796875,2.765105724334717,0.5871943235397339,9.390410423278809
1700822894578841000,32.89084106445313,2.7522690296173096,0.5915469527244568,9.393906593322754
1700822894588705000,32.900705078125,2.7402396202087402,0.5974991917610168,9.397046089172363
1700822894598880000,32.9108798828125,2.7333009243011475,0.6035559773445129,9.398679733276367
1700822894608815000,32.92081518554688,2.4734458923339844,0.5479860901832581,9.473761558532715
1700822894618792000,32.9307919921875,2.2692224979400635,0.5090291500091553,9.52690601348877
1700822894628807000,32.94080688476563,2.1255252361297607,0.48374858498573303,9.561304092407227
1700822894638752000,32.950751953125,2.06014347076416,0.4662128984928131,9.576473236083984
1700822894648885000,32.960885009765626,2.0340540409088135,0.4504697024822235,9.582801818847656
1700822894658870000,32.9708701171875,2.023994207382202,0.43245062232017517,9.585762023925781
1700822894668707000,32.98070703125,2.0226516723632812,0.4080372154712677,9.587115287780762
1700822894679033000,32.991033203125,2.018756151199341,0.3806403577327728,9.589062690734863
1700822894688887000,33.000886962890625,2.0108680725097656,0.36031392216682434,9.59150505065918
1700822894698858000,33.01085791015625,2.0002243518829346,0.35706982016563416,9.593852043151855
1700822894708762000,33.02076220703125,1.9892101287841797,0.35491496324539185,9.596221923828125
1700822894718753000,33.0307529296875,1.979371428489685,0.3553624153137207,9.59823989868164
1700822894728899000,33.04089916992187,1.9679219722747803,0.3573842942714691,9.600518226623535
1700822894738764000,33.050763916015626,1.9516229629516602,0.36047786474227905,9.603729248046875
1700822894748790000,33.0607900390625,1.932340383529663,0.36435237526893616,9.607481002807617
1700822894758853000,33.07085302734375,1.9126795530319214,0.36789485812187195,9.61128044128418
1700822894768780000,33.080780029296875,1.8936916589736938,0.3705883324146271,9.614934921264648
1700822894779108000,33.091108154296876,1.8759931325912476,0.37289926409721375,9.618314743041992
1700822894788770000,33.10077001953125,1.8598921298980713,0.37412118911743164,9.621394157409668
1700822894798839000,33.110839111328126,1.8437405824661255,0.37535014748573303,9.624454498291016
1700822894808820000,33.12082006835937,1.8288817405700684,0.37799715995788574,9.627185821533203
1700822894818808000,33.13080810546875,1.8196401596069336,0.38251814246177673,9.62875747680664
1700822894828943000,33.14094311523438,1.8110835552215576,0.38748013973236084,9.630173683166504
1700822894839079000,33.15107885742187,1.8032633066177368,0.39024728536605835,9.631528854370117
1700822894848928000,33.16092797851562,1.7800604104995728,0.3855617642402649,9.636032104492188
1700822894858822000,33.17082177734375,1.7471463680267334,0.3805971145629883,9.642251014709473
1700822894869704000,33.18170385742187,1.70176362991333,0.3717287480831146,9.650710105895996
1700822894882469000,33.19446923828125,1.6544086933135986,0.3643713593482971,9.659221649169922
1700822894898748000,33.210747802734375,1.5599347352981567,0.35129502415657043,9.67541217803955
1700822894909473000,33.22147314453125,1.5121709108352661,0.34370967745780945,9.683263778686523
1700822894918752000,33.230751953125,1.4602895975112915,0.33415713906288147,9.691557884216309
1700822894928784000,33.24078393554687,1.4044501781463623,0.3219687044620514,9.70021915435791
1700822894938632000,33.2506318359375,1.3475576639175415,0.3079027533531189,9.708742141723633
1700822894948866000,33.26086596679688,1.2909271717071533,0.29299744963645935,9.716896057128906
1700822894958838000,33.270838134765626,1.1644706726074219,0.23686084151268005,9.73438835144043
1700822894968743000,33.28074291992188,1.107230305671692,0.21482524275779724,9.74157428741455
1700822894978830000,33.290830078125,1.0688315629959106,0.1986865997314453,9.746206283569336
1700822894988758000,33.300758056640625,1.0332034826278687,0.18546324968338013,9.750307083129883
1700822894998897000,33.31089697265625,1.0071436166763306,0.17096564173698425,9.75329875946045
1700822895008811000,33.32081103515625,0.9858549237251282,0.15696662664413452,9.755707740783691
1700822895018832000,33.330831787109375,0.9680350422859192,0.14417320489883423,9.7576904296875
1700822895028835000,33.3408349609375,0.9502086043357849,0.13288024067878723,9.759603500366211
1700822895038875000,33.350875,0.932456374168396,0.12453940510749817,9.76142406463623
1700822895048787000,33.360786865234374,0.9145596027374268,0.1183905303478241,9.76319408416748
1700822895058880000,33.3708798828125,0.934899091720581,0.24299539625644684,9.75896167755127
1700822895068725000,33.38072509765625,0.9456626176834106,0.2998605966567993,9.756341934204102
1700822895078770000,33.39077001953125,0.948750376701355,0.33293986320495605,9.754968643188477
1700822895088729000,33.40072900390625,0.9521246552467346,0.36001843214035034,9.753678321838379
1700822895098899000,33.41089892578125,0.9665107727050781,0.35872751474380493,9.752311706542969
1700822895108783000,33.420783203125,0.9890417456626892,0.3606693148612976,9.749979972839355
1700822895118961000,33.4309609375,1.0154130458831787,0.36631810665130615,9.747057914733887
1700822895128758000,33.440758056640625,1.0435439348220825,0.3745484948158264,9.743773460388184
1700822895138664000,33.450663818359374,1.0727204084396362,0.3860384225845337,9.740156173706055
1700822895148754000,33.46075390625,1.1047403812408447,0.4006403684616089,9.73598575592041
1700822895158817000,33.470817138671876,1.1395808458328247,0.4167369306087494,9.731294631958008
1700822895168649000,33.48064892578125,1.0900360345840454,0.5482619404792786,9.730447769165039
1700822895178827000,33.490826904296874,1.0958606004714966,0.603965163230896,9.726495742797852
1700822895188914000,33.50091381835937,1.1211042404174805,0.6353805661201477,9.7216157913208
1700822895198797000,33.510797119140626,1.144660234451294,0.6576178073883057,9.717391967773438
1700822895208849000,33.520848876953124,1.1623437404632568,0.6731754541397095,9.714226722717285
1700822895218817000,33.53081713867188,1.177106261253357,0.6841560006141663,9.711681365966797
1700822895228793000,33.54079296875,1.188430666923523,0.689676821231842,9.70991039276123
1700822895238680000,33.55068017578125,1.1966458559036255,0.6825520396232605,9.709405899047852
1700822895248789000,33.5607890625,1.2066441774368286,0.6893582344055176,9.707687377929688
1700822895258718000,33.57071801757812,1.2218551635742188,0.6480079889297485,9.708633422851562
1700822895268868000,33.5808681640625,1.2402445077896118,0.605848491191864,9.709023475646973
1700822895279032000,33.591031982421875,1.2545263767242432,0.5716592073440552,9.709260940551758
1700822895289178000,33.60117822265625,1.2579138278961182,0.5431906580924988,9.710457801818848
1700822895298863000,33.610863037109375,1.244343638420105,0.5155003666877747,9.713714599609375
1700822895308852000,33.62085205078125,1.2189257144927979,0.4862579107284546,9.71844482421875
1700822895319261000,33.63126098632812,1.2002227306365967,0.4606327712535858,9.722020149230957
1700822895329658000,33.641658203125,1.1870216131210327,0.4362371563911438,9.72476577758789
1700822895339170000,33.651170166015625,1.1775763034820557,0.41536855697631836,9.726827621459961
1700822895348752000,33.660751953125,1.1708816289901733,0.39869099855422974,9.7283353805542
1700822895358812000,33.67081201171875,1.1846518516540527,0.39933833479881287,9.726639747619629
1700822895368844000,33.68084399414062,1.1974695920944214,0.3995572626590729,9.72506046295166
1700822895378654000,33.690654052734374,1.2053316831588745,0.4004135727882385,9.724055290222168
1700822895388635000,33.700634765625,1.2078546285629272,0.4033861756324768,9.723618507385254
1700822895398774000,33.71077392578125,1.2052016258239746,0.40750089287757874,9.723775863647461
1700822895408760000,33.72076000976563,1.201141357421875,0.410343736410141,9.724160194396973
1700822895418928000,33.73092822265625,1.196590542793274,0.411220520734787,9.724682807922363
1700822895429046000,33.7410458984375,1.1927194595336914,0.4099190831184387,9.725214958190918
1700822895438767000,33.75076708984375,1.190354585647583,0.40755730867385864,9.725603103637695
1700822895448845000,33.760844970703126,1.1866991519927979,0.4065113067626953,9.726093292236328
1700822895458975000,33.77097509765625,1.1819980144500732,0.4102700650691986,9.726507186889648
1700822895468787000,33.780786865234376,1.177035927772522,0.4175529181957245,9.726800918579102
1700822895479694000,33.79169409179688,1.1730233430862427,0.4279530346393585,9.726832389831543
1700822895488759000,33.80075903320313,1.17190420627594,0.43861061334609985,9.726492881774902
1700822895498944000,33.81094409179688,1.1724796295166016,0.44715720415115356,9.726034164428711
1700822895508810000,33.82081005859375,1.1747167110443115,0.4534957706928253,9.725471496582031
1700822895518864000,33.83086376953125,1.177999496459961,0.4576277434825897,9.724879264831543
1700822895528885000,33.84088500976563,1.1811429262161255,0.4599158465862274,9.724390983581543
1700822895538853000,33.85085302734375,1.1835616827011108,0.4626707136631012,9.723965644836426
1700822895548720000,33.86072021484375,1.1842987537384033,0.46817106008529663,9.723612785339355
1700822895558832000,33.87083203125,1.1825499534606934,0.47622841596603394,9.723434448242188
1700822895568845000,33.88084497070312,1.1800025701522827,0.48397332429885864,9.72336196899414
1700822895578967000,33.89096704101563,1.179369330406189,0.4896838068962097,9.723152160644531
1700822895588984000,33.90098413085938,1.1816099882125854,0.49498629570007324,9.722611427307129
1700822895598931000,33.91093090820313,1.1853747367858887,0.4995470345020294,9.721920013427734
1700822895609568000,33.92156811523437,1.19011390209198,0.5031213760375977,9.721156120300293
1700822895618899000,33.93089892578125,1.1932936906814575,0.505130410194397,9.720663070678711
1700822895628986000,33.94098608398438,1.1936458349227905,0.5059025287628174,9.720579147338867
1700822895638716000,33.9507158203125,1.190460205078125,0.5066702961921692,9.720930099487305
1700822895648885000,33.960885009765626,1.1854193210601807,0.5054702758789062,9.721609115600586
1700822895658895000,33.97089501953125,1.180408239364624,0.5042892694473267,9.722280502319336
1700822895669008000,33.9810078125,1.1773086786270142,0.5029682517051697,9.722724914550781
1700822895678912000,33.990912109375,1.1772117614746094,0.5024652481079102,9.722762107849121
1700822895689721000,34.00172119140625,1.1804907321929932,0.5008256435394287,9.722448348999023
1700822895699126000,34.0111259765625,1.1852245330810547,0.4958379566669464,9.722128868103027
1700822895708721000,34.02072094726562,1.1874920129776,0.4858136773109436,9.722357749938965
1700822895718876000,34.0308759765625,1.1849830150604248,0.47218790650367737,9.723334312438965
1700822895729035000,34.041034912109374,1.179031491279602,0.4600815773010254,9.724638938903809
1700822895738782000,34.050781982421874,1.1702795028686523,0.4521966576576233,9.726065635681152
1700822895748774000,34.06077392578125,1.1590946912765503,0.448498398065567,9.727577209472656
1700822895758864000,34.07086376953125,1.1449098587036133,0.44625529646873474,9.72935962677002
1700822895769066000,34.08106591796875,1.1323431730270386,0.44642889499664307,9.73082160949707
1700822895779644000,34.09164379882812,1.1275756359100342,0.4522022008895874,9.731108665466309
1700822895789067000,34.10106689453125,1.126069188117981,0.46530866622924805,9.730666160583496
1700822895799040000,34.1110400390625,1.1188173294067383,0.48279666900634766,9.7306489944458
1700822895809002000,34.121001953125,1.1108191013336182,0.5007345080375671,9.730660438537598
1700822895818770000,34.13077001953125,1.1023534536361694,0.5055994391441345,9.731371879577637
1700822895829084000,34.141083984375,1.0919294357299805,0.5109347105026245,9.732268333435059
1700822895838911000,34.15091088867187,1.0802421569824219,0.5164023041725159,9.733284950256348
1700822895848668000,34.16066796875,1.0700803995132446,0.52189040184021,9.734112739562988
1700822895858736000,34.17073608398437,1.161195993423462,0.7762462496757507,9.706670761108398
1700822895868785000,34.180784912109374,1.2221871614456177,0.9182277917861938,9.68677043914795
1700822895878899000,34.19089892578125,1.2562800645828247,0.9730489253997803,9.677051544189453
1700822895888891000,34.20089086914062,1.2818477153778076,0.9924898147583008,9.671723365783691
1700822895898866000,34.210865966796874,1.3008387088775635,0.9932914972305298,9.669105529785156
1700822895908707000,34.22070703125,1.3132495880126953,0.9650500416755676,9.6702880859375
1700822895918850000,34.23085009765625,1.3059691190719604,0.8742197155952454,9.679906845092773
1700822895928951000,34.240950927734374,1.304803729057312,0.7600456476211548,9.689696311950684
1700822895941234000,34.25323388671875,1.3437256813049316,0.6175424456596375,9.694504737854004
1700822895958775000,34.270775146484375,1.3417986631393433,0.6179004311561584,9.69474983215332
1700822895968841000,34.28084106445313,1.3437381982803345,0.6157093644142151,9.694620132446289
1700822895978774000,34.29077392578125,1.3481651544570923,0.6127753257751465,9.69419002532959
1700822895988707000,34.30070703125,1.3554449081420898,0.6094637513160706,9.69338607788086
1700822895998804000,34.31080395507813,1.3639397621154785,0.6062500476837158,9.692395210266113
1700822896008720000,34.320719970703124,1.3700987100601196,0.6031923890113831,9.691718101501465
1700822896018784000,34.330783935546876,1.3724538087844849,0.6008391380310059,9.69153118133545
1700822896028791000,34.340791015625,1.3719810247421265,0.6003376245498657,9.691627502441406
1700822896038911000,34.350910888671876,1.370213270187378,0.6024243235588074,9.69174861907959
1700822896048620000,34.3606201171875,1.3671021461486816,0.6060343384742737,9.691963195800781
1700822896058766000,34.37076611328125,1.3625295162200928,0.6099705100059509,9.692359924316406
1700822896068786000,34.38078588867187,1.3574267625808716,0.6139867901802063,9.692822456359863
1700822896078752000,34.390751953125,1.3509531021118164,0.6193386316299438,9.69338607788086
1700822896088924000,34.400923828125,1.3428984880447388,0.6282409429550171,9.693933486938477
1700822896098843000,34.4108427734375,1.333470106124878,0.6381549835205078,9.694585800170898
1700822896108780000,34.42078002929688,1.3230562210083008,0.6498232483863831,9.69523811340332
1700822896118776000,34.430776123046876,1.312434434890747,0.6617316603660583,9.695877075195312
1700822896128764000,34.44076391601563,1.3021949529647827,0.6712245941162109,9.69660472869873
1700822896138794000,34.4507939453125,1.294217824935913,0.6770610809326172,9.697266578674316
1700822896148807000,34.460806884765624,1.288185477256775,0.6821022629737854,9.697717666625977
1700822896158879000,34.47087890625,1.2861998081207275,0.6875079274177551,9.697598457336426
1700822896168862000,34.480862060546876,1.2883195877075195,0.6925307512283325,9.696959495544434
1700822896178661000,34.4906611328125,1.290548324584961,0.6970444321632385,9.696340560913086
1700822896188839000,34.5008388671875,1.2900490760803223,0.7023062705993652,9.696026802062988
1700822896199077000,34.5110771484375,1.2833410501480103,0.7083055377006531,9.696479797363281
1700822896208847000,34.52084716796875,1.2730991840362549,0.7169091105461121,9.697197914123535
1700822896218864000,34.530864013671874,1.2603775262832642,0.7299474477767944,9.697887420654297
1700822896228692000,34.54069189453125,1.2504457235336304,0.7469152212142944,9.697880744934082
1700822896239033000,34.551033203125,1.2454512119293213,0.7637968063354492,9.697209358215332
1700822896248832000,34.56083203125,1.2432916164398193,0.7754135727882385,9.696564674377441
1700822896258698000,34.570697998046874,1.242634654045105,0.7856462597846985,9.695825576782227
1700822896268797000,34.580796875,1.2429132461547852,0.7952966690063477,9.695001602172852
1700822896278750000,34.59075,1.244080901145935,0.8028671145439148,9.69422721862793
1700822896288941000,34.60094116210937,1.245723843574524,0.807215690612793,9.693655967712402
1700822896298634000,34.61063403320313,1.2475109100341797,0.808698296546936,9.693303108215332
1700822896308744000,34.62074389648438,1.2497923374176025,0.808715283870697,9.69300651550293
1700822896318658000,34.63065795898437,1.2518404722213745,0.8080901503562927,9.692795753479004
1700822896328793000,34.64079296875,1.2539938688278198,0.8073965907096863,9.692574501037598
1700822896338636000,34.650635986328126,1.2564858198165894,0.8067030310630798,9.692310333251953
1700822896348879000,34.66087915039063,1.260552167892456,0.8049418926239014,9.691929817199707
1700822896358907000,34.670906982421876,1.2699787616729736,0.7998197078704834,9.691123008728027
1700822896368670000,34.680669921875,1.2845405340194702,0.7916799783706665,9.689870834350586
1700822896378691000,34.690691162109374,1.3029289245605469,0.7804104089736938,9.68833065032959
1700822896389219000,34.701218994140625,1.3203673362731934,0.7669374346733093,9.687045097351074
1700822896398669000,34.7106689453125,1.3296128511428833,0.7552508115768433,9.686697959899902
1700822896408807000,34.72080688476562,1.335294485092163,0.7435387372970581,9.686820983886719
1700822896418788000,34.7307880859375,1.339761734008789,0.7304410934448242,9.687202453613281
1700822896429051000,34.74105078125,1.346717357635498,0.7173530459403992,9.687215805053711
1700822896438798000,34.750798095703125,1.3547844886779785,0.7046116590499878,9.687026977539062
1700822896448791000,34.760791015625,1.362614631652832,0.692298948764801,9.686816215515137
1700822896458979000,34.77097900390625,1.3700518608093262,0.6795213222503662,9.686671257019043
1700822896468867000,34.7808671875,1.3771024942398071,0.6661235094070435,9.686601638793945
1700822896478894000,34.79089404296875,1.3836981058120728,0.6522974967956543,9.686603546142578
1700822896488866000,34.80086596679688,1.387291431427002,0.6393365859985352,9.686954498291016
1700822896498998000,34.810998046875,1.3882976770401,0.6288689970970154,9.687495231628418
1700822896508948000,34.820947998046876,1.3880001306533813,0.6220090389251709,9.687979698181152
1700822896518919000,34.8309189453125,1.3846896886825562,0.6174819469451904,9.688743591308594
1700822896528905000,34.84090502929688,1.3811596632003784,0.6151353716850281,9.689395904541016
1700822896538728000,34.85072802734375,1.3811506032943726,0.6140499114990234,9.689467430114746
1700822896548760000,34.86076000976563,1.385248064994812,0.6120251417160034,9.689009666442871
1700822896558933000,34.87093310546875,1.393691897392273,0.6076266169548035,9.688075065612793
1700822896568867000,34.8808671875,1.4066959619522095,0.5999681949615479,9.686673164367676
1700822896578877000,34.890876953125,1.4221341609954834,0.5912842154502869,9.684952735900879
1700822896588863000,34.900863037109374,1.4352407455444336,0.5834764838218689,9.683491706848145
1700822896598878000,34.9108779296875,1.4448879957199097,0.5764583945274353,9.682478904724121
1700822896608874000,34.9208740234375,1.4501739740371704,0.5693769454956055,9.682108879089355
1700822896618718000,34.93071801757812,1.4497462511062622,0.5605024099349976,9.68268871307373
1700822896629046000,34.9410458984375,1.446452021598816,0.5519853830337524,9.683672904968262
1700822896638693000,34.95069311523437,1.443840742111206,0.5428080558776855,9.684578895568848
1700822896649023000,34.96102294921875,1.4428578615188599,0.5339581370353699,9.68521785736084
1700822896658997000,34.9709970703125,1.4427727460861206,0.5236108899116516,9.685795783996582
1700822896668879000,34.98087915039063,1.4458807706832886,0.5119330286979675,9.685956001281738
1700822896678921000,34.9909208984375,1.4523648023605347,0.5010960102081299,9.685552597045898
1700822896688961000,35.0009609375,1.4583797454833984,0.49132367968559265,9.685150146484375
1700822896698671000,35.010671142578126,1.4629733562469482,0.48347529768943787,9.684852600097656
1700822896708643000,35.02064306640625,1.4656656980514526,0.47734424471855164,9.684747695922852
1700822896718813000,35.03081298828125,1.4659831523895264,0.4727347195148468,9.68492603302002
1700822896728780000,35.040780029296876,1.4722808599472046,0.47565293312072754,9.683828353881836
1700822896738733000,35.05073315429688,1.481137990951538,0.4821414351463318,9.682157516479492
1700822896748766000,35.060765869140624,1.4949783086776733,0.4888485372066498,9.679693222045898
1700822896758825000,35.07082495117187,1.5061712265014648,0.49299803376197815,9.67774772644043
1700822896768810000,35.08081005859375,1.5127968788146973,0.4936649799346924,9.676680564880371
1700822896778846000,35.09084594726563,1.5209712982177734,0.49167877435684204,9.67549991607666
1700822896788891000,35.10089086914063,1.5331616401672363,0.4898384213447571,9.67366886138916
1700822896798661000,35.1106611328125,1.5458742380142212,0.4893690347671509,9.67166805267334
1700822896808673000,35.120673095703125,1.5544536113739014,0.4896446466445923,9.670280456542969
1700822896818768000,35.130767822265625,1.5586985349655151,0.49008214473724365,9.669575691223145
1700822896828747000,35.1407470703125,1.5633505582809448,0.49093204736709595,9.668780326843262
1700822896838879000,35.15087890625,1.565554141998291,0.4930255115032196,9.668317794799805
1700822896848721000,35.160720947265624,1.571250557899475,0.49680766463279724,9.66719913482666
1700822896858871000,35.17087109375,1.581760287284851,0.5032119750976562,9.665155410766602
1700822896868748000,35.180748046875,1.5940606594085693,0.5096411108970642,9.662796020507812
1700822896878765000,35.19076513671875,1.601900577545166,0.5128042697906494,9.661333084106445
1700822896888781000,35.200781005859376,1.6032297611236572,0.510212779045105,9.661248207092285
1700822896898784000,35.21078393554688,1.6024173498153687,0.503852903842926,9.661718368530273
1700822896909102000,35.22110205078125,1.5997434854507446,0.49662265181541443,9.66253662109375
1700822896918807000,35.23080712890625,1.596518635749817,0.48957186937332153,9.663429260253906
1700822896928884000,35.24088403320312,1.591997504234314,0.4811924695968628,9.664594650268555
1700822896938839000,35.250839111328126,1.584467887878418,0.4723752439022064,9.666266441345215
1700822896948808000,35.260807861328125,1.5748956203460693,0.4635743796825409,9.668258666992188
1700822896958942000,35.27094189453125,1.5654668807983398,0.45657795667648315,9.670121192932129
1700822896968669000,35.2806689453125,1.5575929880142212,0.45181673765182495,9.671614646911621
1700822896978829000,35.2908291015625,1.5506327152252197,0.4476672112941742,9.672928810119629
1700822896990226000,35.30222583007812,1.5468441247940063,0.44539985060691833,9.673638343811035
1700822896999024000,35.31102416992187,1.5471745729446411,0.44261547923088074,9.673713684082031
1700822897008803000,35.32080297851562,1.5474333763122559,0.4415557384490967,9.673720359802246
1700822897018635000,35.33063500976562,1.5454838275909424,0.4422033727169037,9.674002647399902
1700822897029548000,35.341548095703125,1.5411996841430664,0.44469988346099854,9.674571990966797
1700822897038851000,35.35085107421875,1.5467956066131592,0.44771891832351685,9.673540115356445
1700822897048625000,35.360625,1.5586256980895996,0.4497600793838501,9.67154598236084
1700822897058899000,35.37089892578125,1.5724399089813232,0.4504387080669403,9.66927719116211
1700822897068768000,35.38076806640625,1.5890088081359863,0.45007017254829407,9.666586875915527
1700822897078789000,35.3907890625,1.6094858646392822,0.4524804353713989,9.663084030151367
1700822897088782000,35.400781982421876,1.627203345298767,0.46012014150619507,9.659756660461426
1700822897098782000,35.410781982421874,1.6320676803588867,0.4718421399593353,9.658370018005371
1700822897108680000,35.42067993164063,1.6301406621932983,0.4801712930202484,9.658285140991211
1700822897118992000,35.43099194335937,1.619956135749817,0.4869424104690552,9.659659385681152
1700822897128678000,35.44067797851562,1.6126136779785156,0.4892103374004364,9.660772323608398
1700822897138684000,35.45068383789062,1.61067795753479,0.48433688282966614,9.661341667175293
1700822897148879000,35.460879150390625,1.608569622039795,0.47244128584861755,9.662282943725586
1700822897158797000,35.47079711914063,1.6035337448120117,0.4563947021961212,9.663890838623047
1700822897168742000,35.48074194335938,1.4058860540390015,0.2644195854663849,9.701749801635742
1700822897178893000,35.49089306640625,1.2645089626312256,0.09296178072690964,9.724339485168457
1700822897189055000,35.501054931640624,1.157826542854309,-0.046753570437431335,9.73794937133789
1700822897198736000,35.51073583984375,1.0904157161712646,-0.11231997609138489,9.745192527770996
1700822897208734000,35.52073388671875,1.0092350244522095,-0.1441623866558075,9.753515243530273
1700822897218840000,35.530840087890624,0.9102734923362732,-0.14384031295776367,9.763253211975098
1700822897228648000,35.54064794921875,0.821485161781311,-0.12236586213111877,9.771417617797852
1700822897240104000,35.55210400390625,0.7256997227668762,-0.08676028996706009,9.779377937316895
1700822897248829000,35.560828857421875,0.6810768842697144,-0.07620792090892792,9.782673835754395
1700822897258886000,35.57088598632812,0.6358672976493835,-0.07486702501773834,9.785727500915527
1700822897268768000,35.58076806640625,0.6317381262779236,-0.0803542286157608,9.785951614379883
1700822897278647000,35.59064697265625,0.6254346370697021,-0.08729717880487442,9.786295890808105
1700822897288697000,35.60069702148437,0.6153457760810852,-0.09492313861846924,9.786865234375
1700822897298782000,35.61078198242188,0.6011922955513,-0.10143296420574188,9.787678718566895
1700822897308752000,35.620751953125,0.5854631066322327,-0.10579612851142883,9.788585662841797
1700822897318770000,35.63077001953125,0.5664956569671631,-0.10933627933263779,9.789665222167969
1700822897328682000,35.64068188476563,0.5469194650650024,-0.11061813682317734,9.790762901306152
1700822897338791000,35.650791015625,0.5264617800712585,-0.10827741771936417,9.791911125183105
1700822897348776000,35.66077587890625,0.503714382648468,-0.1054544746875763,9.793136596679688
1700822897358709000,35.670708984375,0.47827598452568054,-0.1035100594162941,9.79443359375
1700822897368802000,35.680802001953126,0.4511561989784241,-0.10032178461551666,9.795753479003906
1700822897378828000,35.690828125,0.4245978891849518,-0.09532763063907623,9.796990394592285
1700822897388812000,35.70081201171875,0.40141019225120544,-0.08802782744169235,9.798036575317383
1700822897398832000,35.71083203125,0.38003742694854736,-0.07960603386163712,9.798961639404297
1700822897408859000,35.72085888671875,0.36222779750823975,-0.07053133845329285,9.799704551696777
1700822897418754000,35.730754150390624,0.34722691774368286,-0.062279053032398224,9.80030345916748
1700822897428889000,35.74088916015625,0.34464508295059204,-0.05312544107437134,9.800447463989258
1700822897438885000,35.750885009765625,0.3510949909687042,-0.04447188600897789,9.800263404846191
1700822897448847000,35.76084716796875,0.3620128333568573,-0.03773556649684906,9.799893379211426
1700822897459782000,35.77178198242188,0.3731301426887512,-0.032656945288181305,9.799495697021484
1700822897468885000,35.780885009765626,0.37488970160484314,-0.03124941699206829,9.799432754516602
1700822897478897000,35.79089697265625,0.3751791715621948,-0.02957739308476448,9.799427032470703
1700822897488863000,35.80086303710937,0.37651965022087097,-0.027671266347169876,9.7993803024292
1700822897498957000,35.81095703125,0.3851321339607239,-0.023041853681206703,9.79905891418457
1700822897508914000,35.82091381835937,0.39990007877349854,-0.017504677176475525,9.798478126525879
1700822897518684000,35.830683837890625,0.4150298237800598,-0.012889876961708069,9.797856330871582
1700822897528794000,35.84079418945313,0.43041548132896423,-0.008227145299315453,9.797198295593262
1700822897538718000,35.850718017578124,0.4441463351249695,-0.004015957936644554,9.796586036682129
1700822897548656000,35.86065625,0.4532511532306671,-0.0020487492438405752,9.796172142028809
1700822897558813000,35.87081298828125,0.46179860830307007,-0.0001461304782424122,9.795772552490234
1700822897568883000,35.88088305664063,0.46996891498565674,0.001592237618751824,9.795382499694824
1700822897578868000,35.890867919921874,0.47652769088745117,0.003310147440060973,9.795065879821777
1700822897588826000,35.900826171875,0.4857271909713745,0.005891396198421717,9.794612884521484
1700822897598853000,35.91085302734375,0.4985729157924652,0.007232289295643568,9.793966293334961
1700822897608783000,35.920783203125,0.5171944499015808,0.00757394265383482,9.793000221252441
1700822897618686000,35.93068603515625,0.5401239395141602,0.007438041269779205,9.79176139831543
1700822897628825000,35.9408251953125,0.5689064264297485,0.009477145969867706,9.790130615234375
1700822897638857000,35.95085693359375,0.5986290574073792,0.011665595695376396,9.788354873657227
1700822897648991000,35.96099096679688,0.6303614377975464,0.014409925788640976,9.786359786987305
1700822897658974000,35.970973876953124,0.6703702211380005,0.02014174871146679,9.78369140625
1700822897668823000,35.980822998046875,0.7086566686630249,0.02725801058113575,9.780973434448242
1700822897678710000,35.9907099609375,0.7445983290672302,0.034179624170064926,9.77828311920166
1700822897688992000,36.000991943359374,0.7772659659385681,0.04066489636898041,9.775714874267578
1700822897698838000,36.01083813476563,0.8028925657272339,0.0468926839530468,9.773615837097168
1700822897708828000,36.02082788085937,0.8270816802978516,0.053787413984537125,9.771562576293945
1700822897719341000,36.03134106445312,0.857323944568634,0.06134235858917236,9.768911361694336
1700822897728819000,36.04081884765625,0.8875120282173157,0.06815174967050552,9.766170501708984
1700822897738908000,36.050907958984375,0.9136005640029907,0.07354278862476349,9.763724327087402
1700822897748865000,36.06086499023438,0.9318045973777771,0.07584872841835022,9.76198673248291
1700822897758886000,36.07088598632812,0.9443081617355347,0.07595745474100113,9.760785102844238
1700822897768868000,36.0808681640625,0.9541690349578857,0.07411649823188782,9.759839057922363
1700822897778706000,36.09070581054687,0.9643984436988831,0.07097499072551727,9.758857727050781
1700822897788831000,36.1008310546875,0.970078706741333,0.06624679267406464,9.758328437805176
1700822897798740000,36.11073999023437,0.9663963317871094,0.060282912105321884,9.758731842041016
1700822897808823000,36.120822998046876,0.9613239765167236,0.05232347920536995,9.759278297424316
1700822897818843000,36.1308427734375,0.9636033773422241,0.04110913351178169,9.759106636047363
1700822897828832000,36.14083203125,0.9728469848632812,0.030279403552412987,9.75822925567627
1700822897838872000,36.1508720703125,0.9843041896820068,0.023609424009919167,9.757099151611328
1700822897848748000,36.160748046875,0.9888433218002319,0.021379180252552032,9.756645202636719
1700822897858847000,36.17084692382812,0.9864135980606079,0.023088030517101288,9.756887435913086
1700822897868832000,36.18083203125,0.9833695292472839,0.028735097497701645,9.757180213928223
1700822897878699000,36.190698974609376,0.986151397228241,0.03706657886505127,9.75687026977539
1700822897889003000,36.2010029296875,0.9955622553825378,0.047800447791814804,9.755868911743164
1700822897898850000,36.21085009765625,1.0115476846694946,0.058217212557792664,9.754166603088379
1700822897908828000,36.220827880859375,1.0290676355361938,0.0672597661614418,9.752276420593262
1700822897918844000,36.23084399414063,1.0438450574874878,0.0730094164609909,9.750664710998535
1700822897928820000,36.240820068359376,1.0592989921569824,0.07627426087856293,9.748971939086914
1700822897939329000,36.2513291015625,1.0782568454742432,0.07943564653396606,9.746867179870605
1700822897948888000,36.26088818359375,1.0956443548202515,0.08156827837228775,9.744912147521973
1700822897959013000,36.27101318359375,1.11501145362854,0.0907704085111618,9.742633819580078
1700822897968728000,36.28072802734375,1.135836124420166,0.0974549949169159,9.74016284942627
1700822897978882000,36.29088208007813,1.1513861417770386,0.09259294718503952,9.738384246826172
1700822897988906000,36.300906005859375,1.1643072366714478,0.07834376394748688,9.73697280883789
1700822897998930000,36.31092993164062,1.1732391119003296,0.06408318132162094,9.736005783081055
1700822898008741000,36.3207412109375,1.174223780632019,0.04658259451389313,9.73598575592041
1700822898018693000,36.330693115234375,1.1629998683929443,0.024266134947538376,9.73741340637207
1700822898028683000,36.34068310546875,1.1483066082000732,-0.001685176626779139,9.739188194274902
1700822898039298000,36.35129809570312,1.1307553052902222,-0.0336652472615242,9.741183280944824
1700822898048766000,36.36076586914062,1.1086822748184204,-0.0636383593082428,9.743571281433105
1700822898061210000,36.373210205078124,1.0804351568222046,-0.09418080002069473,9.746496200561523
1700822898078798000,36.390798095703126,1.0243128538131714,-0.13509908318519592,9.752074241638184
1700822898088784000,36.400783935546876,0.976184606552124,-0.15054097771644592,9.756782531738281
1700822898099237000,36.411237060546874,0.910594642162323,-0.16494916379451752,9.76288890838623
1700822898108795000,36.420794921875,0.8364100456237793,-0.17785422503948212,9.76929759979248
1700822898118748000,36.43074780273437,0.7529654502868652,-0.18811872601509094,9.775891304016113
1700822898128642000,36.44064208984375,0.6695159077644348,-0.1982186883687973,9.78176212310791
1700822898138678000,36.45067797851563,0.5846254825592041,-0.20947745442390442,9.786967277526855
1700822898148646000,36.46064599609375,0.4789007008075714,-0.22486118972301483,9.792369842529297
1700822898158897000,36.47089697265625,0.3535867929458618,-0.24485212564468384,9.797216415405273
1700822898168615000,36.48061499023437,0.21911504864692688,-0.26464638113975525,9.800629615783691
1700822898178751000,36.4907509765625,0.08949980139732361,-0.28095191717147827,9.802215576171875
1700822898188780000,36.50078002929688,-0.04775748401880264,-0.2975797951221466,9.802018165588379
1700822898198763000,36.51076293945312,-0.20824512839317322,-0.31547582149505615,9.799361228942871
1700822898208722000,36.52072192382813,-0.35854601860046387,-0.32903847098350525,9.79456901550293
1700822898218798000,36.530798095703126,-0.5226150155067444,-0.34249067306518555,9.786725044250488
1700822898228918000,36.54091796875,-0.6761540174484253,-0.3548430800437927,9.776874542236328
1700822898238866000,36.55086596679688,-0.8399538993835449,-0.3678486943244934,9.763684272766113
1700822898248791000,36.560791015625,-1.0343290567398071,-0.386154443025589,9.744303703308105
1700822898258915000,36.5709150390625,-1.2072796821594238,-0.4050333499908447,9.723621368408203
1700822898268813000,36.58081298828125,-1.3914371728897095,-0.42416882514953613,9.698163032531738
1700822898278728000,36.59072802734375,-1.5854908227920532,-0.44494011998176575,9.667402267456055
1700822898288790000,36.6007900390625,-1.7748808860778809,-0.46561816334724426,9.633452415466309
1700822898298813000,36.61081298828125,-1.9730736017227173,-0.48803281784057617,9.593708038330078
1700822898308778000,36.620778076171874,-2.1725893020629883,-0.5096235871315002,9.549373626708984
1700822898318765000,36.63076513671875,-2.381387710571289,-0.5294625759124756,9.498373031616211
1700822898328768000,36.64076806640625,-2.5788791179656982,-0.5460749864578247,9.445716857910156
1700822898338812000,36.65081201171875,-2.764744758605957,-0.5590236186981201,9.392233848571777
1700822898348772000,36.66077221679687,-2.9441888332366943,-0.5694292783737183,9.33691120147705
1700822898358785000,36.670784912109376,-3.122494697570801,-0.5825473666191101,9.277987480163574
1700822898368786000,36.68078588867188,-3.2762157917022705,-0.5954521894454956,9.224004745483398
1700822898378833000,36.6908330078125,-3.425644874572754,-0.6067088842391968,9.168819427490234
1700822898388691000,36.70069091796875,-3.5719714164733887,-0.6175330877304077,9.112086296081543
1700822898398831000,36.7108310546875,-3.7088496685028076,-0.6281442046165466,9.056503295898438
1700822898408914000,36.72091381835938,-3.8313252925872803,-0.6385472416877747,9.004644393920898
1700822898418849000,36.73084912109375,-3.9381308555603027,-0.6473597288131714,8.957817077636719
1700822898428840000,36.74083984375,-4.0301947593688965,-0.6542173624038696,8.916274070739746
1700822898438854000,36.75085400390625,-4.108214378356934,-0.6594456434249878,8.880208969116211
1700822898448820000,36.76082006835937,-4.180025577545166,-0.6622369885444641,8.846426010131836
1700822898459139000,36.77113916015625,-4.241419315338135,-0.6638263463973999,8.817034721374512
1700822898468865000,36.78086499023438,-4.292077541351318,-0.663883626461029,8.792481422424316
1700822898478931000,36.79093090820312,-4.324673175811768,-0.6603869795799255,8.77675724029541
1700822898489398000,36.80139794921875,-4.34030294418335,-0.6541478037834167,8.769506454467773
1700822898499783000,36.811782958984374,-4.347107887268066,-0.6526914834976196,8.76624584197998
1700822898510308000,36.82230810546875,-4.338150501251221,-0.6593775153160095,8.770181655883789
1700822898518675000,36.83067504882813,-4.30355978012085,-0.6707122921943665,8.786347389221191
1700822898529209000,36.841208984375,-4.246954441070557,-0.6811790466308594,8.813045501708984
1700822898538652000,36.85065185546875,-4.163475036621094,-0.6847752928733826,8.852514266967773
1700822898548744000,36.86074389648437,-4.040635108947754,-0.6769587993621826,8.9098482131958
1700822898558776000,36.87077612304687,-3.892118215560913,-0.656287431716919,8.977253913879395
1700822898568751000,36.880751220703125,-3.718459129333496,-0.6271151304244995,9.052634239196777
1700822898578751000,36.8907509765625,-3.5134267807006836,-0.5893243551254272,9.136680603027344
1700822898588804000,36.90080419921875,-3.311479091644287,-0.5559943318367004,9.2138671875
1700822898598795000,36.910794921875,-3.101313352584839,-0.5259230136871338,9.288468360900879
1700822898608630000,36.92063012695313,-2.8669614791870117,-0.5025681257247925,9.364740371704102
1700822898618698000,36.930697998046874,-2.6120433807373047,-0.4801403284072876,9.440186500549316
1700822898629126000,36.9411259765625,-2.3381338119506836,-0.45440909266471863,9.512993812561035
1700822898638678000,36.95067797851563,-2.0450351238250732,-0.4336717128753662,9.581238746643066
1700822898648832000,36.96083203125,-1.7711971998214722,-0.4225456118583679,9.636113166809082
1700822898658752000,36.970751953125,-1.4966552257537842,-0.41745471954345703,9.682775497436523
1700822898668842000,36.98084204101563,-1.2600352764129639,-0.4088897407054901,9.716764450073242
1700822898678875000,36.990875,-1.0480540990829468,-0.3934200704097748,9.742547035217285
1700822898689050000,37.00105004882813,-0.8300889134407043,-0.378717303276062,9.764113426208496
1700822898698893000,37.01089306640625,-0.6412878632545471,-0.37755993008613586,9.778373718261719
1700822898708891000,37.02089086914062,-0.537044107913971,-0.39488664269447327,9.783967971801758
1700822898719044000,37.03104418945313,-0.5321170091629028,-0.42047494649887085,9.783172607421875
1700822898729030000,37.04102978515625,-0.6121773719787598,-0.44332945346832275,9.77747917175293
1700822898738840000,37.05084008789063,-0.7513812780380249,-0.4655000865459442,9.766735076904297
1700822898749019000,37.06101879882812,-0.9110660552978516,-0.49366381764411926,9.751750946044922
1700822898758853000,37.07085302734375,-1.0740675926208496,-0.5291048288345337,9.733284950256348
1700822898768832000,37.08083203125,-1.2366769313812256,-0.5694236755371094,9.71168327331543
1700822898778856000,37.09085595703125,-1.391824722290039,-0.6060165166854858,9.688446044921875
1700822898788699000,37.10069897460937,-1.5448241233825684,-0.6374372243881226,9.663208961486816
1700822898798854000,37.11085400390625,-1.6810425519943237,-0.6611465811729431,9.638845443725586
1700822898809211000,37.1212109375,-1.8184133768081665,-0.6838447451591492,9.612289428710938
1700822898818907000,37.13090698242188,-1.938698649406433,-0.7080979943275452,9.586994171142578
1700822898829223000,37.14122290039062,-2.046286106109619,-0.7345649003982544,9.562612533569336
1700822898838748000,37.15074780273437,-2.1407217979431152,-0.7642623782157898,9.539579391479492
1700822898849217000,37.161217041015625,-2.2355449199676514,-0.8002961277961731,9.51484489440918
1700822898859095000,37.17109497070312,-2.3533217906951904,-0.8385031223297119,9.483098983764648
1700822898868868000,37.1808681640625,-2.4952034950256348,-0.869560182094574,9.443951606750488
1700822898878705000,37.19070483398438,-2.659123182296753,-0.8941861391067505,9.396801948547363
1700822898888723000,37.20072290039062,-2.812837839126587,-0.912479043006897,9.350172996520996
1700822898898857000,37.21085693359375,-2.940476179122925,-0.9418225884437561,9.307896614074707
1700822898908811000,37.22081103515625,-3.0948824882507324,-0.9777207374572754,9.253982543945312
1700822898918878000,37.2308779296875,-3.237283945083618,-1.0104972124099731,9.201592445373535
1700822898928832000,37.24083203125,-3.316321611404419,-1.0419952869415283,9.169877052307129
1700822898938883000,37.250883056640625,-3.3698160648345947,-1.0702178478240967,9.1470947265625
1700822898949131000,37.26113110351562,-3.4132683277130127,-1.0913348197937012,9.128471374511719
1700822898958837000,37.2708369140625,-3.4240918159484863,-1.0979927778244019,9.123618125915527
1700822898968857000,37.280857177734376,-3.437187433242798,-1.0857833623886108,9.12015438079834
1700822898978851000,37.29085107421875,-3.4487521648406982,-1.0805033445358276,9.116415023803711
1700822898988701000,37.300700927734376,-3.4575555324554443,-1.0895204544067383,9.112007141113281
1700822898998838000,37.310838134765625,-3.4608726501464844,-1.0956722497940063,9.11000919342041
1700822899008887000,37.320886962890626,-3.4291672706604004,-1.0895850658416748,9.122719764709473
1700822899019011000,37.331010986328124,-3.3709912300109863,-1.0617790222167969,9.1476469039917
1700822899028698000,37.34069799804688,-3.350045919418335,-1.0091819763183594,9.161284446716309
1700822899038861000,37.35086108398438,-3.3347458839416504,-0.9501771926879883,9.173171043395996
1700822899048859000,37.36085888671875,-3.253671884536743,-0.9093354344367981,9.206364631652832
1700822899058983000,37.37098291015625,-3.1235616207122803,-0.8687395453453064,9.255219459533691
1700822899072735000,37.38473486328125,-2.979177236557007,-0.8396002650260925,9.305375099182129
1700822899088666000,37.400666015625,-2.6770670413970947,-0.7900593876838684,9.401039123535156
1700822899098787000,37.410787109375,-2.564610004425049,-0.7632570266723633,9.434545516967773
1700822899108853000,37.42085302734375,-2.4598095417022705,-0.7336278557777405,9.464752197265625
1700822899119313000,37.43131298828125,-2.3404529094696045,-0.6963239908218384,9.497779846191406
1700822899128641000,37.44064111328125,-2.1822659969329834,-0.6549950838088989,9.53829574584961
1700822899138664000,37.450663818359374,-1.9956389665603638,-0.6132298111915588,9.581846237182617
1700822899148642000,37.46064208984375,-1.811543583869934,-0.5708358883857727,9.620960235595703
1700822899158613000,37.47061303710937,-1.6449127197265625,-0.5264858603477478,9.653366088867188
1700822899168679000,37.480678955078126,-1.5055530071258545,-0.48311495780944824,9.678343772888184
1700822899178637000,37.490636962890626,-1.372232437133789,-0.4428355395793915,9.700064659118652
1700822899188611000,37.500611083984374,-1.2362351417541504,-0.40803077816963196,9.719858169555664
1700822899198748000,37.51074780273437,-1.0654575824737549,-0.3682701289653778,9.7416410446167
1700822899208732000,37.52073193359375,-0.8983150124549866,-0.3296893537044525,9.759852409362793
1700822899218855000,37.53085498046875,-0.7368858456611633,-0.29023441672325134,9.774619102478027
1700822899228639000,37.540638916015624,-0.575811505317688,-0.25116291642189026,9.786507606506348
1700822899238795000,37.550794921875,-0.42183178663253784,-0.2151595950126648,9.795210838317871
1700822899248749000,37.5607490234375,-0.28261327743530273,-0.18246406316757202,9.80087947845459
1700822899258906000,37.57090600585938,-0.15351502597332,-0.14850685000419617,9.804325103759766
1700822899268717000,37.580717041015625,-0.017982669174671173,-0.11291852593421936,9.805983543395996
1700822899278864000,37.59086376953125,0.12311156094074249,-0.07535159587860107,9.805585861206055
1700822899288804000,37.60080419921875,0.25893574953079224,-0.035996321588754654,9.803165435791016
1700822899298667000,37.6106669921875,0.387068510055542,0.002650806913152337,9.7990083694458
1700822899308796000,37.6207958984375,0.5064755082130432,0.03600538149476051,9.793498039245605
1700822899318822000,37.63082177734375,0.6226198673248291,0.06424304842948914,9.78665542602539
1700822899328808000,37.64080786132813,0.7289409041404724,0.08488894999027252,9.779153823852539
1700822899338805000,37.65080493164062,0.8104249835014343,0.10287439078092575,9.772565841674805
1700822899349021000,37.66102099609375,0.8777557611465454,0.12525545060634613,9.766487121582031
1700822899358716000,37.6707158203125,0.938187301158905,0.14893238246440887,9.760533332824707
1700822899369038000,37.6810380859375,0.9944609999656677,0.17081132531166077,9.754602432250977
1700822899379032000,37.691031982421876,1.0401809215545654,0.18806582689285278,9.74951457977295
1700822899389013000,37.70101293945312,1.0802990198135376,0.19472850859165192,9.745020866394043
1700822899398728000,37.71072802734375,1.1284209489822388,0.1924734115600586,9.739609718322754
1700822899408885000,37.720885009765624,1.176672101020813,0.18617840111255646,9.734021186828613
1700822899418965000,37.730965087890624,1.2243456840515137,0.17876052856445312,9.728278160095215
1700822899428837000,37.74083715820313,1.2695261240005493,0.17423106729984283,9.722569465637207
1700822899438735000,37.750735107421875,1.3046600818634033,0.17686785757541656,9.717866897583008
1700822899448995000,37.7609951171875,1.3347631692886353,0.18494945764541626,9.713627815246582
1700822899458880000,37.7708798828125,1.3517425060272217,0.1976248025894165,9.711031913757324
1700822899469059000,37.78105908203125,1.352919578552246,0.21195495128631592,9.710565567016602
1700822899479026000,37.79102587890625,1.340965747833252,0.2226654291152954,9.711984634399414
1700822899488942000,37.80094213867188,1.3328710794448853,0.23287907242774963,9.712859153747559
1700822899498881000,37.81088110351563,1.3366098403930664,0.24323329329490662,9.712089538574219
1700822899508770000,37.82077001953125,1.3526304960250854,0.2541191279888153,9.709592819213867
1700822899520299000,37.83229907226563,1.3807753324508667,0.2653501331806183,9.705329895019531
1700822899528764000,37.840763916015625,1.414668083190918,0.27898499369621277,9.700066566467285
1700822899538819000,37.85081909179687,1.4423474073410034,0.29474544525146484,9.69552230834961
1700822899548841000,37.860841064453126,1.46791410446167,0.31590574979782104,9.691018104553223
1700822899558782000,37.870781982421875,1.4905626773834229,0.34097588062286377,9.686710357666016
1700822899569019000,37.88101879882812,1.508625864982605,0.36864012479782104,9.682899475097656
1700822899578952000,37.89095190429688,2.170975923538208,0.6902893781661987,9.538383483886719
1700822899588785000,37.90078491210937,2.179621696472168,0.7101105451583862,9.534955978393555
1700822899598827000,37.910826904296876,2.1911187171936035,0.7292913198471069,9.530871391296387
1700822899608810000,37.92081005859375,2.207409381866455,0.7473881244659424,9.52570915222168
1700822899618860000,37.93086010742188,2.486856698989868,0.8045385479927063,9.451912879943848
1700822899628967000,37.940966796875,2.5014777183532715,0.8205427527427673,9.446677207946777
1700822899638858000,37.95085791015625,2.579759359359741,0.7446914315223694,9.431896209716797
1700822899648807000,37.960806884765624,2.5836687088012695,0.6765040159225464,9.435962677001953
1700822899658844000,37.97084399414062,2.5432395935058594,0.6067708730697632,9.451674461364746
1700822899668906000,37.980906005859374,2.4844465255737305,0.553454577922821,9.470564842224121
1700822899678852000,37.99085205078125,2.426244020462036,0.5162333846092224,9.487740516662598
1700822899688718000,38.00071801757812,2.3660218715667725,0.48861587047576904,9.504398345947266
1700822899698885000,38.01088500976562,2.29555344581604,0.466076135635376,9.52279281616211
1700822899708750000,38.02075,2.2314445972442627,0.45438364148139954,9.53858470916748
1700822899718923000,38.03092309570312,2.165825128555298,0.4536208510398865,9.55373477935791
1700822899728867000,38.0408671875,2.098323106765747,0.4667702615261078,9.568154335021973
1700822899738724000,38.05072412109375,2.104562997817993,0.48089465498924255,9.566082954406738
1700822899748881000,38.060880859375,2.1135969161987305,0.49387919902801514,9.56342887878418
1700822899759024000,38.07102416992188,2.126063108444214,0.5047889947891235,9.56009578704834
1700822899769021000,38.08102099609375,2.140998601913452,0.5128974914550781,9.556330680847168
1700822899778732000,38.09073193359375,2.1536660194396973,0.5162281394004822,9.553304672241211
1700822899788851000,38.10085083007812,2.1623566150665283,0.5148202776908875,9.551416397094727
1700822899798884000,38.11088403320313,2.1642091274261475,0.5111764073371887,9.551193237304688
1700822899809043000,38.12104296875,2.1615960597991943,0.5070139765739441,9.552006721496582
1700822899818928000,38.13092822265625,2.158374786376953,0.5037196278572083,9.552910804748535
1700822899829044000,38.1410439453125,2.1586601734161377,0.4980246424674988,9.553144454956055
1700822899838884000,38.15088403320313,2.1568844318389893,0.4936378002166748,9.553772926330566
1700822899849176000,38.161176025390624,2.1507089138031006,0.4908168911933899,9.555309295654297
1700822899858854000,38.17085400390625,2.140958786010742,0.4891153573989868,9.557585716247559
1700822899868808000,38.18080786132813,2.126091480255127,0.4874924421310425,9.56098747253418
1700822899878842000,38.19084204101563,2.105684518814087,0.48410630226135254,9.565674781799316
1700822899888848000,38.20084790039063,2.0815258026123047,0.4782733619213104,9.571253776550293
1700822899898846000,38.210845947265625,2.052809000015259,0.46896103024482727,9.57791519165039
1700822899908982000,38.22098193359375,2.020007848739624,0.45499300956726074,9.585558891296387
1700822899918759000,38.23075903320313,1.9865765571594238,0.43821606040000916,9.5933256149292
1700822899928822000,38.24082202148438,1.9498114585876465,0.4199909567832947,9.601679801940918
1700822899938704000,38.250703857421875,1.9117865562438965,0.40317660570144653,9.6100435256958
1700822899948884000,38.260884033203126,1.870104193687439,0.38829994201660156,9.618853569030762
1700822899958898000,38.27089794921875,1.8279284238815308,0.3779483437538147,9.627368927001953
1700822899969114000,38.281114013671875,1.7869043350219727,0.3739151656627655,9.635224342346191
1700822899978845000,38.29084497070313,1.7526459693908691,0.37690556049346924,9.641398429870605
1700822899988750000,38.30075,1.7210791110992432,0.38501083850860596,9.64676284790039
1700822899998844000,38.310843994140626,1.690739631652832,0.3968827724456787,9.651646614074707
1700822900008888000,38.32088818359375,1.663180947303772,0.4127916991710663,9.655766487121582
1700822900018720000,38.33071997070312,1.6387518644332886,0.43326517939567566,9.659045219421387
1700822900028623000,38.340623046875,1.6134763956069946,0.4566705822944641,9.662222862243652
1700822900038649000,38.35064916992187,1.585352897644043,0.4803831875324249,9.665727615356445
1700822900048798000,38.3607978515625,1.5560723543167114,0.5038058757781982,9.669292449951172
1700822900058798000,38.37079809570312,1.5292532444000244,0.525380551815033,9.672422409057617
1700822900068819000,38.38081884765625,1.5051445960998535,0.5450122952461243,9.675116539001465
1700822900078891000,38.39089111328125,1.4834195375442505,0.562104344367981,9.677495002746582
1700822900088752000,38.400752197265625,1.4651973247528076,0.5758119225502014,9.679465293884277
1700822900098911000,38.41091088867187,1.4510222673416138,0.5863683819770813,9.680965423583984
1700822900108900000,38.42090014648438,1.4377200603485107,0.5958440899848938,9.682372093200684
1700822900118934000,38.43093408203125,1.4216724634170532,0.6064648628234863,9.68408203125
1700822900128887000,38.44088696289062,1.4045881032943726,0.6171484589576721,9.68589973449707
1700822900139046000,38.4510458984375,1.3876770734786987,0.6280953884124756,9.687634468078613
1700822900148715000,38.46071508789063,1.3741130828857422,0.6397832036018372,9.688802719116211
1700822900159066000,38.47106616210937,1.3622413873672485,0.6554203033447266,9.689434051513672
1700822900173132000,38.485132080078124,1.345085620880127,0.6811115145683289,9.690058708190918
1700822900188672000,38.500672119140624,1.3227369785308838,0.7077394127845764,9.691226959228516
1700822900198624000,38.5106240234375,1.3024697303771973,0.7192480564117432,9.693122863769531
1700822900208922000,38.52092211914062,1.276426911354065,0.7259300351142883,9.696089744567871
1700822900218616000,38.53061596679687,1.2503056526184082,0.7269988059997559,9.699413299560547
1700822900228642000,38.54064208984375,1.2340435981750488,0.7253516316413879,9.701618194580078
1700822900238629000,38.55062915039063,1.225989580154419,0.7247679829597473,9.702683448791504
1700822900248794000,38.56079418945313,1.2196818590164185,0.7261419296264648,9.703375816345215
1700822900258730000,38.57072998046875,1.213063359260559,0.729767382144928,9.703934669494629
1700822900268789000,38.5807890625,1.2063336372375488,0.7359884977340698,9.704301834106445
1700822900278790000,38.590789794921875,1.198999285697937,0.7449816465377808,9.704524993896484
1700822900288778000,38.60077807617188,1.1891051530838013,0.7545017600059509,9.705005645751953
1700822900298647000,38.61064697265625,1.1763778924942017,0.7612708210945129,9.706028938293457
1700822900308705000,38.620705078125,1.1653461456298828,0.763142466545105,9.707212448120117
1700822900318757000,38.630757080078126,1.158254861831665,0.7609107494354248,9.708236694335938
1700822900328751000,38.64075122070312,1.1534613370895386,0.7567068338394165,9.709136962890625
1700822900338860000,38.65086010742188,1.1482570171356201,0.7526262998580933,9.71006965637207
1700822900348778000,38.66077807617187,1.1443480253219604,0.7500175833702087,9.710734367370605
1700822900358811000,38.670810791015626,1.1438567638397217,0.7514946460723877,9.710677146911621
1700822900368687000,38.68068701171875,1.1454203128814697,0.7574278712272644,9.71003246307373
1700822900378803000,38.69080297851563,1.1471936702728271,0.7651911973953247,9.709213256835938
1700822900388654000,38.70065405273437,1.1484885215759277,0.7715157270431519,9.7085599899292
1700822900398846000,38.710845947265625,1.1489797830581665,0.7753060460090637,9.708199501037598
1700822900408777000,38.72077685546875,1.147884488105774,0.7769856452941895,9.708194732666016
1700822900418843000,38.7308427734375,1.1443562507629395,0.7765882015228271,9.708642959594727
1700822900428955000,38.740954833984375,1.139151692390442,0.7742050886154175,9.709446907043457
1700822900438860000,38.75086010742187,1.1357396841049194,0.7711115479469299,9.710091590881348
1700822900448808000,38.760807861328125,1.134590744972229,0.7672793865203857,9.710529327392578
1700822900458836000,38.7708359375,1.1350358724594116,0.764431893825531,9.710701942443848
1700822900469599000,38.781598876953126,1.1378462314605713,0.7636632323265076,9.710433006286621
1700822900478718000,38.79071801757812,1.1425650119781494,0.7647221088409424,9.709796905517578
1700822900488731000,38.80073095703125,1.1481950283050537,0.766485333442688,9.708993911743164
1700822900498936000,38.81093603515625,1.1538550853729248,0.7682549357414246,9.708182334899902
1700822900509068000,38.821068115234375,1.1589657068252563,0.7701207399368286,9.707426071166992
1700822900519050000,38.831050048828125,1.1631033420562744,0.7712395191192627,9.706841468811035
1700822900528813000,38.84081298828125,1.16543447971344,0.7717451453208923,9.706521987915039
1700822900538884000,38.85088403320312,1.1667014360427856,0.7724354863166809,9.706315040588379
1700822900548812000,38.86081201171875,1.1686650514602661,0.7748968601226807,9.705883026123047
1700822900558711000,38.8707109375,1.1708835363388062,0.7796002626419067,9.705238342285156
1700822900569125000,38.881125,1.171912431716919,0.7837620377540588,9.704778671264648
1700822900578678000,38.890677978515626,1.1718719005584717,0.783504843711853,9.704804420471191
1700822900588906000,38.900906005859376,1.172519326210022,0.7758081555366516,9.705345153808594
1700822900598935000,38.91093505859375,1.1725183725357056,0.7660013437271118,9.706124305725098
1700822900608751000,38.920751220703124,1.1707123517990112,0.7546212673187256,9.707233428955078
1700822900618870000,38.9308701171875,1.1668771505355835,0.7446461319923401,9.708465576171875
1700822900628787000,38.94078686523437,1.1630078554153442,0.7386904358863831,9.70938491821289
1700822900638921000,38.9509208984375,1.1596945524215698,0.7370350360870361,9.709905624389648
1700822900648826000,38.960826171875,1.1573041677474976,0.7394789457321167,9.710006713867188
1700822900658824000,38.970823974609374,1.1562252044677734,0.7452940344810486,9.70969009399414
1700822900668839000,38.9808388671875,1.1566503047943115,0.7521446347236633,9.709110260009766
1700822900678820000,38.990820068359376,1.1579546928405762,0.7577540278434753,9.708518028259277
1700822900688646000,39.00064599609375,1.1598365306854248,0.7595280408859253,9.70815658569336
1700822900698798000,39.01079809570312,1.1619160175323486,0.7573442459106445,9.708078384399414
1700822900708771000,39.02077099609375,1.1634736061096191,0.7534350156784058,9.708194732666016
1700822900718778000,39.03077807617188,1.1648869514465332,0.7495672106742859,9.708324432373047
1700822900728797000,39.040796875,1.1662025451660156,0.7472054362297058,9.70835018157959
1700822900738873000,39.050873046875,1.1679778099060059,0.7468985915184021,9.708160400390625
1700822900748824000,39.06082397460938,1.17002534866333,0.7490519285202026,9.707747459411621
1700822900758824000,39.070823974609375,1.1712231636047363,0.7543573379516602,9.707193374633789
1700822900768840000,39.08083984375,1.1741917133331299,0.7597984075546265,9.706409454345703
1700822900778818000,39.09081811523438,1.178358554840088,0.7647022604942322,9.705520629882812
1700822900788855000,39.10085498046875,1.1831167936325073,0.7677221894264221,9.704702377319336
1700822900798689000,39.11068896484375,1.1893030405044556,0.7678370475769043,9.703936576843262
1700822900809127000,39.121126953125,1.1966980695724487,0.7647998332977295,9.703266143798828
1700822900819033000,39.131033203125,1.204422116279602,0.7616527676582336,9.702559471130371
1700822900829030000,39.14102978515625,1.2108945846557617,0.759223222732544,9.701944351196289
1700822900838879000,39.15087890625,1.2146186828613281,0.7586240768432617,9.70152473449707
1700822900848706000,39.1607060546875,1.2160261869430542,0.759121835231781,9.701311111450195
1700822900858878000,39.1708779296875,1.2155776023864746,0.75958651304245,9.701329231262207
1700822900868974000,39.18097412109375,1.2150297164916992,0.7578431367874146,9.70153522491455
1700822900878725000,39.19072509765625,1.218801498413086,0.7526081800460815,9.701469421386719
1700822900888686000,39.20068603515625,1.2267054319381714,0.7454589009284973,9.70102596282959
1700822900898798000,39.210798095703126,1.2334359884262085,0.7382721900939941,9.700721740722656
1700822900908832000,39.22083203125,1.2363001108169556,0.73247230052948,9.70079517364502
1700822900918867000,39.23086694335937,1.2370857000350952,0.7268176078796387,9.701122283935547
1700822900928781000,39.240781005859375,1.2382375001907349,0.7218097448348999,9.701348304748535
1700822900938801000,39.25080078125,1.2411012649536133,0.717462956905365,9.701303482055664
1700822900948660000,39.260659912109375,1.24437415599823,0.7131979465484619,9.701200485229492
1700822900958684000,39.27068383789062,1.2462049722671509,0.7088549733161926,9.70128345489502
1700822900969134000,39.281134033203124,1.2472517490386963,0.7051248550415039,9.701421737670898
1700822900978780000,39.29077978515625,1.2500587701797485,0.7029977440834045,9.701213836669922
1700822900988783000,39.300783203125,1.255539059638977,0.7034645080566406,9.700471878051758
1700822900998659000,39.3106591796875,1.262278437614441,0.7061936259269714,9.6993989944458
1700822901008860000,39.32085986328125,1.2690523862838745,0.7094710469245911,9.698275566101074
1700822901019205000,39.331205078125,1.271657109260559,0.7125646471977234,9.697708129882812
1700822901028862000,39.340862060546876,1.2705268859863281,0.7149477601051331,9.69767951965332
1700822901038820000,39.350820068359376,1.2693312168121338,0.7153031229972839,9.697811126708984
1700822901049255000,39.3612548828125,1.2701963186264038,0.7152166366577148,9.69770336151123
1700822901058892000,39.37089208984375,1.2748867273330688,0.7134013772010803,9.697222709655762
1700822901068803000,39.380802978515625,1.2841776609420776,0.7134589552879333,9.695991516113281
1700822901079289000,39.3912890625,1.2938562631607056,0.7140420079231262,9.694663047790527
1700822901088841000,39.400841064453125,1.2989482879638672,0.7151780128479004,9.693897247314453
1700822901098759000,39.41075903320313,1.3022202253341675,0.7172741293907166,9.693304061889648
1700822901108803000,39.420802978515624,1.3050400018692017,0.7195593118667603,9.692754745483398
1700822901118805000,39.43080493164062,1.3083821535110474,0.7217884063720703,9.692138671875
1700822901128737000,39.44073706054687,1.3125454187393188,0.7245227694511414,9.691370964050293
1700822901138821000,39.450821044921874,1.320003867149353,0.7287901043891907,9.690038681030273
1700822901148801000,39.46080102539062,1.3317275047302246,0.7354252934455872,9.687932014465332
1700822901158810000,39.47081005859375,1.3479890823364258,0.7439333200454712,9.685033798217773
1700822901168785000,39.48078491210938,1.3666095733642578,0.7522358298301697,9.681782722473145
1700822901178907000,39.490906982421876,1.386680006980896,0.759517252445221,9.678359985351562
1700822901188740000,39.50073999023437,1.4059832096099854,0.7640016674995422,9.675222396850586
1700822901198828000,39.510828125,1.423646330833435,0.7662032842636108,9.672463417053223
1700822901208752000,39.52075219726562,1.4379833936691284,0.7666171193122864,9.670310020446777
1700822901219020000,39.53102001953125,1.4507880210876465,0.7655454277992249,9.668481826782227
1700822901229193000,39.54119287109375,1.4636880159378052,0.7635390162467957,9.666696548461914
1700822901238703000,39.550703125,1.477831244468689,0.7615694999694824,9.664700508117676
1700822901249008000,39.561008056640624,1.4952293634414673,0.7612214088439941,9.6620512008667
1700822901258861000,39.570861083984376,1.5123151540756226,0.7621981501579285,9.65931510925293
1700822901268865000,39.580864990234375,1.5284827947616577,0.7637421488761902,9.656647682189941
1700822901278797000,39.590797119140625,1.5428775548934937,0.7649456858634949,9.65426254272461
1700822901290468000,39.602468017578126,1.557634711265564,0.7656859755516052,9.651832580566406
1700822901298641000,39.610640869140624,1.5692901611328125,0.7644827365875244,9.650041580200195
1700822901308752000,39.620751953125,1.5841871500015259,0.7630226016044617,9.647721290588379
1700822901318624000,39.6306240234375,1.6004300117492676,0.7613175511360168,9.64517593383789
1700822901328856000,39.64085595703125,1.6169596910476685,0.761755645275116,9.642383575439453
1700822901338859000,39.65085888671875,1.6442456245422363,0.77017742395401,9.637099266052246
1700822901348908000,39.660907958984374,1.6576244831085205,0.7733531594276428,9.634552955627441
1700822901358767000,39.67076708984375,1.6671009063720703,0.7770680785179138,9.632617950439453
1700822901368881000,39.680880859375,1.6730798482894897,0.7804483771324158,9.631308555603027
1700822901378797000,39.690797119140626,1.6751306056976318,0.7829127311706543,9.630752563476562
1700822901388785000,39.70078491210938,1.6757596731185913,0.783778965473175,9.630571365356445
1700822901398798000,39.710798095703126,1.6769627332687378,0.7833973169326782,9.630392074584961
1700822901408757000,39.72075708007812,1.6795170307159424,0.7816869616508484,9.630086898803711
1700822901418863000,39.73086303710937,1.6818639039993286,0.7786573767662048,9.629922866821289
1700822901428852000,39.74085205078125,1.683039903640747,0.7740183472633362,9.630091667175293
1700822901438813000,39.75081298828125,1.6836355924606323,0.7686620950698853,9.630417823791504
1700822901448796000,39.7607958984375,1.6855021715164185,0.7641732692718506,9.630447387695312
1700822901458756000,39.77075610351562,1.6894110441207886,0.7622113227844238,9.62991714477539
1700822901468612000,39.78061206054687,1.6932846307754517,0.7617977261543274,9.629271507263184
1700822901478733000,39.79073315429687,1.6945611238479614,0.7622124552726746,9.629013061523438
1700822901488822000,39.80082202148437,1.692758321762085,0.7618208527565002,9.629362106323242
1700822901498853000,39.81085302734375,1.6878055334091187,0.7594754695892334,9.630415916442871
1700822901508979000,39.82097900390625,1.6818580627441406,0.7549331188201904,9.631813049316406
1700822901519128000,39.83112817382813,1.6763111352920532,0.7479828596115112,9.633321762084961
1700822901528866000,39.840865966796876,1.6717268228530884,0.7395294904708862,9.634771347045898
1700822901538870000,39.8508701171875,1.6696125268936157,0.7312506437301636,9.635769844055176
1700822901548670000,39.860669921875,1.671185851097107,0.7241165637969971,9.636037826538086
1700822901558751000,39.8707509765625,1.6766815185546875,0.7198206186294556,9.63540267944336
1700822901568708000,39.8807080078125,1.6833096742630005,0.7192127108573914,9.634292602539062
1700822901578951000,39.89095092773437,1.689682960510254,0.7207403182983398,9.633063316345215
1700822901588987000,39.90098681640625,1.6947356462478638,0.7225465178489685,9.632040023803711
1700822901599006000,39.911005859375,1.6988842487335205,0.7231804132461548,9.631261825561523
1700822901608721000,39.92072094726562,1.7028651237487793,0.7219681143760681,9.630648612976074
1700822901618868000,39.93086791992187,1.706675410270691,0.7190279960632324,9.630195617675781
1700822901628913000,39.94091284179687,1.7103781700134277,0.7155869007110596,9.62979507446289
1700822901638999000,39.9509990234375,1.7146745920181274,0.7138596177101135,9.629158020019531
1700822901649236000,39.961236083984375,1.7187113761901855,0.714702844619751,9.628376007080078
1700822901659032000,39.97103198242188,1.720773696899414,0.7171215415000916,9.627827644348145
1700822901669035000,39.98103491210937,1.721523642539978,0.7199977040290833,9.627479553222656
1700822901678825000,39.990824951171874,1.7238849401474,0.7226458787918091,9.626858711242676
1700822901688876000,40.0008759765625,1.7270885705947876,0.7220745086669922,9.626326560974121
1700822901698872000,40.0108720703125,1.7301173210144043,0.7183458209037781,9.62606143951416
1700822901708872000,40.02087182617188,1.7323664426803589,0.7135545015335083,9.62601375579834
1700822901718737000,40.03073681640625,1.7319928407669067,0.7086725831031799,9.626441955566406
1700822901728856000,40.04085595703125,1.7275816202163696,0.703475296497345,9.627615928649902
1700822901738944000,40.05094409179687,1.7201294898986816,0.6994464993476868,9.629242897033691
1700822901749047000,40.061047119140625,1.7115806341171265,0.696423351764679,9.630985260009766
1700822901758899000,40.07089892578125,1.7054719924926758,0.6932926774024963,9.632294654846191
1700822901768880000,40.080880126953126,1.7016929388046265,0.6879171133041382,9.63334846496582
1700822901778875000,40.090875,1.7004567384719849,0.6772940158843994,9.634320259094238
1700822901788875000,40.100875,1.7042595148086548,0.6604679822921753,9.63481616973877
1700822901799093000,40.11109301757813,1.7136150598526,0.6383680701255798,9.634645462036133
1700822901808873000,40.120873046875,1.720910906791687,0.6188982129096985,9.634615898132324
1700822901818739000,40.13073901367188,1.7223730087280273,0.6069766283035278,9.635113716125488
1700822901828866000,40.14086596679687,1.7166543006896973,0.5966989398002625,9.636775016784668
1700822901839032000,40.15103198242188,1.7021466493606567,0.5859887599945068,9.640005111694336
1700822901848928000,40.16092797851562,1.682218074798584,0.5760884284973145,9.644098281860352
1700822901858934000,40.17093408203125,1.6654517650604248,0.5690916776657104,9.64742374420166
1700822901868860000,40.18085986328125,1.6559147834777832,0.5635261535644531,9.649393081665039
1700822901878905000,40.19090502929687,1.6523970365524292,0.556702733039856,9.650392532348633
1700822901888839000,40.2008388671875,1.6547329425811768,0.5480515360832214,9.650486946105957
1700822901898962000,40.2109619140625,1.6659616231918335,0.539792537689209,9.649020195007324
1700822901908887000,40.220886962890624,1.685350775718689,0.532509982585907,9.64605712890625
1700822901918674000,40.230673828125,1.7069458961486816,0.525519073009491,9.642642974853516
1700822901928765000,40.24076489257813,1.7263611555099487,0.5214677453041077,9.639406204223633
1700822901938661000,40.2506611328125,1.7425272464752197,0.521198570728302,9.63651180267334
1700822901948873000,40.260873046875,1.7539869546890259,0.523237407207489,9.634321212768555
1700822901958771000,40.27077099609375,1.7628581523895264,0.5264785885810852,9.632526397705078
1700822901968756000,40.280755859375,1.7683417797088623,0.5306234359741211,9.631292343139648
1700822901978872000,40.2908720703125,1.7714424133300781,0.5341311693191528,9.630529403686523
1700822901988761000,40.30076098632812,1.7743152379989624,0.5355263948440552,9.629923820495605
1700822901998746000,40.31074609375,1.7793246507644653,0.5337812900543213,9.629096031188965
1700822902008827000,40.32082690429687,1.7872123718261719,0.5251893997192383,9.628107070922852
1700822902018669000,40.3306689453125,1.796741008758545,0.5144146084785461,9.62691593170166
1700822902028761000,40.34076098632813,1.8082380294799805,0.5064671635627747,9.625184059143066
1700822902038865000,40.35086499023438,1.8192298412322998,0.5038976073265076,9.623248100280762
1700822902048894000,40.36089404296875,1.8261200189590454,0.505690336227417,9.621848106384277
1700822902058968000,40.37096801757812,1.8262394666671753,0.5078346729278564,9.621711730957031
1700822902068797000,40.380796875,1.8199471235275269,0.5076321363449097,9.62291431427002
1700822902078812000,40.39081201171875,1.8120828866958618,0.5040197968482971,9.624589920043945
1700822902088841000,40.400841064453125,1.8043503761291504,0.4964619278907776,9.626435279846191
1700822902099058000,40.411057861328125,1.7973933219909668,0.485733300447464,9.628283500671387
1700822902108850000,40.42084985351563,1.790425181388855,0.47371000051498413,9.630181312561035
1700822902118899000,40.43089892578125,1.7789673805236816,0.4634539783000946,9.632802963256836
1700822902129262000,40.44126196289063,1.7668347358703613,0.45290452241897583,9.635537147521973
1700822902138934000,40.45093408203125,1.7619801759719849,0.44493338465690613,9.636797904968262
1700822902149028000,40.46102807617188,1.7623813152313232,0.4379907250404358,9.637042045593262
1700822902158921000,40.4709208984375,1.7645608186721802,0.4327157139778137,9.636880874633789
1700822902168910000,40.48091015625,1.7686470746994019,0.42850834131240845,9.636320114135742
1700822902178910000,40.49090991210937,1.775326132774353,0.42436376214027405,9.635274887084961
1700822902188755000,40.5007548828125,1.7842780351638794,0.4183218777179718,9.633885383605957
1700822902198784000,40.510783935546876,1.7921113967895508,0.41177111864089966,9.63271427154541
1700822902208729000,40.52072900390625,1.7977484464645386,0.4049234688282013,9.631953239440918
1700822902218924000,40.53092407226563,1.8006043434143066,0.4008581042289734,9.631590843200684
1700822902228780000,40.540780029296876,1.8031114339828491,0.4007350504398346,9.631126403808594
1700822902238869000,40.550868896484374,1.8083730936050415,0.4055339992046356,9.629939079284668
1700822902248801000,40.560801025390624,1.8154503107070923,0.4159431457519531,9.62816333770752
1700822902258795000,40.570794921875,1.822163462638855,0.4317667484283447,9.626198768615723
1700822902268849000,40.58084887695313,1.827420711517334,0.4495154619216919,9.6243896484375
1700822902278909000,40.59090893554688,1.832959532737732,0.4676046669483185,9.62247371673584
1700822902288926000,40.60092602539063,1.8354116678237915,0.4838830232620239,9.621201515197754
1700822902299079000,40.61107885742187,1.8306832313537598,0.4949971139431,9.621538162231445
1700822902308683000,40.62068310546875,1.8210631608963013,0.49793902039527893,9.623209953308105
1700822902318669000,40.6306689453125,1.8035084009170532,0.494751900434494,9.626680374145508
1700822902328748000,40.640748046875,1.7852625846862793,0.48694121837615967,9.63047981262207
1700822902338625000,40.650625,1.7684118747711182,0.47588178515434265,9.634140968322754
1700822902348858000,40.660858154296875,1.7536492347717285,0.46050798892974854,9.637584686279297
1700822902358654000,40.67065405273438,1.7428771257400513,0.44201985001564026,9.640403747558594
1700822902368932000,40.68093212890625,1.7324435710906982,0.4201987683773041,9.643260955810547
1700822902378797000,40.690797119140626,1.720884919166565,0.3973480463027954,9.6462984085083
1700822902388728000,40.70072802734375,1.7057595252990723,0.37315234541893005,9.64995002746582
1700822902398856000,40.71085595703125,1.685484528541565,0.34830519556999207,9.654440879821777
1700822902408870000,40.72086987304687,1.6608445644378662,0.32461220026016235,9.65953540802002
1700822902418869000,40.730868896484374,1.6343713998794556,0.30436640977859497,9.664709091186523
1700822902428882000,40.7408818359375,1.607231855392456,0.289766788482666,9.669707298278809
1700822902438910000,40.75090991210938,1.5770893096923828,0.280081570148468,9.674955368041992
1700822902448788000,40.7607880859375,1.542678952217102,0.2735320031642914,9.68068790435791
1700822902458809000,40.77080908203125,1.502235770225525,0.26660892367362976,9.687239646911621
1700822902468818000,40.78081787109375,1.4584543704986572,0.2546408176422119,9.694249153137207
1700822902478748000,40.79074780273437,1.417518973350525,0.23736733198165894,9.700756072998047
1700822902488701000,40.800700927734376,1.380043625831604,0.2156064510345459,9.70666790008545
1700822902498798000,40.81079809570313,1.344792127609253,0.19092005491256714,9.71213150024414
1700822902508729000,40.82072900390625,1.311386227607727,0.1648573875427246,9.71717357635498
1700822902518921000,40.8309208984375,1.281736969947815,0.1416749507188797,9.721495628356934
1700822902528831000,40.8408310546875,1.2540104389190674,0.12101093679666519,9.72538948059082
1700822902538827000,40.85082690429687,1.2262147665023804,0.1047699972987175,9.729121208190918
1700822902548846000,40.86084619140625,1.195547342300415,0.09327800571918488,9.733055114746094
1700822902558816000,40.87081591796875,1.1595128774642944,0.08370646089315414,9.73750114440918
1700822902568800000,40.88080004882813,1.119248628616333,0.0753115564584732,9.742280006408691
1700822902578688000,40.89068798828125,1.0759069919586182,0.06767944991588593,9.747218132019043
1700822902588814000,40.90081396484375,1.0387072563171387,0.05949264019727707,9.75130558013916
1700822902598796000,40.91079614257813,1.0037169456481934,0.05221738666296005,9.755010604858398
1700822902608751000,40.920751220703124,0.9792903065681458,0.032945409417152405,9.757576942443848
1700822902618677000,40.93067700195313,1.0399394035339355,-0.018568214029073715,9.751337051391602
1700822902628829000,40.94082885742188,1.1055210828781128,-0.06154138967394829,9.743943214416504
1700822902638661000,40.9506611328125,1.122139811515808,-0.08148761093616486,9.741897583007812
1700822902648962000,40.960962158203124,1.1312304735183716,-0.08326806873083115,9.740830421447754
1700822902658722000,40.97072216796875,1.1682764291763306,-0.06449059396982193,9.736599922180176
1700822902668916000,40.980916015625,1.217862606048584,-0.04984744265675545,9.730607032775879
1700822902678840000,40.990840087890625,1.2394129037857056,-0.04512801393866539,9.727909088134766
1700822902688805000,41.00080517578125,1.234472393989563,-0.04847089573740959,9.728520393371582
1700822902698800000,41.01080004882812,1.215652346611023,-0.05830196663737297,9.730836868286133
1700822902708815000,41.02081518554687,1.202008605003357,-0.07057283818721771,9.732450485229492
1700822902718789000,41.0307890625,1.1935107707977295,-0.08552286028862,9.733376502990723
1700822902728779000,41.04077905273437,1.191791296005249,-0.10234744846820831,9.73342514038086
1700822902738663000,41.05066284179688,1.1952354907989502,-0.11697569489479065,9.732836723327637
1700822902748900000,41.06090014648437,1.1950349807739258,-0.13106589019298553,9.732682228088379
1700822902758701000,41.070701171875,1.1932655572891235,-0.14138299226760864,9.732754707336426
1700822902769042000,41.0810419921875,1.1858469247817993,-0.14975568652153015,9.733536720275879
1700822902778776000,41.09077612304687,1.0085326433181763,-0.14242401719093323,9.753613471984863
1700822902788963000,41.10096313476563,0.9381805658340454,-0.12652911245822906,9.76085090637207
1700822902798727000,41.11072680664063,0.9029485583305359,-0.10647738724946976,9.764412879943848
1700822902808864000,41.12086401367188,0.8843445181846619,-0.07394056022167206,9.766416549682617
1700822902818638000,41.13063818359375,0.8831146955490112,-0.02872895821928978,9.766763687133789
1700822902828737000,41.140737060546876,0.9074946641921997,0.030865970999002457,9.76452350616455
1700822902838663000,41.15066284179687,0.9650306105613708,0.08479337394237518,9.758683204650879
1700822902848763000,41.16076293945312,1.0368655920028687,0.11451777815818787,9.751009941101074
1700822902858773000,41.17077294921875,1.0751163959503174,0.12208031862974167,9.74677562713623
1700822902868900000,41.180900146484376,1.0829652547836304,0.1203036680817604,9.745927810668945
1700822902878761000,41.19076098632812,1.090943455696106,0.1191428080201149,9.745052337646484
1700822902888787000,41.20078686523438,1.1981924772262573,0.12497224658727646,9.732373237609863
1700822902898797000,41.21079711914062,1.287390947341919,0.1326984465122223,9.720874786376953
1700822902908689000,41.22068896484375,1.3246451616287231,0.13839900493621826,9.715789794921875
1700822902918863000,41.23086303710937,1.3430566787719727,0.14203210175037384,9.713208198547363
1700822902928912000,41.240911865234374,1.372942328453064,0.14665918052196503,9.708961486816406
1700822902938777000,41.25077709960937,1.409887433052063,0.15181903541088104,9.703584671020508
1700822902948893000,41.260892822265625,1.4491245746612549,0.1508297324180603,9.697818756103516
1700822902958930000,41.27092993164062,1.4808247089385986,0.1400882750749588,9.693190574645996
1700822902968821000,41.28082104492187,1.5075597763061523,0.11898235231637955,9.689349174499512
1700822902978786000,41.2907861328125,1.5234729051589966,0.10787497460842133,9.686990737915039
1700822902988784000,41.3007841796875,1.5423520803451538,0.09684329479932785,9.684118270874023
1700822902998887000,41.31088696289063,1.567946195602417,0.08924830704927444,9.68008041381836
1700822903008809000,41.32080908203125,1.6053677797317505,0.08789572864770889,9.673958778381348
1700822903018765000,41.33076513671875,1.6484646797180176,0.09239011257886887,9.666666030883789
1700822903028849000,41.340848876953125,1.6944767236709595,0.10062310844659805,9.658624649047852
1700822903038830000,41.350830078125,1.7438210248947144,0.10853256285190582,9.649750709533691
1700822903049089000,41.36108911132813,1.7918370962142944,0.11401303857564926,9.640887260437012
1700822903058886000,41.370885986328126,1.8412227630615234,0.1150645986199379,9.63156509399414
1700822903068859000,41.38085888671875,1.88899564743042,0.11235416680574417,9.622342109680176
1700822903078921000,41.3909208984375,1.933311104774475,0.10847294330596924,9.613580703735352
1700822903088870000,41.40086987304687,1.975504994392395,0.104044608771801,9.605048179626465
1700822903099052000,41.411052001953124,2.014043092727661,0.1012602373957634,9.597070693969727
1700822903109052000,41.42105200195312,2.0517666339874268,0.10195143520832062,9.589070320129395
1700822903118730000,41.43072998046875,2.0864880084991455,0.10623130202293396,9.581527709960938
1700822903128770000,41.44077001953125,2.1173157691955566,0.1112847849726677,9.574705123901367
1700822903138665000,41.4506650390625,2.1425230503082275,0.11542729288339615,9.569046974182129
1700822903148983000,41.460983154296876,2.1628782749176025,0.11874591559171677,9.56442642211914
1700822903158815000,41.47081494140625,2.1815571784973145,0.11862959712743759,9.560184478759766
1700822903168670000,41.480669921875,2.198122501373291,0.11381898075342178,9.556448936462402
1700822903178681000,41.49068115234375,2.2154064178466797,0.10399580001831055,9.552567481994629
1700822903188855000,41.50085498046875,2.2269842624664307,0.09106237441301346,9.550007820129395
1700822903200489000,41.512489013671875,2.2295844554901123,0.06927461177110672,9.54958438873291
1700822903208635000,41.520634765625,2.2228870391845703,0.041444357484579086,9.551304817199707
1700822903218913000,41.5309130859375,2.2103753089904785,0.012453530915081501,9.554291725158691
1700822903228643000,41.54064306640625,2.1913936138153076,-0.010736205615103245,9.558664321899414
1700822903238887000,41.55088696289062,2.1544132232666016,-0.034911446273326874,9.567009925842285
1700822903248917000,41.5609169921875,2.093587875366211,-0.06745441257953644,9.580329895019531
1700822903258743000,41.57074291992188,2.0237765312194824,-0.10110709071159363,9.595026016235352
1700822903268759000,41.58075903320312,1.949931025505066,-0.13294921815395355,9.609916687011719
1700822903278752000,41.590751953125,1.8736919164657593,-0.1596422791481018,9.624665260314941
1700822903288743000,41.60074291992188,1.784672737121582,-0.1784568727016449,9.64123821258545
1700822903298746000,41.61074609375,1.6839004755020142,-0.1885392963886261,9.659157752990723
1700822903308862000,41.62086206054688,1.563295602798462,-0.19487668573856354,9.679283142089844
1700822903318886000,41.630885986328124,1.4372471570968628,-0.20196370780467987,9.69865608215332
1700822903328641000,41.64064111328125,1.3034627437591553,-0.20919571816921234,9.717388153076172
1700822903338768000,41.65076782226563,1.1599647998809814,-0.21519173681735992,9.735426902770996
1700822903351299000,41.66329907226562,1.0148441791534424,-0.21995821595191956,9.751518249511719
1700822903368881000,41.680880859375,0.6866193413734436,-0.2287617027759552,9.779909133911133
1700822903378691000,41.690691162109374,0.5109041333198547,-0.2343061864376068,9.79053020477295
1700822903388708000,41.7007080078125,0.3278859555721283,-0.2436886429786682,9.798136711120605
1700822903398862000,41.71086206054687,0.15254049003124237,-0.2533402740955353,9.802191734313965
1700822903408668000,41.72066796875,-0.02880363166332245,-0.2591436803340912,9.803183555603027
1700822903418863000,41.73086303710937,-0.22376170754432678,-0.26148879528045654,9.800610542297363
1700822903428683000,41.74068310546875,-0.42387306690216064,-0.26358577609062195,9.793939590454102
1700822903438758000,41.7507578125,-0.6187269687652588,-0.26790305972099304,9.783443450927734
1700822903448851000,41.76085083007813,-0.79910808801651,-0.27703356742858887,9.770110130310059
1700822903458801000,41.77080078125,-0.9914029240608215,-0.2893783748149872,9.752116203308105
1700822903468760000,41.78076000976562,-1.1832315921783447,-0.3006058633327484,9.730365753173828
1700822903479008000,41.79100805664063,-1.3670885562896729,-0.3076031804084778,9.70602035522461
1700822903488869000,41.800869140625,-1.5488111972808838,-0.3130369186401367,9.678513526916504
1700822903498797000,41.810797119140624,-1.7466830015182495,-0.32105010747909546,9.644501686096191
1700822903508817000,41.82081689453125,-1.9398858547210693,-0.33026042580604553,9.607193946838379
1700822903518895000,41.83089501953125,-2.1348164081573486,-0.34117433428764343,9.56538200378418
1700822903528678000,41.84067797851562,-2.3320086002349854,-0.3523559272289276,9.518823623657227
1700822903538918000,41.85091796875,-2.5251550674438477,-0.3618842363357544,9.469056129455566
1700822903548690000,41.86068994140625,-2.713740587234497,-0.36920157074928284,9.416460037231445
1700822903558882000,41.870882080078125,-2.8929269313812256,-0.37213295698165894,9.362846374511719
1700822903568779000,41.880779052734376,-3.0607693195343018,-0.37610769271850586,9.30916976928711
1700822903579221000,41.89122094726562,-3.222611665725708,-0.3845306634902954,9.25404167175293
1700822903588820000,41.90082006835937,-3.380253314971924,-0.3995937705039978,9.196988105773926
1700822903598902000,41.91090209960937,-3.523644208908081,-0.4193333685398102,9.142125129699707
1700822903608813000,41.92081298828125,-3.651435613632202,-0.44274669885635376,9.090731620788574
1700822903618819000,41.93081909179688,-3.7647318840026855,-0.4672539532184601,9.04316520690918
1700822903628807000,41.94080688476563,-3.8653085231781006,-0.4869818389415741,8.999592781066895
1700822903638811000,41.95081079101563,-3.9552507400512695,-0.5002356171607971,8.959694862365723
1700822903648804000,41.96080419921875,-4.029770374298096,-0.5067585706710815,8.926057815551758
1700822903658691000,41.970691162109375,-4.093449115753174,-0.5079290866851807,8.896970748901367
1700822903669278000,41.98127783203125,-4.144721508026123,-0.5062167048454285,8.873296737670898
1700822903679809000,41.99180908203125,-4.17254638671875,-0.5070429444313049,8.860199928283691
1700822903689012000,42.00101196289062,-4.190127849578857,-0.5127394199371338,8.85157299041748
1700822903699034000,42.0110341796875,-4.192869186401367,-0.5207759737968445,8.849806785583496
1700822903708957000,42.02095703125,-4.184530258178711,-0.5284250378608704,8.853296279907227
1700822903718973000,42.03097290039062,-4.161192893981934,-0.5327814817428589,8.86402702331543
1700822903728818000,42.04081787109375,-4.118195533752441,-0.533825159072876,8.884023666381836
1700822903738818000,42.05081811523438,-4.0504350662231445,-0.5338608026504517,8.915122985839844
1700822903749035000,42.06103491210938,-3.9553606510162354,-0.5300897359848022,8.957931518554688
1700822903758643000,42.070642822265626,-3.8348662853240967,-0.5232329964637756,9.010574340820312
1700822903768716000,42.08071606445313,-3.688478469848633,-0.5162848234176636,9.071878433227539
1700822903778646000,42.09064599609375,-3.523113489151001,-0.4993906617164612,9.138307571411133
1700822903788750000,42.10075,-3.338258743286133,-0.46190324425697327,9.209403038024902
1700822903798638000,42.11063818359375,-3.1240289211273193,-0.41184157133102417,9.286613464355469
1700822903808979000,42.12097900390625,-2.8889808654785156,-0.3603144884109497,9.36452579498291
1700822903818827000,42.130826904296875,-2.6519978046417236,-0.3123489320278168,9.436086654663086
1700822903828673000,42.14067309570312,-2.3966598510742188,-0.27028846740722656,9.505438804626465
1700822903838907000,42.15090698242187,-2.0958147048950195,-0.24325639009475708,9.576991081237793
1700822903848809000,42.16080908203125,-1.7948905229568481,-0.23433512449264526,9.638142585754395
1700822903858823000,42.17082299804687,-1.4623212814331055,-0.21879823505878448,9.694540977478027
1700822903868784000,42.1807841796875,-1.087633728981018,-0.17039310932159424,9.744659423828125
1700822903879068000,42.19106787109375,-0.7977689504623413,-0.12225041538476944,9.773382186889648
1700822903888751000,42.200751220703125,-0.600629448890686,-0.08493921160697937,9.787872314453125
1700822903898836000,42.2108359375,-0.5107364058494568,-0.05982114002108574,9.793159484863281
1700822903908837000,42.220837158203125,-0.5169114470481873,-0.03717705234885216,9.792947769165039
1700822903918898000,42.23089794921875,-0.5880696773529053,-0.01047141756862402,9.788997650146484
1700822903929077000,42.241076904296875,-0.6779353618621826,0.017443595454096794,9.783174514770508
1700822903938901000,42.25090087890625,-0.7875171303749084,0.047200433909893036,9.774864196777344
1700822903948785000,42.26078491210937,-0.8980112075805664,0.0671411082148552,9.765215873718262
1700822903958780000,42.27077978515625,-1.0087604522705078,0.06869301199913025,9.754387855529785
1700822903968779000,42.280779052734374,-1.1187856197357178,0.052562545984983444,9.74248218536377
1700822903979014000,42.29101391601562,-1.2462958097457886,0.024305297061800957,9.727103233337402
1700822903988839000,42.3008388671875,-1.3842120170593262,-0.013265140354633331,9.708457946777344
1700822903998811000,42.310810791015626,-1.5315340757369995,-0.06094663590192795,9.686126708984375
1700822904008806000,42.32080590820313,-1.6717922687530518,-0.11171616613864899,9.662454605102539
1700822904018673000,42.3306728515625,-1.8070584535598755,-0.15947890281677246,9.63740062713623
1700822904028958000,42.3409580078125,-1.9275480508804321,-0.19620150327682495,9.613346099853516
1700822904038876000,42.3508759765625,-2.0426700115203857,-0.22675855457782745,9.588871002197266
1700822904048768000,42.36076806640625,-2.1581971645355225,-0.25608518719673157,9.562793731689453
1700822904058853000,42.37085302734375,-2.285703659057617,-0.2888520061969757,9.532183647155762
1700822904068806000,42.38080590820312,-2.420064926147461,-0.3244134485721588,9.49781322479248
1700822904078759000,42.390759033203125,-2.546523332595825,-0.360351026058197,9.463391304016113
1700822904088805000,42.40080517578125,-2.6586694717407227,-0.39355918765068054,9.431170463562012
1700822904098814000,42.41081396484375,-2.7608273029327393,-0.4250470697879791,9.400403022766113
1700822904109503000,42.4215029296875,-2.8604235649108887,-0.4614730179309845,9.368852615356445
1700822904118815000,42.43081494140625,-2.970752239227295,-0.5055152773857117,9.332175254821777
1700822904128811000,42.44081103515625,-3.092787981033325,-0.5489426255226135,9.2899808883667
1700822904138790000,42.450789794921874,-3.20143985748291,-0.5867848992347717,9.250774383544922
1700822904148768000,42.46076806640625,-3.2789523601531982,-0.6220782995223999,9.221275329589844
1700822904158737000,42.47073681640625,-3.316272020339966,-0.6549956798553467,9.205636978149414
1700822904168760000,42.480760009765625,-3.338083028793335,-0.6825716495513916,9.195744514465332
1700822904178969000,42.49096899414062,-3.3518078327178955,-0.7058330178260803,9.188992500305176
1700822904188874000,42.5008740234375,-3.313804864883423,-0.7300161123275757,9.20088005065918
1700822904198686000,42.51068603515625,-3.2625021934509277,-0.7452139854431152,9.217976570129395
1700822904208805000,42.52080517578125,-3.217003345489502,-0.7364364862442017,9.234659194946289
1700822904218800000,42.53080004882813,-3.1730122566223145,-0.7005524039268494,9.252654075622559
1700822904228756000,42.540755859375,-3.120476484298706,-0.65648353099823,9.273728370666504
1700822904238811000,42.55081079101563,-3.054675817489624,-0.6205798983573914,9.298076629638672
1700822904248764000,42.560763916015624,-2.965400218963623,-0.5821545720100403,9.329412460327148
1700822904258865000,42.57086499023438,-2.872641086578369,-0.5470747947692871,9.360504150390625
1700822904268829000,42.58082885742188,-2.7729809284210205,-0.5052046179771423,9.392854690551758
1700822904278839000,42.59083911132812,-2.670339822769165,-0.4543088376522064,9.42514419555664
1700822904288981000,42.60098095703125,-2.5546350479125977,-0.3973734676837921,9.459723472595215
1700822904298825000,42.61082495117188,-2.4170114994049072,-0.3355269730091095,9.498204231262207
1700822904308999000,42.6209990234375,-2.274893283843994,-0.28058892488479614,9.535017013549805
1700822904318866000,42.630865966796875,-2.0920839309692383,-0.22912147641181946,9.578154563903809
1700822904328846000,42.64084619140625,-1.898474097251892,-0.19018179178237915,9.61925220489502
1700822904338700000,42.65069995117187,-1.7365374565124512,-0.1557110846042633,9.650418281555176
1700822904348994000,42.660994140625,-1.6076831817626953,-0.12237784266471863,9.673198699951172
1700822904358751000,42.6707509765625,-1.4909694194793701,-0.08744535595178604,9.692253112792969
1700822904368856000,42.68085595703125,-1.346771478652954,-0.04727613180875778,9.713619232177734
1700822904379439000,42.69143920898438,-1.1622320413589478,-0.0036450785119086504,9.737536430358887
1700822904388815000,42.70081518554687,-0.9605116844177246,0.04104980453848839,9.75941276550293
1700822904398740000,42.71073999023437,-0.7821071147918701,0.08062807470560074,9.775079727172852
1700822904408915000,42.7209150390625,-0.6151366829872131,0.11917875707149506,9.786612510681152
1700822904418767000,42.73076708984375,-0.45906975865364075,0.15198270976543427,9.794721603393555
1700822904428808000,42.74080786132812,-0.2950035333633423,0.1813216209411621,9.800535202026367
1700822904438662000,42.75066186523438,-0.12303280085325241,0.21070729196071625,9.803614616394043
1700822904448816000,42.76081616210938,0.05156257748603821,0.24221740663051605,9.803523063659668
1700822904459488000,42.77148803710938,0.2264113426208496,0.27723991870880127,9.800113677978516
1700822904468787000,42.780786865234376,0.4124428927898407,0.3145049214363098,9.792924880981445
1700822904478798000,42.790798095703124,0.6068311929702759,0.35250675678253174,9.781506538391113
1700822904488806000,42.800805908203124,0.7775646448135376,0.3888041079044342,9.768040657043457
1700822904498841000,42.81084106445312,0.9182204604148865,0.42802464962005615,9.754183769226074
1700822904508684000,42.82068408203125,1.027344822883606,0.46255847811698914,9.741714477539062
1700822904518894000,42.83089404296875,1.1210383176803589,0.4856696128845215,9.730250358581543
1700822904528664000,42.8406640625,1.2151180505752563,0.5047574639320374,9.717978477478027
1700822904538770000,42.85077001953125,1.3226627111434937,0.5249889492988586,9.702852249145508
1700822904548774000,42.86077392578125,1.4407979249954224,0.5442050695419312,9.684953689575195
1700822904558737000,42.87073681640625,1.5607142448425293,0.5577221512794495,9.665583610534668
1700822904568725000,42.88072509765625,1.6671764850616455,0.5604881048202515,9.64763069152832
1700822904578836000,42.8908359375,1.7457081079483032,0.5541679859161377,9.634096145629883
1700822904588766000,42.90076586914063,1.802174687385559,0.5489353537559509,9.623992919921875
1700822904598851000,42.91085107421875,1.857017159461975,0.5491723418235779,9.613545417785645
1700822904608816000,42.920816162109375,1.8974971771240234,0.5529632568359375,9.605423927307129
1700822904618703000,42.930703125,1.8968803882598877,0.5572183132171631,9.60529899597168
1700822904628715000,42.940715087890624,1.8772481679916382,0.5586761236190796,9.60906982421875
1700822904639003000,42.9510029296875,1.8578808307647705,0.5612240433692932,9.612685203552246
1700822904648857000,42.960857177734376,1.8392492532730103,0.568193256855011,9.615857124328613
1700822904658861000,42.970861083984374,1.8306397199630737,0.5725932717323303,9.61723804473877
1700822904668768000,42.98076806640625,1.8387879133224487,0.5761258006095886,9.615472793579102
1700822904678921000,42.9909208984375,1.853666067123413,0.5795619487762451,9.612409591674805
1700822904688825000,43.0008251953125,1.867946743965149,0.5811126828193665,9.609551429748535
1700822904698786000,43.0107861328125,1.8834892511367798,0.5806804299354553,9.60654354095459
1700822904708875000,43.020875,1.890282392501831,0.5811570882797241,9.605180740356445
1700822904718853000,43.03085302734375,1.8948603868484497,0.5847960114479065,9.604058265686035
1700822904728799000,43.04079907226563,1.8971043825149536,0.5918944478034973,9.603179931640625
1700822904738774000,43.05077392578125,1.896040439605713,0.6019842028617859,9.602762222290039
1700822904748789000,43.0607890625,1.8914976119995117,0.6124947667121887,9.60299301147461
1700822904759185000,43.071184814453126,1.8903509378433228,0.6222396492958069,9.602592468261719
1700822904768734000,43.08073388671875,1.8986984491348267,0.6316951513290405,9.600327491760254
1700822904778862000,43.090862060546876,1.91925847530365,0.6402297616004944,9.595672607421875
1700822904788840000,43.10083984375,1.9647483825683594,0.6397738456726074,9.586493492126465
1700822904798806000,43.110805908203126,1.9951772689819336,0.6376534700393677,9.580348014831543
1700822904808953000,43.120953125,2.015317916870117,0.6378133296966553,9.576120376586914
1700822904819037000,43.13103686523438,2.0323703289031982,0.6435860991477966,9.572129249572754
1700822904829039000,43.1410390625,2.0470972061157227,0.6529103517532349,9.568360328674316
1700822904838890000,43.15088989257813,2.0596039295196533,0.6645397543907166,9.564873695373535
1700822904849141000,43.16114111328125,2.1264712810516357,0.672663152217865,9.549660682678223
1700822904859339000,43.17133911132812,2.1406166553497314,0.6850731372833252,9.54561710357666
1700822904868944000,43.18094384765625,2.1472904682159424,0.6967229247093201,9.543275833129883
1700822904878713000,43.19071313476562,2.158116102218628,0.7095584273338318,9.539888381958008
1700822904888770000,43.20077001953125,2.175644636154175,0.7253484129905701,9.534717559814453
1700822904898831000,43.2108310546875,2.196474075317383,0.7442436814308167,9.528483390808105
1700822904908824000,43.220823974609374,2.2151150703430176,0.7663996815681458,9.52241039276123
1700822904918791000,43.230791015625,2.2315969467163086,0.790505051612854,9.516589164733887
1700822904928908000,43.24090795898437,2.2457902431488037,0.8141127228736877,9.511260032653809
1700822904938687000,43.25068701171875,2.257673740386963,0.8360495567321777,9.506540298461914
1700822904948659000,43.26065893554688,2.264974355697632,0.8552756309509277,9.503093719482422
1700822904958913000,43.2709130859375,2.2682809829711914,0.8674907088279724,9.501198768615723
1700822904969038000,43.2810380859375,2.264549493789673,0.8646358847618103,9.502347946166992
1700822904978884000,43.29088403320313,2.250211000442505,0.8402289152145386,9.507942199707031
1700822904988805000,43.30080517578125,2.2311935424804688,0.7980644106864929,9.516053199768066
1700822904998710000,43.3107099609375,2.213300943374634,0.7505679130554199,9.524092674255371
1700822905008884000,43.32088403320312,2.221956253051758,0.7519307136535645,9.52196979522705
1700822905018705000,43.33070483398438,2.225285768508911,0.7505018711090088,9.521305084228516
1700822905028670000,43.340669921875,2.2239558696746826,0.7476838827133179,9.521838188171387
1700822905038859000,43.35085888671875,2.216860055923462,0.7414327263832092,9.523980140686035
1700822905048718000,43.36071801757812,2.2088842391967773,0.7331976890563965,9.526471138000488
1700822905058918000,43.37091796875,2.202322244644165,0.7236147522926331,9.528722763061523
1700822905068700000,43.38069995117188,2.1983659267425537,0.7139630913734436,9.530364990234375
1700822905079233000,43.39123291015625,2.19472599029541,0.7035843133926392,9.531974792480469
1700822905088826000,43.400826171875,2.1912567615509033,0.6941513419151306,9.533463478088379
1700822905098700000,43.41069995117188,2.184370994567871,0.6850584745407104,9.5357027053833
1700822905108857000,43.420857177734376,2.1690773963928223,0.6781854033470154,9.539682388305664
1700822905118835000,43.4308349609375,2.148878574371338,0.6740148067474365,9.544548988342285
1700822905128848000,43.44084790039062,2.127241849899292,0.6704176664352417,9.54964828491211
1700822905138694000,43.45069384765625,2.104334592819214,0.6666901707649231,9.55498218536377
1700822905149091000,43.46109106445312,2.0824215412139893,0.6632590293884277,9.56002140045166
1700822905159632000,43.4716318359375,2.063269853591919,0.6591881513595581,9.564455032348633
1700822905168848000,43.48084790039063,2.050813674926758,0.6542311310768127,9.567473411560059
1700822905179047000,43.491046875,2.043449878692627,0.6492094993591309,9.569390296936035
1700822905189271000,43.50127099609375,2.0397164821624756,0.6457175612449646,9.570423126220703
1700822905198839000,43.510839111328124,2.0378363132476807,0.6437079310417175,9.570959091186523
1700822905208804000,43.52080419921875,2.034649610519409,0.6434566378593445,9.5716552734375
1700822905218710000,43.5307099609375,2.027439832687378,0.6462550163269043,9.572996139526367
1700822905228798000,43.5407978515625,2.016575336456299,0.6499208211898804,9.575041770935059
1700822905238849000,43.55084912109375,2.003032684326172,0.6508695483207703,9.57781982421875
1700822905248679000,43.560678955078124,1.9841716289520264,0.6470543146133423,9.582003593444824
1700822905258855000,43.57085498046875,1.9579399824142456,0.6345882415771484,9.588232040405273
1700822905268923000,43.5809228515625,1.9347776174545288,0.6190522313117981,9.593945503234863
1700822905278913000,43.5909130859375,1.9171013832092285,0.6018617153167725,9.598587989807129
1700822905288813000,43.60081298828125,1.904264211654663,0.5843184590339661,9.602226257324219
1700822905298691000,43.610691162109376,1.8943349123001099,0.5680155754089355,9.605167388916016
1700822905309087000,43.6210869140625,1.8855347633361816,0.5536170601844788,9.60774040222168
1700822905318936000,43.63093603515625,1.8782532215118408,0.5435089468955994,9.609743118286133
1700822905328767000,43.64076708984375,1.8699827194213867,0.537265956401825,9.611706733703613
1700822905338701000,43.650701171875,1.8609758615493774,0.5333396792411804,9.61367416381836
1700822905348833000,43.6608330078125,1.8494189977645874,0.530171275138855,9.61607837677002
1700822905358711000,43.6707109375,1.8366687297821045,0.5268535614013672,9.618703842163086
1700822905368830000,43.680829833984376,1.8241499662399292,0.5222141742706299,9.621338844299316
1700822905378858000,43.69085791015625,1.810959815979004,0.5179635882377625,9.624059677124023
1700822905388823000,43.700822998046874,1.7998621463775635,0.5141653418540955,9.626344680786133
1700822905398840000,43.710840087890624,1.7920215129852295,0.511807382106781,9.627933502197266
1700822905408700000,43.72069995117187,1.785673975944519,0.5115320682525635,9.629128456115723
1700822905418847000,43.730846923828125,1.7789124250411987,0.5152642130851746,9.630179405212402
1700822905428839000,43.7408388671875,1.7682349681854248,0.5247612595558167,9.631632804870605
1700822905438850000,43.75085009765625,1.7528517246246338,0.5411679148674011,9.633537292480469
1700822905448945000,43.76094482421875,1.7370243072509766,0.5649085640907288,9.635042190551758
1700822905458807000,43.77080712890625,1.724379062652588,0.5916197299957275,9.635710716247559
1700822905469124000,43.7811240234375,1.7133731842041016,0.6148068308830261,9.636221885681152
1700822905478705000,43.79070483398438,1.7043092250823975,0.6307610869407654,9.636797904968262
1700822905488915000,43.8009150390625,1.7013769149780273,0.6398927569389343,9.636713981628418
1700822905498655000,43.810655029296875,1.7061892747879028,0.640951931476593,9.635791778564453
1700822905509339000,43.8213388671875,1.7169870138168335,0.6339806318283081,9.634336471557617
1700822905518677000,43.83067700195313,1.7255536317825317,0.6232181191444397,9.633505821228027
1700822905528714000,43.8407138671875,1.7343429327011108,0.6105836629867554,9.63273811340332
1700822905538903000,43.850903076171875,1.738390326499939,0.600313663482666,9.63265323638916
1700822905548800000,43.860800048828125,1.7357920408248901,0.5929241180419922,9.633581161499023
1700822905558906000,43.870906005859375,1.7611087560653687,0.5832698345184326,9.629572868347168
1700822905568870000,43.880869873046876,1.806898832321167,0.5603098273277283,9.622451782226562
1700822905579229000,43.89122900390625,1.8798680305480957,0.5069196224212646,9.611427307128906
1700822905588779000,43.90077905273437,1.9388070106506348,0.45934155583381653,9.602106094360352
1700822905598649000,43.910649169921875,1.98733651638031,0.42713791131973267,9.593667030334473
1700822905608787000,43.920786865234376,2.0224831104278564,0.41548633575439453,9.586832046508789
1700822905618824000,43.930823974609375,2.0495920181274414,0.4209522008895874,9.58083438873291
1700822905628916000,43.940916015625,2.071028232574463,0.4612202048301697,9.574366569519043
1700822905638898000,43.95089794921875,2.083749532699585,0.5253556966781616,9.5683012008667
1700822905648893000,43.96089282226563,2.0895073413848877,0.5826584696769714,9.563727378845215
1700822905659134000,43.97113403320313,2.088150978088379,0.5854957103729248,9.563850402832031
1700822905668724000,43.98072387695313,2.0882513523101807,0.5904881358146667,9.563520431518555
1700822905678819000,43.99081909179687,2.090000629425049,0.6003957390785217,9.562521934509277
1700822905688788000,44.0007880859375,2.0928704738616943,0.6126964688301086,9.561113357543945
1700822905698798000,44.01079809570312,2.095456123352051,0.6246808767318726,9.559772491455078
1700822905708831000,44.0208310546875,2.097965955734253,0.6333063840866089,9.558653831481934
1700822905718807000,44.03080712890625,2.099475145339966,0.6379656195640564,9.558012962341309
1700822905728863000,44.040863037109375,2.100217819213867,0.6394050121307373,9.557753562927246
1700822905738860000,44.050860107421876,2.100421190261841,0.6371849775314331,9.557855606079102
1700822905748830000,44.06082983398438,2.1032989025115967,0.6281546950340271,9.557821273803711
1700822905758886000,44.07088598632812,2.1062090396881104,0.6141238212585449,9.558093070983887
1700822905768970000,44.08096997070312,2.105487823486328,0.6000853776931763,9.55914306640625
1700822905778811000,44.09081079101563,2.1025731563568115,0.5900018215179443,9.560410499572754
1700822905789040000,44.1010400390625,2.100116491317749,0.5835744142532349,9.561347007751465
1700822905798755000,44.11075512695312,2.099154233932495,0.5809536576271057,9.561717987060547
1700822905809108000,44.12110791015625,2.098996877670288,0.5820318460464478,9.561686515808105
1700822905819039000,44.1310390625,2.1006195545196533,0.5847773551940918,9.561162948608398
1700822905829033000,44.141032958984376,2.1054115295410156,0.5866582989692688,9.559993743896484
1700822905838884000,44.15088403320313,2.112428903579712,0.5862307548522949,9.5584716796875
1700822905849029000,44.16102905273438,2.1185600757598877,0.5842457413673401,9.557235717773438
1700822905858858000,44.17085791015625,2.1220200061798096,0.5817299485206604,9.556622505187988
1700822905868746000,44.18074609375,2.122697353363037,0.5799842476844788,9.556577682495117
1700822905878719000,44.190718994140624,2.1212422847747803,0.5798147320747375,9.556909561157227
1700822905888843000,44.20084301757812,2.1193771362304688,0.5821166038513184,9.557184219360352
1700822905898918000,44.21091796875,2.1190998554229736,0.5875263214111328,9.556915283203125
1700822905908891000,44.220890869140625,2.1207573413848877,0.5952467322349548,9.556069374084473
1700822905918676000,44.23067602539062,2.123610496520996,0.6036749482154846,9.554906845092773
1700822905928740000,44.240739990234374,2.126767635345459,0.6116474866867065,9.55369758605957
1700822905938637000,44.250636962890624,2.129401206970215,0.6183265447616577,9.552680969238281
1700822905948845000,44.260844970703126,2.131784200668335,0.6246054768562317,9.551739692687988
1700822905959084000,44.271083984375,2.1335604190826416,0.6298121213912964,9.551003456115723
1700822905968879000,44.280879150390625,2.1340246200561523,0.6337845325469971,9.550636291503906
1700822905978894000,44.29089404296875,2.1326613426208496,0.6366796493530273,9.550749778747559
1700822905988924000,44.300923828125,2.1303610801696777,0.6389672160148621,9.551109313964844
1700822905998875000,44.310875,2.128599166870117,0.6406325101852417,9.551389694213867
1700822906009039000,44.3210390625,2.1273248195648193,0.6408321261405945,9.551660537719727
1700822906018735000,44.33073510742187,2.1256537437438965,0.6385276317596436,9.5521879196167
1700822906028897000,44.34089697265625,2.1240055561065674,0.6342459917068481,9.552838325500488
1700822906039026000,44.35102587890625,2.1248409748077393,0.6292065382003784,9.552985191345215
1700822906048775000,44.36077490234375,2.1275248527526855,0.6252081394195557,9.552650451660156
1700822906058885000,44.37088500976562,2.1314239501953125,0.6228586435317993,9.551936149597168
1700822906068795000,44.380794921875,2.134603500366211,0.6218792796134949,9.551288604736328
1700822906078787000,44.390787109375,2.134699583053589,0.6214359402656555,9.551297187805176
1700822906088783000,44.400783203125,2.1333096027374268,0.6200859546661377,9.551694869995117
1700822906098781000,44.41078100585938,2.1339404582977295,0.6176575422286987,9.551711082458496
1700822906108926000,44.42092602539063,2.1365160942077637,0.6142579913139343,9.55135440826416
1700822906118838000,44.43083813476562,2.1402370929718018,0.6086682081222534,9.55087947845459
1700822906128834000,44.440833984375,2.1446034908294678,0.6017775535583496,9.550336837768555
1700822906138904000,44.45090405273437,2.1504108905792236,0.5941121578216553,9.549510955810547
1700822906148836000,44.46083618164062,2.1570980548858643,0.586968719959259,9.548443794250488
1700822906158928000,44.470927978515626,2.1636719703674316,0.5816051363945007,9.547285079956055
1700822906168659000,44.48065893554688,2.169818639755249,0.5785977840423584,9.546072959899902
1700822906178820000,44.490820068359376,2.1755104064941406,0.5768304467201233,9.54488468170166
1700822906188769000,44.50076904296875,2.180779218673706,0.5750496983528137,9.54378890991211
1700822906198818000,44.51081811523437,2.1849982738494873,0.5722323060035706,9.542993545532227
1700822906208723000,44.52072290039062,2.1875903606414795,0.5680524110794067,9.542649269104004
1700822906218791000,44.530791015625,2.1891016960144043,0.5616042613983154,9.542684555053711
1700822906228748000,44.540748046875,2.190382957458496,0.5533727407455444,9.54287052154541
1700822906238653000,44.55065283203125,2.193577766418457,0.5447726845741272,9.542633056640625
1700822906248791000,44.560791015625,2.1998236179351807,0.5382166504859924,9.541566848754883
1700822906258675000,44.57067504882812,2.2087695598602295,0.5350108742713928,9.539680480957031
1700822906268957000,44.58095703125,2.2197327613830566,0.5349173545837402,9.537139892578125
1700822906278839000,44.59083911132812,2.230802059173584,0.5373237729072571,9.53442096710205
1700822906288776000,44.60077587890625,2.2420337200164795,0.5417182445526123,9.531538963317871
1700822906298785000,44.610784912109374,2.2529757022857666,0.5466226935386658,9.528676986694336
1700822906308790000,44.6207900390625,2.2618205547332764,0.5497589111328125,9.526402473449707
1700822906318824000,44.63082397460938,2.269061803817749,0.5501633882522583,9.524656295776367
1700822906328849000,44.64084887695312,2.2747082710266113,0.5485115647315979,9.523404121398926
1700822906338679000,44.65067895507813,2.2803456783294678,0.5463882684707642,9.522177696228027
1700822906349031000,44.66103100585938,2.284606695175171,0.5474728345870972,9.521095275878906
1700822906358850000,44.67085009765625,2.288163185119629,0.5513114333152771,9.52001953125
1700822906369020000,44.68102001953125,2.2923102378845215,0.5583359003067017,9.518610954284668
1700822906378740000,44.69073999023438,2.29720401763916,0.566860556602478,9.516927719116211
1700822906389268000,44.70126806640625,2.301892042160034,0.5750003457069397,9.51530647277832
1700822906398901000,44.71090087890625,2.3046247959136963,0.579992413520813,9.514342308044434
1700822906409008000,44.72100805664063,2.3052613735198975,0.582247257232666,9.514050483703613
1700822906418734000,44.730734130859375,2.304752826690674,0.5813654661178589,9.514227867126465
1700822906428817000,44.74081689453125,2.303140878677368,0.5783166289329529,9.514803886413574
1700822906438837000,44.7508369140625,2.3005709648132324,0.5746203660964966,9.515647888183594
1700822906448844000,44.76084399414062,2.2999134063720703,0.5715194940567017,9.51599407196045
1700822906459077000,44.7710771484375,2.2993197441101074,0.569037914276123,9.516287803649902
1700822906468860000,44.78085986328125,2.299384593963623,0.5669026374816895,9.516399383544922
1700822906478862000,44.79086206054688,2.299069404602051,0.5652192234992981,9.51657485961914
1700822906488899000,44.80089916992188,2.2991127967834473,0.5639031529426575,9.516642570495605
1700822906498868000,44.810867919921876,2.2992844581604004,0.5622484087944031,9.516698837280273
1700822906508862000,44.82086206054687,2.2989344596862793,0.5603773593902588,9.516894340515137
1700822906518934000,44.83093408203125,2.2991890907287598,0.5586892366409302,9.516931533813477
1700822906529125000,44.841125,2.3003273010253906,0.5574094653129578,9.516732215881348
1700822906540184000,44.85218408203125,2.3012611865997314,0.5565627813339233,9.516555786132812
1700822906548849000,44.86084887695313,2.3010475635528564,0.5554869174957275,9.516670227050781
1700822906558752000,44.870751953125,2.299971580505371,0.5548281669616699,9.5169677734375
1700822906568648000,44.88064794921875,2.296480178833008,0.554196298122406,9.51784896850586
1700822906578776000,44.89077612304688,2.289782762527466,0.5545511245727539,9.519441604614258
1700822906588616000,44.90061596679688,2.2810556888580322,0.5567334294319153,9.521409034729004
1700822906598725000,44.91072509765625,2.272429943084717,0.5612664222717285,9.523205757141113
1700822906608987000,44.92098681640625,2.2657299041748047,0.5682297945022583,9.524389266967773
1700822906618637000,44.930636962890624,2.260531187057495,0.5757666230201721,9.525171279907227
1700822906628619000,44.940618896484374,2.2567174434661865,0.5841697454452515,9.52556324005127
1700822906638618000,44.9506181640625,2.254495620727539,0.5935431122779846,9.525510787963867
1700822906649083000,44.961082763671875,2.251922845840454,0.6016290783882141,9.525611877441406
1700822906658872000,44.9708720703125,2.247001886367798,0.6084282398223877,9.526342391967773
1700822906668751000,44.98075122070313,2.241407632827759,0.6158254146575928,9.52718448638916
1700822906678686000,44.99068603515625,2.2349934577941895,0.6248676180839539,9.528101921081543
1700822906688660000,45.00065991210938,2.2283103466033936,0.6345584392547607,9.529027938842773
1700822906698835000,45.0108349609375,2.221978187561035,0.6429358124732971,9.52994441986084
1700822906708745000,45.02074487304687,2.2148146629333496,0.647813618183136,9.531281471252441
1700822906718752000,45.030751953125,2.2074103355407715,0.6500149369239807,9.532848358154297
1700822906728654000,45.040654052734375,2.201202630996704,0.6505053639411926,9.53425121307373
1700822906738806000,45.050805908203124,2.1969714164733887,0.6501701474189758,9.535249710083008
1700822906748925000,45.060925048828125,2.1944284439086914,0.6496899724006653,9.535867691040039
1700822906758864000,45.07086376953125,2.1924986839294434,0.6494701504707336,9.536328315734863
1700822906769503000,45.0815029296875,2.190443515777588,0.6502507925033569,9.536746978759766
1700822906778958000,45.0909580078125,2.188542604446411,0.6519544124603271,9.537066459655762
1700822906788799000,45.10079907226562,2.1869969367980957,0.6541878581047058,9.537266731262207
1700822906798798000,45.110798095703124,2.186842441558838,0.6563248634338379,9.53715705871582
1700822906808827000,45.12082690429688,2.189046859741211,0.6577554941177368,9.536552429199219
1700822906818826000,45.13082592773438,2.1948719024658203,0.6582686901092529,9.535177230834961
1700822906828816000,45.14081591796875,2.20387601852417,0.6578995585441589,9.533126831054688
1700822906838820000,45.15082006835937,2.2154107093811035,0.6567474603652954,9.53053092956543
1700822906848809000,45.16080908203125,2.227760076522827,0.6546899676322937,9.527793884277344
1700822906858834000,45.170833984375,2.2385752201080322,0.6513450145721436,9.525487899780273
1700822906868816000,45.18081591796875,2.2466509342193604,0.6456456184387207,9.523974418640137
1700822906878829000,45.1908291015625,2.252568483352661,0.6368021368980408,9.523172378540039
1700822906888749000,45.2007490234375,2.2571518421173096,0.6251820921897888,9.522857666015625
1700822906898828000,45.210828125,2.2607014179229736,0.6119789481163025,9.522873878479004
1700822906909011000,45.221010986328125,2.263303518295288,0.5994833111763,9.523049354553223
1700822906918916000,45.230916015625,2.2658603191375732,0.5965960621833801,9.522623062133789
1700822906928832000,45.24083203125,2.264030694961548,0.5837237238883972,9.523856163024902
1700822906938675000,45.25067504882813,2.2615983486175537,0.5798121094703674,9.524672508239746
1700822906948729000,45.26072900390625,2.2580742835998535,0.5768465399742126,9.525688171386719
1700822906959023000,45.271023193359376,2.2553346157073975,0.5729407668113708,9.526573181152344
1700822906968761000,45.280760986328126,2.251154661178589,0.5663748383522034,9.527955055236816
1700822906978917000,45.29091723632813,2.2446508407592773,0.5587403774261475,9.529939651489258
1700822906988947000,45.300947021484376,2.2364110946655273,0.5526213049888611,9.532233238220215
1700822906998803000,45.310802978515625,2.2284111976623535,0.548139214515686,9.5343656539917
1700822907008952000,45.3209521484375,2.2209362983703613,0.5445341467857361,9.53631591796875
1700822907018660000,45.33066015625,2.214470624923706,0.5429235100746155,9.537911415100098
1700822907028660000,45.34065991210937,2.2102091312408447,0.544862687587738,9.538788795471191
1700822907038692000,45.350692138671874,2.2077765464782715,0.5491214990615845,9.539108276367188
1700822907048857000,45.360857177734374,2.2056541442871094,0.5529592037200928,9.53937816619873
1700822907058728000,45.37072802734375,2.20369553565979,0.5551493763923645,9.539702415466309
1700822907068986000,45.380986083984375,2.2021751403808594,0.5566621422767639,9.53996467590332
1700822907078741000,45.390740966796876,2.2012851238250732,0.5568816065788269,9.54015827178955
1700822907089217000,45.40121704101563,2.2005927562713623,0.5549959540367126,9.540428161621094
1700822907098917000,45.410917236328125,2.198157548904419,0.5495873689651489,9.541302680969238
1700822907108683000,45.42068310546875,2.1936802864074707,0.5403892993927002,9.542858123779297
1700822907118917000,45.43091723632813,2.1863903999328613,0.5297431349754333,9.545127868652344
1700822907128916000,45.440916015625,2.181063652038574,0.5215136408805847,9.54680061340332
1700822907138729000,45.45072900390625,2.1817052364349365,0.5163736343383789,9.546932220458984
1700822907148995000,45.4609951171875,2.187582492828369,0.5152127742767334,9.545650482177734
1700822907159206000,45.47120581054688,2.1926844120025635,0.5189096331596375,9.544279098510742
1700822907169006000,45.481006103515625,2.1924891471862793,0.523857593536377,9.54405403137207
1700822907178685000,45.490684814453125,2.1858553886413574,0.5272568464279175,9.545389175415039
1700822907188788000,45.5007880859375,2.1718029975891113,0.5280529856681824,9.548550605773926
1700822907198831000,45.5108310546875,2.1551504135131836,0.5252516865730286,9.552478790283203
1700822907208641000,45.52064111328125,2.1377594470977783,0.518913984298706,9.556730270385742
1700822907218662000,45.53066186523437,2.120576858520508,0.5094838738441467,9.561066627502441
1700822907228661000,45.54066088867187,2.1069822311401367,0.4985816776752472,9.564645767211914
1700822907239153000,45.55115283203125,2.0976243019104004,0.48878803849220276,9.567207336425781
1700822907248806000,45.56080590820312,2.0874946117401123,0.48482057452201843,9.569623947143555
1700822907258829000,45.5708291015625,2.0748465061187744,0.48914313316345215,9.572154998779297
1700822907268796000,45.5807958984375,2.061877489089966,0.5021604299545288,9.5742826461792
1700822907278769000,45.59076879882812,2.0571587085723877,0.5215268135070801,9.574262619018555
1700822907289179000,45.601178955078126,2.0580241680145264,0.5471466779708862,9.572647094726562
1700822907298698000,45.610697998046874,2.0635507106781006,0.5713368654251099,9.570042610168457
1700822907308801000,45.62080102539063,2.0779356956481934,0.594124436378479,9.565542221069336
1700822907318667000,45.6306669921875,2.093229055404663,0.5946130752563477,9.562176704406738
1700822907328800000,45.640800048828126,2.108403444290161,0.5927382111549377,9.558959007263184
1700822907339009000,45.651009033203124,2.115180253982544,0.5892310738563538,9.557677268981934
1700822907348809000,45.66080908203125,2.131683588027954,0.6378659605979919,9.550887107849121
1700822907358839000,45.67083911132813,2.123544692993164,0.6567667722702026,9.551420211791992
1700822907368834000,45.680833984375,2.091569185256958,0.686610996723175,9.556375503540039
1700822907378847000,45.690846923828126,2.023259162902832,0.7184650897979736,9.568731307983398
1700822907388994000,45.700994140625,1.932826280593872,0.7292521595954895,9.586592674255371
1700822907398898000,45.71089794921875,1.8518937826156616,0.7109367251396179,9.603928565979004
1700822907408863000,45.720863037109375,1.761125922203064,0.6671662926673889,9.624122619628906
1700822907418860000,45.730860107421876,1.6427379846572876,0.6032485365867615,9.649243354797363
1700822907428957000,45.74095703125,1.5191866159439087,0.5281956195831299,9.67385482788086
1700822907439066000,45.751066162109375,1.4974029064178467,0.5164437890052795,9.677885055541992
1700822907448917000,45.7609169921875,1.467896819114685,0.5006126165390015,9.683236122131348
1700822907458769000,45.77076879882812,1.437145709991455,0.49029725790023804,9.688376426696777
1700822907468897000,45.78089697265625,1.4059436321258545,0.4797936975955963,9.693477630615234
1700822907478680000,45.79068017578125,1.3782320022583008,0.469258576631546,9.697973251342773
1700822907488851000,45.800850830078126,1.3566052913665771,0.45883479714393616,9.701519966125488
1700822907498773000,45.81077294921875,1.3342652320861816,0.44800183176994324,9.705123901367188
1700822907508752000,45.820751953125,1.3262869119644165,0.3061658442020416,9.711725234985352
1700822907518635000,45.83063500976562,1.316224217414856,0.21007774770259857,9.71564769744873
1700822907528789000,45.8407890625,1.3059316873550415,0.1665092408657074,9.717880249023438
1700822907538932000,45.85093188476562,1.2882468700408936,0.12706950306892395,9.720837593078613
1700822907548821000,45.86082104492188,1.2599923610687256,0.08802461624145508,9.724971771240234
1700822907558951000,45.87095092773438,1.2240536212921143,0.04951806366443634,9.729832649230957
1700822907568648000,45.88064794921875,1.1855213642120361,0.02321837842464447,9.734700202941895
1700822907578842000,45.890842041015624,1.1473488807678223,0.010301614180207253,9.739295959472656
1700822907589404000,45.90140380859375,1.105976939201355,0.004001344554126263,9.744084358215332
1700822907598659000,45.9106591796875,1.0762875080108643,-0.001443184562958777,9.74740982055664
1700822907609086000,45.9210859375,1.0469563007354736,-0.0073942020535469055,9.750601768493652
1700822907618670000,45.930670166015624,1.017744541168213,-0.013901976868510246,9.753686904907227
1700822907628758000,45.940758056640625,0.987829864025116,-0.020428163930773735,9.75675106048584
1700822907638669000,45.9506689453125,0.9584730267524719,-0.025040334090590477,9.759666442871094
1700822907648802000,45.96080200195313,0.9295939803123474,-0.02772708795964718,9.762452125549316
1700822907658651000,45.97065087890625,0.9031556248664856,-0.03023001179099083,9.764925956726074
1700822907668855000,45.98085498046875,0.8786388635635376,-0.03423924744129181,9.767149925231934
1700822907678779000,45.99077880859375,0.8527345657348633,-0.04036065191030502,9.76942253112793
1700822907688977000,46.00097680664062,0.8300159573554993,-0.04639584198594093,9.77135181427002
1700822907698708000,46.0107080078125,0.8107438683509827,-0.05232435464859009,9.772940635681152
1700822907708795000,46.020794921875,0.795581042766571,-0.058470018208026886,9.774152755737305
1700822907718663000,46.030662841796875,0.783277153968811,-0.06323065608739853,9.775115013122559
1700822907728731000,46.04073095703125,0.7721601724624634,-0.06483633816242218,9.775988578796387
1700822907738795000,46.050794921875,0.7653893232345581,-0.06122457608580589,9.776544570922852
1700822907748737000,46.06073706054688,0.7674991488456726,-0.052479252219200134,9.776430130004883
1700822907758909000,46.070908935546875,0.7789455652236938,-0.042770929634571075,9.775571823120117
1700822907768775000,46.08077490234375,0.7927937507629395,-0.04127250611782074,9.774465560913086
1700822907778806000,46.09080590820312,0.8091146349906921,-0.04052840918302536,9.773130416870117
1700822907788814000,46.10081396484375,0.8277086019515991,-0.04186609014868736,9.771567344665527
1700822907798863000,46.110863037109375,0.8421873450279236,-0.0458928607404232,9.77031421661377
1700822907808843000,46.120843017578125,0.8513384461402893,-0.052790217101573944,9.769485473632812
1700822907818908000,46.13090795898437,0.8895606398582458,-0.05373129993677139,9.766074180603027
1700822907828800000,46.140800048828126,0.98419588804245,-0.04961860179901123,9.757012367248535
1700822907838782000,46.150781982421876,1.114355444908142,-0.029281916096806526,9.743087768554688
1700822907848783000,46.160783203125,1.2319139242172241,0.009785773232579231,9.728960990905762
1700822907858877000,46.170876953125,1.3433326482772827,0.05079963058233261,9.714075088500977
1700822907868767000,46.18076708984375,1.4611817598342896,0.08552490919828415,9.696805000305176
1700822907878794000,46.1907939453125,1.4900422096252441,0.08393646776676178,9.692424774169922
1700822907888789000,46.2007890625,1.5314149856567383,0.08159077912569046,9.685994148254395
1700822907898793000,46.21079296875,1.5659949779510498,0.07567483186721802,9.680512428283691
1700822907908828000,46.220827880859375,1.593060851097107,0.06865356117486954,9.676148414611816
1700822907918817000,46.230817138671874,1.6209211349487305,0.061341773718595505,9.67156982421875
1700822907928828000,46.24082788085938,1.6459217071533203,0.05538198724389076,9.667381286621094
1700822907938707000,46.25070703125,1.6691088676452637,0.050102002918720245,9.663433074951172
1700822907948821000,46.260821044921876,1.8002433776855469,0.1359703093767166,9.639037132263184
1700822907958811000,46.27081079101563,1.92942476272583,0.1893511861562729,9.613109588623047
1700822907968686000,46.28068603515625,2.0233845710754395,0.2196437418460846,9.59312629699707
1700822907978829000,46.2908291015625,2.103571891784668,0.2460279017686844,9.575220108032227
1700822907988803000,46.30080297851563,2.1667795181274414,0.26822423934936523,9.560519218444824
1700822907998851000,46.31085107421875,2.205106496810913,0.27865007519721985,9.551453590393066
1700822908008912000,46.32091186523437,2.233309268951416,0.28297436237335205,9.544770240783691
1700822908018682000,46.33068212890625,2.266690492630005,0.28835633397102356,9.536737442016602
1700822908028707000,46.34070703125,2.3115646839141846,0.2942526936531067,9.52578067779541
1700822908038959000,46.350958984375,2.327726125717163,0.29012948274612427,9.52196979522705
1700822908048870000,46.36086987304687,2.341052293777466,0.2867927551269531,9.518803596496582
1700822908058882000,46.370882080078125,2.3552517890930176,0.2829761207103729,9.515414237976074
1700822908068852000,46.38085205078125,2.371314525604248,0.27927228808403015,9.5115327835083
1700822908078974000,46.390973876953126,2.3868186473846436,0.2745429277420044,9.507792472839355
1700822908088762000,46.40076220703125,2.4009454250335693,0.268498957157135,9.504406929016113
1700822908098773000,46.41077294921875,2.415238380432129,0.2627633512020111,9.500946044921875
1700822908108746000,46.42074609375,2.430574893951416,0.2592228949069977,9.49713134765625
1700822908118736000,46.43073583984375,2.445747137069702,0.2592749297618866,9.493234634399414
1700822908128743000,46.440742919921874,2.463292121887207,0.26081952452659607,9.488653182983398
1700822908138859000,46.45085888671875,2.4830689430236816,0.25775691866874695,9.483583450317383
1700822908148793000,46.46079296875,2.5033671855926514,0.253566175699234,9.478357315063477
1700822908158664000,46.47066381835938,2.524517297744751,0.2489505112171173,9.472867965698242
1700822908168819000,46.48081884765625,2.5376744270324707,0.24602234363555908,9.469429016113281
1700822908178832000,46.49083178710937,2.548722505569458,0.2428302764892578,9.466544151306152
1700822908188694000,46.50069409179687,2.5560338497161865,0.23732377588748932,9.46471118927002
1700822908198800000,46.5107998046875,2.561842679977417,0.22641398012638092,9.463409423828125
1700822908209154000,46.521154052734374,2.5428900718688965,0.2072761356830597,9.46895694732666
1700822908218650000,46.530650146484376,2.516481399536133,0.18443156778812408,9.476481437683105
1700822908228773000,46.54077319335938,2.486429214477539,0.15584494173526764,9.484923362731934
1700822908239184000,46.551183837890626,2.4547858238220215,0.12181728333234787,9.493660926818848
1700822908248768000,46.56076806640625,2.4173269271850586,0.08602175116539001,9.503657341003418
1700822908258843000,46.5708427734375,2.3659510612487793,0.053786829113960266,9.516816139221191
1700822908268672000,46.58067211914062,2.2934348583221436,0.024437692016363144,9.534671783447266
1700822908278841000,46.59084106445312,2.2029266357421875,0.0029594344086945057,9.55601978302002
1700822908289950000,46.601949951171875,2.084780216217041,-0.015258067287504673,9.582476615905762
1700822908299323000,46.61132299804687,1.9549455642700195,-0.03224719688296318,9.609763145446777
1700822908308694000,46.62069409179688,1.8234537839889526,-0.04661094397306442,9.635519981384277
1700822908318810000,46.63081005859375,1.6702663898468018,-0.06200871244072914,9.663164138793945
1700822908328787000,46.640786865234375,1.5122370719909668,-0.07748188823461533,9.689041137695312
1700822908338666000,46.650666015625,1.3466801643371582,-0.08769816160202026,9.713350296020508
1700822908348813000,46.66081298828125,1.1770737171173096,-0.09195201843976974,9.735320091247559
1700822908358838000,46.670838134765624,0.9942549467086792,-0.09659428894519806,9.755640983581543
1700822908368781000,46.68078100585937,0.8015871644020081,-0.10673720389604568,9.7732515335083
1700822908378711000,46.6907109375,0.6143575310707092,-0.11685556918382645,9.786690711975098
1700822908388781000,46.700781005859376,0.44110915064811707,-0.12041706591844559,9.79598617553711
1700822908398843000,46.7108427734375,0.26223376393318176,-0.1182207241654396,9.8024320602417
1700822908408689000,46.72068896484375,0.07153203338384628,-0.11720950156450272,9.805689811706543
1700822908418824000,46.73082397460937,-0.11837328225374222,-0.12014321237802505,9.805200576782227
1700822908428764000,46.740763916015624,-0.307201623916626,-0.1282934993505478,9.80099868774414
1700822908438905000,46.750905029296874,-0.4898623824119568,-0.13938012719154358,9.793416976928711
1700822908448811000,46.76081103515625,-0.6634551286697388,-0.15049275755882263,9.783025741577148
1700822908458733000,46.77073315429688,-0.8442243933677673,-0.15948008000850677,9.768942832946777
1700822908468659000,46.780658935546874,-1.0002572536468506,-0.16894349455833435,9.75404167175293
1700822908478670000,46.79067016601562,-1.1659601926803589,-0.18716450035572052,9.735291481018066
1700822908488742000,46.80074194335938,-1.3419476747512817,-0.2131219506263733,9.712061882019043
1700822908498755000,46.810755126953126,-1.533780813217163,-0.2434355467557907,9.682906150817871
1700822908508805000,46.82080517578125,-1.7314318418502808,-0.2716498374938965,9.648768424987793
1700822908518825000,46.83082495117188,-1.9396514892578125,-0.29499971866607666,9.608386993408203
1700822908528780000,46.84078002929687,-2.146516799926758,-0.3221864104270935,9.563425064086914
1700822908538815000,46.85081494140625,-2.3419158458709717,-0.35419631004333496,9.51632022857666
1700822908548988000,46.86098779296875,-2.55254864692688,-0.3951961398124695,9.460376739501953
1700822908558706000,46.87070581054687,-2.735858201980591,-0.4333668649196625,9.407318115234375
1700822908568829000,46.880828857421875,-2.9240102767944336,-0.4773761034011841,9.348402976989746
1700822908578862000,46.89086206054687,-3.104076623916626,-0.5225991010665894,9.287734985351562
1700822908588826000,46.900826171875,-3.272913694381714,-0.5671536922454834,9.226958274841309
1700822908598858000,46.91085791015625,-3.423679828643799,-0.6082596182823181,9.169452667236328
1700822908608828000,46.92082788085938,-3.554150104522705,-0.637531042098999,9.11767292022705
1700822908618691000,46.930691162109376,-3.6691339015960693,-0.658251166343689,9.070534706115723
1700822908628950000,46.94094995117187,-3.7734267711639404,-0.6769049763679504,9.026265144348145
1700822908638982000,46.95098193359375,-3.8580751419067383,-0.6941326260566711,8.989094734191895
1700822908650136000,46.96213598632813,-3.933478355407715,-0.710253119468689,8.955090522766113
1700822908658793000,46.97079296875,-4.00108528137207,-0.7209773659706116,8.92423152923584
1700822908668892000,46.98089184570313,-4.054540157318115,-0.7230120897293091,8.899906158447266
1700822908678699000,46.99069897460937,-4.081159591674805,-0.7154355049133301,8.888347625732422
1700822908688643000,47.00064306640625,-4.0822858810424805,-0.6998577117919922,8.889069557189941
1700822908698821000,47.010821044921876,-4.0690155029296875,-0.6779571175575256,8.89684772491455
1700822908712657000,47.024656982421874,-4.043400287628174,-0.6569839119911194,8.910089492797852
1700822908728723000,47.04072290039063,-3.9427151679992676,-0.634981632232666,8.956684112548828
1700822908738644000,47.05064404296875,-3.8520920276641846,-0.632498562335968,8.996206283569336
1700822908748765000,47.06076489257813,-3.728797197341919,-0.630243182182312,9.048164367675781
1700822908758917000,47.07091723632813,-3.580394983291626,-0.6233996152877808,9.108377456665039
1700822908768703000,47.08070288085938,-3.4078872203826904,-0.6093389391899109,9.175260543823242
1700822908778888000,47.090887939453125,-3.2141330242156982,-0.5903948545455933,9.24614429473877
1700822908788770000,47.10077001953125,-3.0007262229919434,-0.5554173588752747,9.319740295410156
1700822908798890000,47.11088989257812,-2.773531675338745,-0.5099188089370728,9.392440795898438
1700822908808865000,47.120864990234374,-2.5155532360076904,-0.47658321261405945,9.466534614562988
1700822908818885000,47.13088500976563,-2.2421743869781494,-0.4462102949619293,9.536454200744629
1700822908828762000,47.14076220703125,-1.9244574308395386,-0.41046208143234253,9.60720443725586
1700822908838875000,47.150875,-1.6114675998687744,-0.37259092926979065,9.666163444519043
1700822908848807000,47.16080688476563,-1.3087749481201172,-0.3386722803115845,9.713021278381348
1700822908858865000,47.17086499023438,-1.046310305595398,-0.3164718449115753,9.745535850524902
1700822908868769000,47.18076904296875,-0.8109642267227173,-0.29996874928474426,9.768458366394043
1700822908878850000,47.19085009765625,-0.6124611496925354,-0.28406184911727905,9.7833833694458
1700822908888853000,47.20085302734375,-0.44898733496665955,-0.26343846321105957,9.792825698852539
1700822908898897000,47.21089697265625,-0.30808863043785095,-0.23508097231388092,9.798990249633789
1700822908908884000,47.22088403320313,-0.1943994164466858,-0.2051449716091156,9.802577018737793
1700822908918828000,47.230828125,-0.09988398104906082,-0.1782291978597641,9.804523468017578
1700822908928863000,47.24086303710938,-0.02897869609296322,-0.15251345932483673,9.805421829223633
1700822908938904000,47.25090405273438,0.008690963499248028,-0.12588351964950562,9.805838584899902
1700822908948878000,47.260878173828125,0.026539193466305733,-0.10246990621089935,9.806078910827637
1700822908958952000,47.27095190429687,0.042241789400577545,-0.08635200560092926,9.806178092956543
1700822908968993000,47.28099291992187,0.041948504745960236,-0.0783943235874176,9.80624771118164
1700822908978905000,47.29090502929687,-0.0034008945804089308,-0.0829138457775116,9.80630111694336
1700822908988871000,47.300870849609375,-0.11666429042816162,-0.10130290687084198,9.805435180664062
1700822908998907000,47.310906982421876,-0.2879423499107361,-0.13139642775058746,9.801542282104492
1700822909008914000,47.32091381835937,-0.4992179572582245,-0.17076456546783447,9.792445182800293
1700822909018866000,47.33086596679688,-0.7130025625228882,-0.21435382962226868,9.778346061706543
1700822909028811000,47.34081103515625,-0.9133670330047607,-0.25950783491134644,9.760574340820312
1700822909038710000,47.3507099609375,-1.0967276096343994,-0.3027274012565613,9.74042797088623
1700822909048805000,47.36080517578125,-1.2463804483413696,-0.33866849541664124,9.721227645874023
1700822909058822000,47.37082177734375,-1.3566513061523438,-0.3659133315086365,9.705463409423828
1700822909068804000,47.38080419921875,-1.4394816160202026,-0.3843924105167389,9.69281005859375
1700822909079065000,47.39106518554688,-1.534663438796997,-0.399265855550766,9.677593231201172
1700822909088819000,47.40081884765625,-1.636466145515442,-0.41369888186454773,9.660290718078613
1700822909098847000,47.410846923828124,-1.7640444040298462,-0.43190672993659973,9.63701343536377
1700822909109230000,47.42122998046875,-1.903133749961853,-0.44576340913772583,9.609878540039062
1700822909119206000,47.43120581054688,-2.033968687057495,-0.4497843384742737,9.582853317260742
1700822909129205000,47.441205078125,-2.141103506088257,-0.4515703618526459,9.559402465820312
1700822909139469000,47.451468994140626,-2.2367703914642334,-0.4706012010574341,9.536551475524902
1700822909149208000,47.4612080078125,-2.292560338973999,-0.49674132466316223,9.521965980529785
1700822909158938000,47.47093823242187,-2.3327982425689697,-0.5211085677146912,9.510883331298828
1700822909169173000,47.48117309570313,-2.3816540241241455,-0.5429089069366455,9.49754524230957
1700822909179257000,47.49125708007813,-2.4201273918151855,-0.5666247010231018,9.486429214477539
1700822909188884000,47.50088403320313,-2.421006679534912,-0.5844506025314331,9.485122680664062
1700822909198852000,47.51085205078125,-2.378237247467041,-0.5886138677597046,9.49567985534668
1700822909209449000,47.52144897460938,-2.321885347366333,-0.585679829120636,9.509796142578125
1700822909219450000,47.5314501953125,-2.2816927433013916,-0.585498034954071,9.519530296325684
1700822909228838000,47.540837890625,-2.251025676727295,-0.5902633666992188,9.526534080505371
1700822909238773000,47.55077294921875,-2.212097406387329,-0.5982821583747864,9.535150527954102
1700822909248677000,47.560677001953124,-2.1593756675720215,-0.5982683897018433,9.547228813171387
1700822909259122000,47.571121826171876,-2.0942912101745605,-0.5725643634796143,9.5632905960083
1700822909268865000,47.580864990234375,-2.0283915996551514,-0.5260390043258667,9.580150604248047
1700822909278739000,47.59073901367187,-1.9514912366867065,-0.4728194773197174,9.598882675170898
1700822909288814000,47.60081396484375,-1.8635656833648682,-0.42038026452064514,9.618773460388184
1700822909298855000,47.61085498046875,-1.7744790315628052,-0.3813122808933258,9.63723087310791
1700822909308875000,47.620875,-1.6840465068817139,-0.35819005966186523,9.654329299926758
1700822909318726000,47.63072583007813,-1.5864996910095215,-0.3432771563529968,9.671379089355469
1700822909328862000,47.64086206054687,-1.4790672063827515,-0.3243523836135864,9.689043045043945
1700822909339076000,47.651076171875,-1.364783525466919,-0.29666414856910706,9.706685066223145
1700822909348837000,47.66083715820312,-1.2476234436035156,-0.2603691518306732,9.723479270935059
1700822909358693000,47.67069311523438,-1.1253219842910767,-0.21667759120464325,9.739459037780762
1700822909368884000,47.68088403320313,-1.0042794942855835,-0.17249299585819244,9.753565788269043
1700822909378712000,47.69071215820313,-0.8721670508384705,-0.1275467723608017,9.766956329345703
1700822909388964000,47.700964111328126,-0.7158045172691345,-0.0863952562212944,9.780111312866211
1700822909398865000,47.71086499023438,-0.5476495027542114,-0.0510232076048851,9.791214942932129
1700822909408785000,47.72078491210937,-0.35482847690582275,-0.017767420038580894,9.800213813781738
1700822909418927000,47.73092700195313,-0.15399974584579468,0.010039163753390312,9.805437088012695
1700822909429300000,47.74130004882812,0.047226592898368835,0.03977174684405327,9.806456565856934
1700822909438814000,47.75081396484375,0.1966588795185089,0.06495090574026108,9.804462432861328
1700822909448718000,47.76071801757813,0.3211125135421753,0.104990653693676,9.800830841064453
1700822909458822000,47.77082177734375,0.44884955883026123,0.14857786893844604,9.795246124267578
1700822909469104000,47.78110424804687,0.5835115313529968,0.1910886913537979,9.787410736083984
1700822909478811000,47.79081079101562,0.7281010746955872,0.23014789819717407,9.776876449584961
1700822909488813000,47.80081298828125,0.8727892637252808,0.26565322279930115,9.76412296295166
1700822909498833000,47.8108330078125,1.0247111320495605,0.3033730089664459,9.748248100280762
1700822909508713000,47.820712890625,1.183703899383545,0.34754708409309387,9.728743553161621
1700822909519006000,47.831005859375,1.3165760040283203,0.3925003111362457,9.709941864013672
1700822909528827000,47.840826904296875,1.4306448698043823,0.4401587247848511,9.691744804382324
1700822909538800000,47.85080004882813,1.517336130142212,0.4859893321990967,9.676356315612793
1700822909548775000,47.86077490234375,1.5866059064865112,0.5286074280738831,9.663003921508789
1700822909558887000,47.87088696289062,1.64618980884552,0.5594385862350464,9.651293754577637
1700822909568734000,47.88073388671875,1.7030613422393799,0.5744870901107788,9.64053726196289
1700822909578856000,47.89085595703125,1.7618649005889893,0.5780038833618164,9.629753112792969
1700822909588833000,47.9008330078125,1.8278660774230957,0.5787500143051147,9.617399215698242
1700822909598881000,47.91088110351563,1.8961167335510254,0.5845756530761719,9.603822708129883
1700822909608829000,47.920828857421874,1.95562744140625,0.5981307625770569,9.591045379638672
1700822909618866000,47.93086596679687,2.010648727416992,0.6181657910346985,9.578389167785645
1700822909628754000,47.94075390625,2.0475807189941406,0.6363883018493652,9.569367408752441
1700822909638814000,47.95081396484375,2.071434736251831,0.6552057862281799,9.562962532043457
1700822909648850000,47.960849853515626,2.0921757221221924,0.6855395436286926,9.556319236755371
1700822909658850000,47.97085009765625,2.1145739555358887,0.7213853597640991,9.548747062683105
1700822909668881000,47.980880859375,2.13724684715271,0.753235399723053,9.54123592376709
1700822909678811000,47.990810791015626,2.153315782546997,0.7713333368301392,9.536176681518555
1700822909688860000,48.00085986328125,2.174870729446411,0.7829802632331848,9.530335426330566
1700822909699350000,48.01135009765625,2.199707508087158,0.7887544631958008,9.524154663085938
1700822909709252000,48.021252197265625,2.2203547954559326,0.7873209118843079,9.51948070526123
1700822909719440000,48.03143994140625,2.234449625015259,0.7784250378608704,9.51691722869873
1700822909728652000,48.040652099609375,2.241597890853882,0.768143892288208,9.516070365905762
1700822909738728000,48.05072802734375,2.2439687252044678,0.7638909220695496,9.515854835510254
1700822909748605000,48.06060498046875,2.241142988204956,0.7673974633216858,9.51623821258545
1700822909758650000,48.070650146484375,2.2342779636383057,0.7795540690422058,9.516863822937012
1700822909768669000,48.0806689453125,2.2253053188323975,0.7931035757064819,9.517847061157227
1700822909778647000,48.09064697265625,2.2179505825042725,0.8059118986129761,9.518486022949219
1700822909788738000,48.10073803710937,2.213085889816284,0.8147516250610352,9.518866539001465
1700822909798645000,48.11064501953125,2.209865093231201,0.8197975158691406,9.519182205200195
1700822909808634000,48.120634033203125,2.2398488521575928,0.7796852588653564,9.515543937683105
1700822909818744000,48.130744140625,2.2811362743377686,0.7035831809043884,9.511667251586914
1700822909828731000,48.14073095703125,2.3123137950897217,0.6235384345054626,9.509720802307129
1700822909838742000,48.15074194335938,2.325298547744751,0.5522977709770203,9.51095962524414
1700822909848775000,48.16077490234375,2.3223328590393066,0.49933600425720215,9.514612197875977
1700822909858878000,48.1708779296875,2.312466859817505,0.4640718102455139,9.518799781799316
1700822909869038000,48.1810380859375,2.2994577884674072,0.4378206431865692,9.523193359375
1700822909878888000,48.19088793945313,2.281674861907959,0.41347238421440125,9.528557777404785
1700822909888705000,48.200705078125,2.251162052154541,0.38530221581459045,9.536991119384766
1700822909898772000,48.21077197265625,2.248750686645508,0.3905532658100128,9.537345886230469
1700822909908739000,48.220739013671874,2.2414956092834473,0.39464491605758667,9.538886070251465
1700822909918917000,48.230917236328125,2.2335517406463623,0.39753392338752747,9.540629386901855
1700822909928800000,48.24080004882813,2.2288830280303955,0.3992667496204376,9.541648864746094
1700822909938688000,48.25068798828125,2.2287230491638184,0.39910951256752014,9.541692733764648
1700822909948799000,48.26079907226563,2.231703281402588,0.3947106897830963,9.541179656982422
1700822909958797000,48.270797119140624,2.235377788543701,0.3864355981349945,9.540657997131348
1700822909969075000,48.281074951171874,2.2376224994659424,0.375586599111557,9.54056453704834
1700822909978979000,48.29097900390625,2.2392263412475586,0.36602702736854553,9.540560722351074
1700822909988816000,48.30081591796875,2.2325563430786133,0.3572799563407898,9.54245376586914
1700822909998811000,48.310810791015626,2.223905086517334,0.3516547977924347,9.544682502746582
1700822910008724000,48.320723876953124,2.216096878051758,0.3474023938179016,9.546655654907227
1700822910019128000,48.33112817382813,2.209501266479492,0.34348610043525696,9.548325538635254
1700822910028774000,48.34077392578125,2.2044358253479004,0.3392445147037506,9.549647331237793
1700822910038849000,48.35084912109375,2.199888229370117,0.3328314423561096,9.550921440124512
1700822910048716000,48.36071606445312,2.195815324783325,0.3254290521144867,9.552115440368652
1700822910059004000,48.37100390625,2.1908702850341797,0.3162374496459961,9.553558349609375
1700822910068898000,48.38089794921875,2.1856160163879395,0.3062859773635864,9.555085182189941
1700822910078816000,48.39081591796875,2.181833267211914,0.29639410972595215,9.556262969970703
1700822910089185000,48.40118505859375,2.176516056060791,0.28660276532173157,9.557772636413574
1700822910098699000,48.410698974609375,2.1863927841186523,0.28750818967819214,9.55549144744873
1700822910108816000,48.42081591796875,2.197255849838257,0.2904737591743469,9.552909851074219
1700822910118824000,48.430823974609375,1.9641424417495728,0.2551727294921875,9.60455322265625
1700822910128850000,48.44084985351562,1.7916568517684937,0.254940390586853,9.638225555419922
1700822910138841000,48.45084106445312,1.6649507284164429,0.27043578028678894,9.660497665405273
1700822910149232000,48.461232177734374,1.5973129272460938,0.2906903326511383,9.6713228225708
1700822910158777000,48.47077709960938,1.5806676149368286,0.3056274950504303,9.67359733581543
1700822910169106000,48.48110595703125,1.5740280151367188,0.3220660090446472,9.674145698547363
1700822910179112000,48.49111181640625,1.57034432888031,0.33884939551353455,9.674171447753906
1700822910188784000,48.5007841796875,1.5639926195144653,0.3575105369091034,9.674528121948242
1700822910198789000,48.5107890625,1.5584094524383545,0.38119974732398987,9.674525260925293
1700822910208756000,48.520755859375,1.556161880493164,0.41290831565856934,9.673585891723633
1700822910218815000,48.53081494140625,1.572693109512329,0.42112669348716736,9.670557975769043
1700822910228873000,48.540873046875,1.5856293439865112,0.4337839186191559,9.667885780334473
1700822910238895000,48.55089501953125,1.5969388484954834,0.4480684697628021,9.665372848510742
1700822910248628000,48.5606279296875,1.6122002601623535,0.45822426676750183,9.662362098693848
1700822910258803000,48.57080297851562,1.6325074434280396,0.46408408880233765,9.658670425415039
1700822910268814000,48.58081396484375,1.6559540033340454,0.4664616286754608,9.65456485748291
1700822910278768000,48.59076806640625,1.6854749917984009,0.46520987153053284,9.649515151977539
1700822910288743000,48.60074291992188,1.7193596363067627,0.4617249667644501,9.64370346069336
1700822910298643000,48.610642822265625,1.7569661140441895,0.45811933279037476,9.637094497680664
1700822910308862000,48.62086206054688,1.7948102951049805,0.45606327056884766,9.630215644836426
1700822910318821000,48.63082104492187,1.8296951055526733,0.4559621512889862,9.623653411865234
1700822910328874000,48.6408740234375,1.8604604005813599,0.45637834072113037,9.6177339553833
1700822910338907000,48.65090698242187,1.8800361156463623,0.45585840940475464,9.6139497756958
1700822910348856000,48.66085595703125,1.8881436586380005,0.44911623001098633,9.612678527832031
1700822910358860000,48.67086010742187,1.8788068294525146,0.42974868416786194,9.61539363861084
1700822910368820000,48.680820068359374,1.8697757720947266,0.41194209456443787,9.617932319641113
1700822910378898000,48.69089794921875,1.8631004095077515,0.39114949107170105,9.620095252990723
1700822910388852000,48.70085205078125,1.86186683177948,0.3722469210624695,9.621084213256836
1700822910398842000,48.710842041015624,1.8609124422073364,0.3561091423034668,9.621881484985352
1700822910408846000,48.72084619140625,1.9166592359542847,0.49979662895202637,9.604531288146973
1700822910418859000,48.73085888671875,1.9376276731491089,0.5768582224845886,9.595999717712402
1700822910428823000,48.74082299804687,1.9463114738464355,0.6156196594238281,9.59183406829834
1700822910438865000,48.750864990234376,1.9472606182098389,0.6447235345840454,9.589730262756348
1700822910448838000,48.760837890625,1.9337981939315796,0.6772852540016174,9.5902099609375
1700822910458886000,48.770885986328125,1.9093703031539917,0.7162967920303345,9.592268943786621
1700822910471171000,48.78317114257813,1.8934521675109863,0.7697595357894897,9.591283798217773
1700822910488850000,48.80084985351562,1.9312434196472168,0.8445806503295898,9.577441215515137
1700822910498873000,48.810873046875,1.944185733795166,0.8605091571807861,9.573403358459473
1700822910511035000,48.82303491210938,1.946326494216919,0.8608128428459167,9.572941780090332
1700822910519152000,48.831152099609376,1.9461902379989624,0.8621227741241455,9.572851181030273
1700822910528782000,48.84078198242187,1.9433505535125732,0.8636080026626587,9.573293685913086
1700822910538796000,48.850796142578126,1.9416807889938354,0.8642457127571106,9.573576927185059
1700822910548747000,48.8607470703125,1.9447053670883179,0.8644479513168335,9.572944641113281
1700822910558789000,48.8707890625,1.9539810419082642,0.8649623394012451,9.571008682250977
1700822910568792000,48.8807919921875,1.9676845073699951,0.8657312989234924,9.568130493164062
1700822910578812000,48.89081201171875,1.9809917211532593,0.866168200969696,9.565343856811523
1700822910588787000,48.90078686523437,1.990796446800232,0.8644210696220398,9.56346607208252
1700822910599590000,48.91158984375,1.9955923557281494,0.8586597442626953,9.562987327575684
1700822910608781000,48.920781005859375,1.9940946102142334,0.8519009351730347,9.56390380859375
1700822910618785000,48.930784912109374,1.990031123161316,0.8423001766204834,9.56559944152832
1700822910628834000,48.940833984375,1.9860045909881592,0.8308268785476685,9.567439079284668
1700822910638869000,48.95086889648437,1.9838937520980835,0.8169649243354797,9.569071769714355
1700822910648812000,48.96081201171875,1.9834933280944824,0.8008896708488464,9.570514678955078
1700822910658858000,48.97085791015625,1.984326958656311,0.7870432734489441,9.571490287780762
1700822910668868000,48.9808681640625,1.9862873554229736,0.7764742374420166,9.571945190429688
1700822910678851000,48.99085107421875,1.990445852279663,0.7692191004753113,9.571667671203613
1700822910688721000,49.00072094726563,1.999100685119629,0.765242338180542,9.570182800292969
1700822910698835000,49.0108349609375,2.00931453704834,0.7596531510353088,9.568489074707031
1700822910708814000,49.02081396484375,2.018373727798462,0.752419114112854,9.567152976989746
1700822910719174000,49.031173828125,2.0238399505615234,0.7444985508918762,9.566619873046875
1700822910728821000,49.04082104492188,2.023603916168213,0.7375868558883667,9.567203521728516
1700822910738829000,49.0508291015625,2.0216705799102783,0.7306456565856934,9.568144798278809
1700822910748970000,49.06096997070313,2.0224127769470215,0.723978579044342,9.568495750427246
1700822910759026000,49.07102587890625,2.030064344406128,0.7180401682853699,9.56732177734375
1700822910768975000,49.08097509765625,2.0447568893432617,0.7132099270820618,9.564554214477539
1700822910778758000,49.0907578125,2.063638210296631,0.708871066570282,9.560821533203125
1700822910788797000,49.100796875,2.0836832523345947,0.703186571598053,9.556892395019531
1700822910799268000,49.11126806640625,2.1019539833068848,0.6961553692817688,9.553404808044434
1700822910808640000,49.120639892578126,2.114011526107788,0.6892030239105225,9.551247596740723
1700822910818682000,49.13068212890625,2.120755195617676,0.6809834837913513,9.55034351348877
1700822910828996000,49.14099609375,2.1203763484954834,0.6730445027351379,9.550990104675293
1700822910838652000,49.15065185546875,2.1165411472320557,0.6659627556800842,9.552337646484375
1700822910848656000,49.16065576171875,2.1124470233917236,0.6603288650512695,9.553634643554688
1700822910858894000,49.17089404296875,2.1096396446228027,0.6561945080757141,9.554539680480957
1700822910869080000,49.181080078125,2.1095545291900635,0.6532280445098877,9.554760932922363
1700822910878903000,49.19090307617188,2.1124842166900635,0.6498106718063354,9.554347038269043
1700822910888732000,49.20073193359375,2.1180508136749268,0.6443696618080139,9.553483009338379
1700822910899581000,49.21158081054688,2.126193046569824,0.6369435787200928,9.55217170715332
1700822910908705000,49.220705078125,2.132601022720337,0.6279320120811462,9.551340103149414
1700822910918897000,49.23089697265625,2.1353375911712646,0.6172995567321777,9.551423072814941
1700822910928759000,49.240759033203126,2.1360933780670166,0.6043351292610168,9.552082061767578
1700822910938756000,49.25075610351563,2.1383073329925537,0.5918529629707336,9.5523681640625
1700822910948923000,49.2609228515625,2.1416139602661133,0.5810410976409912,9.552290916442871
1700822910958802000,49.27080200195312,2.1435818672180176,0.572282612323761,9.55237865447998
1700822910968775000,49.28077490234375,2.1420395374298096,0.5642579793930054,9.553202629089355
1700822910978841000,49.290841064453126,2.1375560760498047,0.5540250539779663,9.554803848266602
1700822910988878000,49.300878173828124,2.1309659481048584,0.5398597717285156,9.557086944580078
1700822910998878000,49.3108779296875,2.123354196548462,0.5221115946769714,9.559768676757812
1700822911008840000,49.32083984375,2.121370792388916,0.5016936659812927,9.561301231384277
1700822911018868000,49.33086791992187,2.1221485137939453,0.4823676347732544,9.562124252319336
1700822911028894000,49.34089404296875,2.1181955337524414,0.4616811275482178,9.564021110534668
1700822911038859000,49.35085888671875,2.107438802719116,0.4389154613018036,9.56746768951416
1700822911048761000,49.360760986328124,2.0957884788513184,0.41889411211013794,9.570924758911133
1700822911058976000,49.37097607421875,2.0823869705200195,0.39784663915634155,9.574747085571289
1700822911068690000,49.38068994140625,2.0679118633270264,0.37760815024375916,9.578703880310059
1700822911078857000,49.39085693359375,2.0525872707366943,0.35756781697273254,9.582767486572266
1700822911088857000,49.40085717773437,2.0413060188293457,0.3407292068004608,9.585789680480957
1700822911098939000,49.41093896484375,2.0349247455596924,0.3281295597553253,9.587586402893066
1700822911108697000,49.42069702148437,2.0302791595458984,0.3197840452194214,9.588852882385254
1700822911118852000,49.43085205078125,2.025425910949707,0.31532442569732666,9.590025901794434
1700822911128861000,49.44086083984375,2.0198843479156494,0.31283584237098694,9.591278076171875
1700822911138870000,49.4508701171875,2.0160322189331055,0.3108507990837097,9.592151641845703
1700822911148983000,49.460983154296876,2.0132973194122314,0.3078896105289459,9.592823028564453
1700822911158909000,49.47090893554687,2.0116031169891357,0.3038710057735443,9.593305587768555
1700822911168978000,49.48097802734375,2.0100951194763184,0.3008481562137604,9.59371566772461
1700822911178926000,49.49092602539063,2.007974863052368,0.3010062873363495,9.594156265258789
1700822911188871000,49.50087084960938,2.0052804946899414,0.30522972345352173,9.594585418701172
1700822911198648000,49.51064794921875,2.002223014831543,0.3121268153190613,9.595003128051758
1700822911208609000,49.52060913085938,1.9981768131256104,0.319561630487442,9.595601081848145
1700822911218760000,49.53076000976562,1.993613600730896,0.3257201611995697,9.596343040466309
1700822911228864000,49.54086401367187,1.9893888235092163,0.3284039795398712,9.597128868103027
1700822911238759000,49.55075903320313,1.9874756336212158,0.32762831449508667,9.597551345825195
1700822911248876000,49.5608759765625,1.989346981048584,0.32515639066696167,9.597247123718262
1700822911258759000,49.570759033203124,1.9926713705062866,0.3232341706752777,9.596623420715332
1700822911268745000,49.580744873046875,1.9953547716140747,0.3238505721092224,9.596043586730957
1700822911278757000,49.59075708007813,1.996164321899414,0.32924890518188477,9.59569263458252
1700822911288738000,49.60073803710937,1.9957153797149658,0.33998337388038635,9.595412254333496
1700822911298962000,49.6109619140625,1.994825839996338,0.35661885142326355,9.594992637634277
1700822911308766000,49.62076586914063,1.99553382396698,0.36886197328567505,9.594383239746094
1700822911318852000,49.63085205078125,1.9987252950668335,0.37546324729919434,9.593461990356445
1700822911328766000,49.64076586914062,2.003695011138916,0.37907910346984863,9.592284202575684
1700822911338815000,49.65081494140625,2.008779525756836,0.3781663775444031,9.591255187988281
1700822911348750000,49.66075,2.0144522190093994,0.3745598793029785,9.59020709991455
1700822911358732000,49.67073193359375,2.021048069000244,0.3700818717479706,9.588994026184082
1700822911368876000,49.6808759765625,2.02714467048645,0.36635348200798035,9.587849617004395
1700822911379038000,49.69103784179688,2.0320112705230713,0.36658555269241333,9.586811065673828
1700822911389031000,49.70103100585938,2.034431219100952,0.3709299862384796,9.586130142211914
1700822911398969000,49.71096899414062,2.0322368144989014,0.37716859579086304,9.586352348327637
1700822911408830000,49.720829833984375,2.0282585620880127,0.38342180848121643,9.586946487426758
1700822911418875000,49.730875,2.027214527130127,0.3880459666252136,9.586980819702148
1700822911428919000,49.7409189453125,2.0289576053619385,0.3909294009208679,9.586496353149414
1700822911438865000,49.750864990234376,2.031017541885376,0.39119741320610046,9.586048126220703
1700822911448896000,49.76089599609375,2.0355870723724365,0.3883148431777954,9.585195541381836
1700822911458693000,49.77069311523437,2.0425734519958496,0.38197600841522217,9.583965301513672
1700822911468819000,49.78081884765625,2.050276517868042,0.37274056673049927,9.582683563232422
1700822911478978000,49.79097802734375,2.054763078689575,0.36552345752716064,9.582000732421875
1700822911488866000,49.80086596679688,2.0549156665802,0.36144641041755676,9.582123756408691
1700822911498741000,49.81074096679688,2.05232834815979,0.3590943217277527,9.582765579223633
1700822911508870000,49.820869873046874,2.049978256225586,0.3576478958129883,9.58332347869873
1700822911518953000,49.83095288085938,2.051276206970215,0.3582017421722412,9.583024978637695
1700822911528932000,49.84093212890625,2.056666612625122,0.36148732900619507,9.581745147705078
1700822911539442000,49.85144189453125,2.0657846927642822,0.36599430441856384,9.579612731933594
1700822911548738000,49.86073803710938,2.075739622116089,0.36983606219291687,9.577313423156738
1700822911558896000,49.87089624023437,2.0846500396728516,0.3729293644428253,9.575258255004883
1700822911568671000,49.8806708984375,2.0929031372070312,0.37503451108932495,9.57337474822998
1700822911578828000,49.890828125,2.1021268367767334,0.3778025209903717,9.571245193481445
1700822911588842000,49.90084204101562,2.1120731830596924,0.3815305829048157,9.568906784057617
1700822911599007000,49.91100708007812,2.122600793838501,0.38639381527900696,9.566381454467773
1700822911608811000,49.92081103515625,2.132866859436035,0.39278995990753174,9.563838958740234
1700822911618675000,49.93067504882813,2.140850305557251,0.3996811807155609,9.561768531799316
1700822911628803000,49.94080297851563,2.146756887435913,0.40812546014785767,9.560086250305176
1700822911638909000,49.95090893554688,2.150620698928833,0.41722384095191956,9.558825492858887
1700822911648674000,49.960674072265626,2.153438091278076,0.426795095205307,9.557769775390625
1700822911658672000,49.97067211914062,2.1565356254577637,0.43700289726257324,9.556609153747559
1700822911668808000,49.980807861328124,2.1588058471679688,0.4465177357196808,9.555657386779785
1700822911678781000,49.990781005859375,2.1610264778137207,0.45576927065849304,9.554718017578125
1700822911688808000,50.00080786132813,2.1637535095214844,0.4633224606513977,9.553736686706543
1700822911698744000,50.010744140625,2.166818141937256,0.4684431552886963,9.5527925491333
1700822911708788000,50.0207880859375,2.1693263053894043,0.4708113372325897,9.552107810974121
1700822911718778000,50.03077807617188,2.171168804168701,0.4706333577632904,9.55169677734375
1700822911728887000,50.040886962890625,2.1727709770202637,0.4697916507720947,9.551374435424805
1700822911738876000,50.0508759765625,2.1748175621032715,0.4696972370147705,9.55091381072998
1700822911749074000,50.06107397460938,2.1736698150634766,0.47138944268226624,9.551092147827148
1700822911759020000,50.07102001953125,2.169616460800171,0.4737316071987152,9.551898002624512
1700822911768938000,50.08093798828125,2.1656322479248047,0.47578299045562744,9.552699089050293
1700822911778856000,50.09085595703125,2.163405656814575,0.4779711663722992,9.553094863891602
1700822911789125000,50.101125,2.1634905338287354,0.4794219434261322,9.55300235748291
1700822911799025000,50.11102490234375,2.163723945617676,0.4793015420436859,9.552955627441406
1700822911808945000,50.12094482421875,2.168104410171509,0.4766291081905365,9.552096366882324
1700822911818849000,50.13084912109375,2.1737377643585205,0.4718605577945709,9.55105209350586
1700822911828892000,50.14089184570312,2.179624319076538,0.4665279686450958,9.549973487854004
1700822911839021000,50.15102099609375,2.1856331825256348,0.462123304605484,9.54881477355957
1700822911848921000,50.160921142578125,2.1914474964141846,0.4596966505050659,9.547597885131836
1700822911858684000,50.17068383789063,2.1964683532714844,0.45932433009147644,9.54646110534668
1700822911868663000,50.1806630859375,2.200707197189331,0.4601181149482727,9.54544734954834
1700822911878683000,50.19068286132813,2.2053475379943848,0.46138855814933777,9.544315338134766
1700822911888658000,50.20065795898437,2.211296796798706,0.46217912435531616,9.542901039123535
1700822911898640000,50.21063989257812,2.219200849533081,0.46277475357055664,9.541036605834961
1700822911908636000,50.220635986328126,2.228309154510498,0.4632718861103058,9.538890838623047
1700822911918659000,50.2306591796875,2.237938404083252,0.46328094601631165,9.536633491516113
1700822911928744000,50.240743896484375,2.247299909591675,0.46320292353630066,9.534436225891113
1700822911938617000,50.2506171875,2.256084442138672,0.46454498171806335,9.53229808807373
1700822911948789000,50.2607890625,2.2635014057159424,0.4664137065410614,9.53044605255127
1700822911958777000,50.270777099609376,2.269139051437378,0.4683823585510254,9.529008865356445
1700822911968774000,50.28077392578125,2.2725400924682617,0.47048869729042053,9.528095245361328
1700822911978895000,50.29089501953125,2.2741427421569824,0.472836434841156,9.527596473693848
1700822911988718000,50.30071801757813,2.2743232250213623,0.47469404339790344,9.527460098266602
1700822911998970000,50.31097021484375,2.2740437984466553,0.4758513867855072,9.527470588684082
1700822912010968000,50.32296801757813,2.273874282836914,0.47696781158447266,9.527454376220703
1700822912028811000,50.34081103515625,2.2736425399780273,0.4805983006954193,9.527326583862305
1700822912038775000,50.350775146484374,2.2732458114624023,0.48471683263778687,9.527213096618652
1700822912048801000,50.36080102539062,2.273068904876709,0.490982323884964,9.526935577392578
1700822912058791000,50.370791015625,2.2726330757141113,0.4969567060470581,9.526729583740234
1700822912068828000,50.38082788085938,2.271700620651245,0.5002420544624329,9.526780128479004
1700822912078650000,50.390650146484376,2.2714598178863525,0.501528263092041,9.526768684387207
1700822912088927000,50.40092700195312,2.2723796367645264,0.5022413730621338,9.526511192321777
1700822912098993000,50.410992919921874,2.273925542831421,0.5025879740715027,9.526124954223633
1700822912108780000,50.42078002929688,2.2750203609466553,0.5034312009811401,9.525818824768066
1700822912118962000,50.4309619140625,2.274329662322998,0.5045228004455566,9.525925636291504
1700822912128829000,50.44082885742188,2.2722244262695312,0.5064858794212341,9.526324272155762
1700822912138819000,50.45081909179687,2.27097225189209,0.5091533660888672,9.526481628417969
1700822912148642000,50.46064208984375,2.270327091217041,0.5117404460906982,9.526496887207031
1700822912158809000,50.47080908203125,2.2687034606933594,0.5121244788169861,9.526863098144531
1700822912168661000,50.48066088867188,2.265603542327881,0.510471761226654,9.527688026428223
1700822912178783000,50.490782958984376,2.2615716457366943,0.5068091154098511,9.528841972351074
1700822912188843000,50.50084301757813,2.255998373031616,0.500045895576477,9.530519485473633
1700822912198746000,50.51074609375,2.2474935054779053,0.4941738247871399,9.5328369140625
1700822912208813000,50.52081298828125,2.2348361015319824,0.4892515540122986,9.536066055297852
1700822912218826000,50.53082592773438,2.21956467628479,0.48558309674263,9.539819717407227
1700822912228815000,50.540815185546876,2.206160068511963,0.48357057571411133,9.543028831481934
1700822912238798000,50.55079809570312,2.197152853012085,0.4820820987224579,9.545183181762695
1700822912249139000,50.56113891601562,2.191908836364746,0.4796946048736572,9.5465087890625
1700822912258825000,50.57082495117187,2.1894500255584717,0.4759998619556427,9.547256469726562
1700822912268799000,50.58079907226563,2.189826011657715,0.4707072973251343,9.54743480682373
1700822912278817000,50.59081713867187,2.1920254230499268,0.46431964635849,9.547243118286133
1700822912288735000,50.60073486328125,2.1930904388427734,0.45817720890045166,9.547294616699219
1700822912298795000,50.610794921875,2.1904964447021484,0.453398734331131,9.548118591308594
1700822912308797000,50.620796875,2.181626081466675,0.44944414496421814,9.550334930419922
1700822912318888000,50.630887939453125,2.1684722900390625,0.44712942838668823,9.553439140319824
1700822912328835000,50.6408349609375,2.152890920639038,0.4465557336807251,9.556990623474121
1700822912338821000,50.65082104492188,2.1356732845306396,0.44723671674728394,9.560820579528809
1700822912349275000,50.66127490234375,2.121670961380005,0.44857117533683777,9.563874244689941
1700822912358862000,50.670862060546874,2.1120057106018066,0.44938480854034424,9.565974235534668
1700822912368835000,50.6808349609375,2.1049911975860596,0.4476841390132904,9.56760025024414
1700822912378867000,50.690866943359374,2.09899640083313,0.4432032108306885,9.56912612915039
1700822912388966000,50.7009658203125,2.09415602684021,0.43770548701286316,9.570440292358398
1700822912398977000,50.71097705078125,2.0907161235809326,0.43366995453834534,9.571375846862793
1700822912408837000,50.720837158203125,2.0842068195343018,0.4306128919124603,9.5729341506958
1700822912418957000,50.73095703125,2.0713114738464355,0.4275315999984741,9.5758695602417
1700822912429028000,50.74102807617187,2.055220127105713,0.42419660091400146,9.579483985900879
1700822912438722000,50.75072216796875,2.039475917816162,0.420970618724823,9.582991600036621
1700822912449583000,50.7615830078125,2.027273416519165,0.41738399863243103,9.585737228393555
1700822912459022000,50.77102197265625,2.018402099609375,0.4142407476902008,9.58774471282959
1700822912469015000,50.78101513671875,2.0115253925323486,0.4107184112071991,9.589341163635254
1700822912478924000,50.790924072265625,2.006479024887085,0.4065776467323303,9.590574264526367
1700822912488876000,50.8008759765625,2.0026073455810547,0.4013458788394928,9.591604232788086
1700822912499174000,50.811173828125,1.9982683658599854,0.39632105827331543,9.592719078063965
1700822912508942000,50.820942138671874,1.992920994758606,0.3928270637989044,9.593975067138672
1700822912521164000,50.8331640625,1.9868632555007935,0.39215195178985596,9.595257759094238
1700822912529440000,50.84143994140625,1.9805017709732056,0.392647922039032,9.596553802490234
1700822912538912000,50.850912109375,1.973419189453125,0.39377838373184204,9.597967147827148
1700822912548698000,50.860697998046874,1.9654377698898315,0.3941182792186737,9.599590301513672
1700822912558765000,50.87076513671875,1.956251859664917,0.3914510905742645,9.601573944091797
1700822912568720000,50.880719970703126,1.9476945400238037,0.38792672753334045,9.603456497192383
1700822912579238000,50.89123779296875,1.9388021230697632,0.3831070363521576,9.605450630187988
1700822912588779000,50.90077905273437,1.9299484491348267,0.37884676456451416,9.607401847839355
1700822912598768000,50.91076806640625,1.921470046043396,0.37723758816719055,9.60916519165039
1700822912608742000,50.920741943359374,1.9139490127563477,0.3796510696411133,9.610570907592773
1700822912618640000,50.93063989257813,1.9070254564285278,0.3846548795700073,9.611747741699219
1700822912628945000,50.94094482421875,1.8996200561523438,0.39035192131996155,9.612983703613281
1700822912639051000,50.951051025390626,1.8928799629211426,0.3955605924129486,9.614100456237793
1700822912649075000,50.961074951171874,1.8879979848861694,0.40157559514045715,9.614812850952148
1700822912659046000,50.9710458984375,1.8844585418701172,0.4082850515842438,9.615222930908203
1700822912668966000,50.9809658203125,1.8819859027862549,0.4149196445941925,9.615423202514648
1700822912678918000,50.99091796875,1.8801064491271973,0.4215507507324219,9.61550235748291
1700822912688625000,51.000625,1.8764559030532837,0.4286831021308899,9.615900993347168
1700822912698865000,51.010864990234374,1.870975136756897,0.43732351064682007,9.61658000946045
1700822912708625000,51.020625,1.8637914657592773,0.44799891114234924,9.61748218536377
1700822912718754000,51.03075415039063,1.8555023670196533,0.46307024359703064,9.61837100982666
1700822912728796000,51.0407958984375,1.8465815782546997,0.4827057719230652,9.619122505187988
1700822912738678000,51.05067797851562,1.836181640625,0.5022098422050476,9.62011432647705
1700822912748859000,51.06085888671875,1.8237310647964478,0.5175190567970276,9.621671676635742
1700822912758680000,51.07068017578125,1.8121387958526611,0.5255491733551025,9.623427391052246
1700822912768808000,51.080807861328125,1.800523281097412,0.5245785713195801,9.625659942626953
1700822912778973000,51.090972900390625,1.787000298500061,0.5140039920806885,9.628748893737793
1700822912788881000,51.100880859375,1.7723931074142456,0.49607235193252563,9.632389068603516
1700822912798784000,51.11078393554688,1.7563588619232178,0.47390055656433105,9.636441230773926
1700822912808877000,51.120876953125,1.7396965026855469,0.4494380056858063,9.64063549041748
1700822912818872000,51.1308720703125,1.723718285560608,0.4268547296524048,9.64453125
1700822912828901000,51.14090112304687,1.7052960395812988,0.40615299344062805,9.648698806762695
1700822912838875000,51.150875,1.685326099395752,0.3870803415775299,9.65299129486084
1700822912848895000,51.16089501953125,1.6646485328674316,0.3682730495929718,9.657313346862793
1700822912858835000,51.1708349609375,1.6402090787887573,0.34871408343315125,9.66222095489502
1700822912868884000,51.18088403320313,1.6013017892837524,0.3269082009792328,9.66950798034668
1700822912878902000,51.190902099609374,1.5519695281982422,0.3036643862724304,9.678303718566895
1700822912888885000,51.20088500976563,1.5029442310333252,0.2824816107749939,9.686680793762207
1700822912898870000,51.2108701171875,1.472596526145935,0.26872488856315613,9.691730499267578
1700822912909032000,51.22103198242188,1.4394093751907349,0.25282618403434753,9.697142601013184
1700822912922753000,51.2347529296875,1.4023457765579224,0.23294512927532196,9.703068733215332
1700822912938656000,51.250656005859376,1.3256686925888062,0.18670155107975006,9.714841842651367
1700822912948644000,51.26064404296875,1.282103180885315,0.16393354535102844,9.721097946166992
1700822912958651000,51.27065087890625,1.240710735321045,0.14385785162448883,9.726784706115723
1700822912968885000,51.280885009765626,1.2007179260253906,0.12422581017017365,9.732072830200195
1700822912978867000,51.290866943359376,1.2885833978652954,0.09582476317882538,9.721151351928711
1700822912988834000,51.300833984375,1.3482376337051392,0.11239274591207504,9.712879180908203
1700822912998711000,51.3107109375,1.32328462600708,0.09985709190368652,9.716448783874512
1700822913008732000,51.32073193359375,1.3133999109268188,0.0938517153263092,9.717848777770996
1700822913018791000,51.330791015625,1.305227518081665,0.09253916889429092,9.718961715698242
1700822913028774000,51.34077392578125,1.3009456396102905,0.09017565101385117,9.719557762145996
1700822913038777000,51.350777099609374,1.2987260818481445,0.08617635816335678,9.719891548156738
1700822913048798000,51.3607978515625,1.2894783020019531,0.080498605966568,9.721169471740723
1700822913058641000,51.37064086914062,1.2674198150634766,0.07272797077894211,9.72413158416748
1700822913068751000,51.380751220703125,1.2370524406433105,0.0628124326467514,9.728110313415527
1700822913078777000,51.39077709960937,1.205816388130188,0.05150631442666054,9.732099533081055
1700822913088790000,51.4007900390625,1.1776564121246338,0.039541445672512054,9.735602378845215
1700822913098670000,51.41067016601563,1.1550242900848389,0.0283256396651268,9.73835277557373
1700822913108901000,51.420901123046875,1.1380882263183594,0.01797492429614067,9.740370750427246
1700822913118639000,51.43063916015625,1.291799783706665,0.06660831719636917,9.720967292785645
1700822913128741000,51.4407412109375,1.29404616355896,0.05766600742936134,9.720725059509277
1700822913138808000,51.45080810546875,1.3044064044952393,0.04847937077283859,9.719390869140625
1700822913148820000,51.460820068359375,1.316659927368164,0.040486909449100494,9.717775344848633
1700822913158908000,51.47090795898438,1.32997727394104,0.034383624792099,9.715985298156738
1700822913168725000,51.48072509765625,1.3418803215026855,0.031685762107372284,9.714357376098633
1700822913178860000,51.490860107421874,1.35079026222229,0.029672669246792793,9.713129997253418
1700822913188842000,51.50084204101562,1.3642244338989258,0.028733927756547928,9.711255073547363
1700822913198786000,51.5107861328125,1.384840965270996,0.029756255447864532,9.708332061767578
1700822913208726000,51.52072607421875,1.5552650690078735,0.11980974674224854,9.68179702758789
1700822913218915000,51.5309150390625,1.647125482559204,0.1526227593421936,9.666130065917969
1700822913228881000,51.540880859375,1.6979126930236816,0.15845687687397003,9.657244682312012
1700822913238768000,51.55076806640625,1.7367395162582397,0.15871377289295197,9.650333404541016
1700822913248763000,51.56076293945313,1.7711822986602783,0.15986499190330505,9.64405345916748
1700822913258908000,51.57090795898438,1.799458384513855,0.15964959561824799,9.638819694519043
1700822913268754000,51.58075390625,1.8293722867965698,0.1545402854681015,9.633270263671875
1700822913278794000,51.5907939453125,1.8498715162277222,0.1440305858850479,9.629518508911133
1700822913288773000,51.60077319335937,1.8647292852401733,0.13108927011489868,9.626836776733398
1700822913298811000,51.61081079101562,1.8862968683242798,0.12027648836374283,9.62277603149414
1700822913308765000,51.62076489257812,1.9275401830673218,0.1168108582496643,9.614642143249512
1700822913318739000,51.63073901367188,2.004709482192993,0.12930794060230255,9.598688125610352
1700822913328814000,51.64081396484375,2.1285083293914795,0.16735124588012695,9.571407318115234
1700822913338832000,51.650831787109375,2.237866163253784,0.2089461237192154,9.545610427856445
1700822913348802000,51.66080200195312,2.305593490600586,0.24080489575862885,9.528726577758789
1700822913358709000,51.670708984375,2.3552281856536865,0.27138710021972656,9.515758514404297
1700822913368825000,51.6808251953125,2.3862340450286865,0.27182137966156006,9.508018493652344
1700822913378801000,51.69080078125,2.4140195846557617,0.2715139389038086,9.501009941101074
1700822913388845000,51.70084497070312,2.43943452835083,0.2678597867488861,9.494619369506836
1700822913398835000,51.7108349609375,2.463123321533203,0.2602490186691284,9.488713264465332
1700822913408807000,51.72080688476562,2.4955577850341797,0.2460305243730545,9.480615615844727
1700822913418670000,51.73067016601563,2.5363237857818604,0.22855712473392487,9.470229148864746
1700822913428818000,51.74081787109375,2.5828871726989746,0.2100336253643036,9.458064079284668
1700822913438828000,51.750828125,2.6245641708374023,0.19801263511180878,9.446842193603516
1700822913448932000,51.76093212890625,2.6576738357543945,0.19279198348522186,9.437690734863281
1700822913458662000,51.77066186523437,2.681940793991089,0.1922130137681961,9.430834770202637
1700822913468979000,51.78097900390625,2.6995017528533936,0.19455811381340027,9.425775527954102
1700822913478859000,51.79085888671875,2.7051258087158203,0.1963210254907608,9.424125671386719
1700822913488955000,51.80095483398438,2.701545000076294,0.19190643727779388,9.425243377685547
1700822913498883000,51.81088305664063,2.698861598968506,0.1843818873167038,9.426162719726562
1700822913508849000,51.82084887695312,2.698810577392578,0.17394553124904633,9.426374435424805
1700822913518856000,51.83085595703125,2.6976308822631836,0.16025428473949432,9.426957130432129
1700822913528845000,51.840844970703124,2.69450044631958,0.14176204800605774,9.42814826965332
1700822913538861000,51.85086108398438,2.6911792755126953,0.11857464909553528,9.42941665649414
1700822913548833000,51.8608330078125,2.6776373386383057,0.09461656212806702,9.433541297912598
1700822913559104000,51.87110400390625,2.646104097366333,0.07076923549175262,9.442644119262695
1700822913569072000,51.88107202148438,2.613208532333374,0.04357318580150604,9.45196533203125
1700822913578884000,51.89088403320312,2.579862594604492,0.012165654450654984,9.461213111877441
1700822913588804000,51.90080419921875,2.5398008823394775,-0.02461889386177063,9.472023010253906
1700822913598823000,51.910822998046875,2.497119665145874,-0.06290069222450256,9.483186721801758
1700822913608771000,51.92077099609375,2.442835569381714,-0.09568214416503906,9.497040748596191
1700822913618702000,51.9307021484375,2.3722991943359375,-0.12019027024507523,9.514628410339355
1700822913628832000,51.94083203125,2.2935893535614014,-0.1392626315355301,9.533648490905762
1700822913638869000,51.95086889648437,2.202735424041748,-0.15880027413368225,9.554743766784668
1700822913648848000,51.960847900390625,2.0920958518981934,-0.18355624377727509,9.579136848449707
1700822913658865000,51.970864990234375,1.9748913049697876,-0.21456658840179443,9.603342056274414
1700822913668870000,51.98086987304688,1.852675199508667,-0.2496419996023178,9.626819610595703
1700822913678830000,51.990830078125,1.7300220727920532,-0.2811152935028076,9.648752212524414
1700822913688817000,52.00081689453125,1.5974359512329102,-0.30871787667274475,9.670743942260742
1700822913698670000,52.01067016601562,1.461008071899414,-0.33312633633613586,9.691485404968262
1700822913708805000,52.02080517578125,1.3182470798492432,-0.3538224995136261,9.711202621459961
1700822913718813000,52.03081298828125,1.17452871799469,-0.36517390608787537,9.72921085357666
1700822913728768000,52.04076806640625,1.0203608274459839,-0.3659811317920685,9.746554374694824
1700822913738671000,52.050671142578125,0.8711407780647278,-0.3630266785621643,9.761133193969727
1700822913749006000,52.06100610351562,0.6983832716941833,-0.35904958844184875,9.775158882141113
1700822913758996000,52.070995849609375,0.5244298577308655,-0.35476154088974,9.7861909866333
1700822913768844000,52.08084399414062,0.34619683027267456,-0.3495928943157196,9.794300079345703
1700822913778780000,52.09077978515625,0.15504005551338196,-0.34309184551239014,9.799420356750488
1700822913788803000,52.100802978515624,-0.04632628336548805,-0.33783847093582153,9.800719261169434
1700822913798949000,52.11094921875,-0.2327577918767929,-0.33200347423553467,9.798264503479004
1700822913809104000,52.121103759765624,-0.41841742396354675,-0.3275643289089203,9.792243957519531
1700822913818862000,52.130862060546875,-0.6215957999229431,-0.32486382126808167,9.781537055969238
1700822913828892000,52.14089184570312,-0.8163391947746277,-0.32287323474884033,9.767279624938965
1700822913838794000,52.1507939453125,-1.0086933374404907,-0.31967678666114807,9.749397277832031
1700822913848807000,52.16080688476563,-1.2125647068023682,-0.31592094898223877,9.726268768310547
1700822913859034000,52.1710341796875,-1.4149998426437378,-0.3103407919406891,9.699063301086426
1700822913868906000,52.18090600585938,-1.6082435846328735,-0.3039379417896271,9.669102668762207
1700822913878959000,52.190958984375,-1.789575219154358,-0.3019043803215027,9.63725471496582
1700822913888876000,52.2008759765625,-1.9648025035858154,-0.30895695090293884,9.602839469909668
1700822913898749000,52.2107490234375,-2.1425256729125977,-0.32435500621795654,9.564244270324707
1700822913909024000,52.22102392578125,-2.328909158706665,-0.34378451108932495,9.519892692565918
1700822913919019000,52.23101904296875,-2.5081756114959717,-0.3647267520427704,9.47346019744873
1700822913929037000,52.241037109375,-2.682157278060913,-0.3842763900756836,9.42490005493164
1700822913938748000,52.250747802734374,-2.8485326766967773,-0.3992758095264435,9.37533187866211
1700822913948938000,52.26093798828125,-3.0058112144470215,-0.4094496965408325,9.325654983520508
1700822913962922000,52.274921875,-3.139788866043091,-0.41502222418785095,9.281156539916992
1700822913979019000,52.29101904296875,-3.3680520057678223,-0.42109277844429016,9.200507164001465
1700822913989281000,52.30128100585937,-3.476447820663452,-0.42696255445480347,9.159826278686523
1700822914000110000,52.31211010742187,-3.5824410915374756,-0.43589112162590027,9.118473052978516
1700822914008759000,52.320759033203124,-3.6855413913726807,-0.44851213693618774,9.076676368713379
1700822914018736000,52.33073608398438,-3.7780585289001465,-0.46171969175338745,9.037893295288086
1700822914028786000,52.340785888671874,-3.8596889972686768,-0.47144263982772827,9.002827644348145
1700822914038756000,52.35075610351562,-3.923807144165039,-0.47631022334098816,8.974811553955078
1700822914048835000,52.3608349609375,-3.9744341373443604,-0.47597938776016235,8.952524185180664
1700822914058647000,52.37064697265625,-4.013935565948486,-0.4701780080795288,8.935192108154297
1700822914068816000,52.38081591796875,-4.034308910369873,-0.46163055300712585,8.926458358764648
1700822914078762000,52.39076196289062,-4.029198169708252,-0.45231589674949646,8.929242134094238
1700822914088903000,52.40090283203125,-3.994119644165039,-0.44695261120796204,8.945256233215332
1700822914098864000,52.410864013671876,-3.9269869327545166,-0.44137540459632874,8.975205421447754
1700822914108907000,52.420906982421876,-3.8112432956695557,-0.426669716835022,9.025673866271973
1700822914118857000,52.43085693359375,-3.6879196166992188,-0.413181871175766,9.077386856079102
1700822914128827000,52.44082690429688,-3.5439486503601074,-0.3970300555229187,9.135271072387695
1700822914138808000,52.45080810546875,-3.3751437664031982,-0.3742942214012146,9.199928283691406
1700822914148778000,52.46077807617188,-3.194563627243042,-0.35101738572120667,9.265092849731445
1700822914158803000,52.47080297851563,-3.006345272064209,-0.3282864987850189,9.328694343566895
1700822914168660000,52.480659912109374,-2.818922519683838,-0.3038824200630188,9.38785171508789
1700822914178859000,52.49085888671875,-2.618295192718506,-0.2763078808784485,9.446617126464844
1700822914188990000,52.50098999023437,-2.4073522090911865,-0.24329409003257751,9.50346565246582
1700822914198882000,52.510882080078126,-2.185049057006836,-0.20459523797035217,9.55793285369873
1700822914209294000,52.52129418945312,-1.955519199371338,-0.15986937284469604,9.608370780944824
1700822914218892000,52.53089208984375,-1.7348583936691284,-0.1126125305891037,9.651321411132812
1700822914228728000,52.54072802734375,-1.5158333778381348,-0.06863193213939667,9.688546180725098
1700822914238918000,52.55091796875,-1.2853397130966187,-0.031239479780197144,9.722002029418945
1700822914248754000,52.56075390625,-1.0120850801467896,0.0005263619823381305,9.754284858703613
1700822914258826000,52.570825927734376,-0.7003899216651917,0.01678016223013401,9.781594276428223
1700822914268834000,52.580833984375,-0.4073758125305176,0.02840104140341282,9.798144340515137
1700822914278844000,52.59084399414063,-0.15632058680057526,0.055127136409282684,9.805249214172363
1700822914288852000,52.60085205078125,0.01282587181776762,0.08592355251312256,9.806266784667969
1700822914298817000,52.61081713867188,0.09208660572767258,0.1105056181550026,9.805595397949219
1700822914308807000,52.62080688476563,0.11981047689914703,0.13339227437973022,9.805010795593262
1700822914318933000,52.63093310546875,0.09293883293867111,0.1596381962299347,9.804912567138672
1700822914329902000,52.641902099609375,0.02242211438715458,0.19073504209518433,9.804769515991211
1700822914338941000,52.65094091796875,-0.06886617839336395,0.22019962966442108,9.803936958312988
1700822914348753000,52.6607529296875,-0.18192659318447113,0.24327830970287323,9.801945686340332
1700822914358950000,52.67094995117188,-0.30750149488449097,0.26142069697380066,9.798341751098633
1700822914368787000,52.680786865234374,-0.44527971744537354,0.276653915643692,9.79262924194336
1700822914378840000,52.69084008789063,-0.5792359113693237,0.2806380093097687,9.785506248474121
1700822914388875000,52.700875,-0.7203649282455444,0.26479747891426086,9.776572227478027
1700822914398816000,52.71081591796875,-0.8600671291351318,0.2230585217475891,9.766316413879395
1700822914408823000,52.72082299804688,-0.9855689406394958,0.184195414185524,9.755260467529297
1700822914418833000,52.7308330078125,-1.0895500183105469,0.15732961893081665,9.74466609954834
1700822914428950000,52.74094995117188,-1.1818228960037231,0.1395636647939682,9.734179496765137
1700822914438841000,52.75084106445313,-1.2802531719207764,0.12227701395750046,9.721954345703125
1700822914448813000,52.76081298828125,-1.3905209302902222,0.09653934091329575,9.707084655761719
1700822914458868000,52.770867919921876,-1.509037971496582,0.0582704022526741,9.689675331115723
1700822914468822000,52.780822021484376,-1.627730369567871,0.007225567474961281,9.670618057250977
1700822914479084000,52.791083984375,-1.720793604850769,-0.050469666719436646,9.654364585876465
1700822914488911000,52.8009111328125,-1.787293791770935,-0.11299071460962296,9.641743659973145
1700822914499017000,52.81101684570312,-1.8492977619171143,-0.16847644746303558,9.629230499267578
1700822914509394000,52.821393798828126,-1.9164488315582275,-0.21419045329093933,9.615182876586914
1700822914518928000,52.830927978515625,-1.9960297346115112,-0.2628554105758667,9.597769737243652
1700822914529019000,52.841018798828124,-2.0894439220428467,-0.3132435381412506,9.5763521194458
1700822914539001000,52.8510009765625,-2.1724908351898193,-0.361105352640152,9.55616569519043
1700822914548966000,52.8609658203125,-2.2004024982452393,-0.3924947679042816,9.54853630065918
1700822914558913000,52.8709130859375,-2.176434278488159,-0.4011100232601166,9.553671836853027
1700822914568955000,52.880954833984376,-2.1393990516662598,-0.3939034640789032,9.562332153320312
1700822914578869000,52.89086889648438,-2.1231772899627686,-0.3843810260295868,9.566336631774902
1700822914588962000,52.90096215820312,-2.1214218139648438,-0.3796873092651367,9.566913604736328
1700822914598865000,52.91086499023437,-2.1009368896484375,-0.37520286440849304,9.57160758972168
1700822914608967000,52.920966796875,-2.0463056564331055,-0.35817426443099976,9.584089279174805
1700822914618871000,52.93087109375,-1.977260708808899,-0.32475394010543823,9.59975814819336
1700822914628838000,52.940837890625,-1.9185832738876343,-0.2849661111831665,9.612920761108398
1700822914638863000,52.95086303710937,-1.8739947080612183,-0.24500732123851776,9.622811317443848
1700822914649010000,52.96101000976562,-1.8268139362335205,-0.20423604547977448,9.632830619812012
1700822914659070000,52.971070068359374,-1.7666207551956177,-0.1662307232618332,9.644779205322266
1700822914668824000,52.98082397460937,-1.7011860609054565,-0.1366436779499054,9.657003402709961
1700822914678875000,52.990875,-1.6133023500442505,-0.11557137966156006,9.672347068786621
1700822914688816000,53.00081616210937,-1.4853802919387817,-0.09612228721380234,9.69302749633789
1700822914698823000,53.010822998046876,-1.3512985706329346,-0.07776976376771927,9.71279239654541
1700822914708954000,53.0209541015625,-1.2438292503356934,-0.061622053384780884,9.727254867553711
1700822914718867000,53.03086694335938,-1.1464073657989502,-0.048010874539613724,9.739293098449707
1700822914728954000,53.0409541015625,-1.0238990783691406,-0.01638677902519703,9.753039360046387
1700822914738895000,53.05089501953125,-0.8792811036109924,0.0180579274892807,9.767133712768555
1700822914749004000,53.06100415039062,-0.7281203866004944,0.0508238859474659,9.779449462890625
1700822914758766000,53.07076611328125,-0.580090343952179,0.08052168786525726,9.789146423339844
1700822914768913000,53.080912841796874,-0.4642803370952606,0.10074556618928909,9.795135498046875
1700822914779048000,53.0910478515625,-0.36956486105918884,0.12098843604326248,9.798937797546387
1700822914788976000,53.10097607421875,-0.24261780083179474,0.1473129689693451,9.802543640136719
1700822914798892000,53.11089208984375,-0.12031944841146469,0.17298486828804016,9.804386138916016
1700822914809031000,53.12103100585937,0.011008447036147118,0.1992185115814209,9.804620742797852
1700822914818848000,53.13084790039063,0.13070625066757202,0.21713440120220184,9.803375244140625
1700822914828957000,53.14095703125,0.24052374064922333,0.23002398014068604,9.801000595092773
1700822914838962000,53.1509619140625,0.3504047989845276,0.24488778412342072,9.79732894897461
1700822914848963000,53.16096313476562,0.4594939947128296,0.26445522904396057,9.792308807373047
1700822914859012000,53.17101220703125,0.5785752534866333,0.28714609146118164,9.785355567932129
1700822914868883000,53.180883056640624,0.7214111089706421,0.31287556886672974,9.775074005126953
1700822914878859000,53.19085888671875,0.869795024394989,0.3377244770526886,9.762162208557129
1700822914888842000,53.200842041015626,1.0108529329299927,0.3614583909511566,9.747713088989258
1700822914898922000,53.210921875,1.1329354047775269,0.3829357922077179,9.733458518981934
1700822914908776000,53.22077587890625,1.2504570484161377,0.402015745639801,9.718289375305176
1700822914918928000,53.23092797851562,1.3502936363220215,0.4154059886932373,9.704357147216797
1700822914928948000,53.24094799804688,1.440833568572998,0.4272404909133911,9.690813064575195
1700822914938752000,53.250751953125,1.5215084552764893,0.44127780199050903,9.677844047546387
1700822914948757000,53.26075708007812,1.595635175704956,0.4578869938850403,9.665125846862793
1700822914958659000,53.2706591796875,1.670058012008667,0.4749424457550049,9.651721954345703
1700822914968769000,53.28076904296875,1.7462384700775146,0.48892742395401,9.637530326843262
1700822914978763000,53.290762939453124,1.8131299018859863,0.4969342052936554,9.624760627746582
1700822914988814000,53.30081396484375,1.869863748550415,0.5007248520851135,9.613702774047852
1700822915000089000,53.31208911132813,1.9224604368209839,0.5043760538101196,9.603132247924805
1700822915008895000,53.32089501953125,1.9746671915054321,0.5090399384498596,9.592286109924316
1700822915024853000,53.33685302734375,2.0245909690856934,0.511533260345459,9.581741333007812
1700822915038675000,53.35067504882812,2.097374439239502,0.5112126469612122,9.56609058380127
1700822915048964000,53.36096411132812,2.123371124267578,0.5148167610168457,9.560159683227539
1700822915059109000,53.371109130859374,2.1444170475006104,0.5222533941268921,9.555057525634766
1700822915068650000,53.38064990234375,2.1622557640075684,0.5337190628051758,9.550402641296387
1700822915078719000,53.39071899414063,2.180177688598633,0.5506865382194519,9.545364379882812
1700822915088751000,53.40075122070313,2.1983790397644043,0.5720897316932678,9.539928436279297
1700822915098773000,53.41077294921875,2.220978021621704,0.5998448729515076,9.532986640930176
1700822915108893000,53.42089282226563,2.244267702102661,0.6266352534294128,9.525806427001953
1700822915118888000,53.43088793945312,2.2637882232666016,0.6485317349433899,9.519720077514648
1700822915128813000,53.44081298828125,2.278536319732666,0.6651911735534668,9.51505184173584
1700822915138779000,53.45077880859375,2.2863337993621826,0.676897406578064,9.512354850769043
1700822915148917000,53.4609169921875,2.285468101501465,0.6852996349334717,9.511959075927734
1700822915158834000,53.470833984375,2.281320333480835,0.6778489947319031,9.513490676879883
1700822915168687000,53.48068701171875,2.2757418155670166,0.6851108074188232,9.51430606842041
1700822915178839000,53.49083911132813,2.2717373371124268,0.6950210928916931,9.514544486999512
1700822915188951000,53.50095092773437,2.27275013923645,0.7076505422592163,9.513370513916016
1700822915198832000,53.51083203125,2.27693247795105,0.7202739119529724,9.51142406463623
1700822915208982000,53.52098193359375,2.252824068069458,0.7244210839271545,9.516846656799316
1700822915218950000,53.53094995117188,2.2396950721740723,0.7345497012138367,9.519170761108398
1700822915228805000,53.54080517578125,2.2161355018615723,0.7418202757835388,9.52411937713623
1700822915239012000,53.55101220703125,2.1697707176208496,0.739094614982605,9.53499984741211
1700822915249353000,53.56135302734375,2.114600896835327,0.7219192981719971,9.548700332641602
1700822915259226000,53.57122607421875,2.0672383308410645,0.6927818059921265,9.561223030090332
1700822915268946000,53.58094580078125,2.034071683883667,0.64615797996521,9.57159423828125
1700822915278700000,53.59069995117188,2.0262842178344727,0.5751742124557495,9.577774047851562
1700822915288994000,53.600994140625,2.041959047317505,0.5761764049530029,9.574384689331055
1700822915298811000,53.61081079101562,2.0644564628601074,0.5743520855903625,9.56966781616211
1700822915308829000,53.62082885742188,2.0933990478515625,0.5700920820236206,9.56363296508789
1700822915318692000,53.630692138671876,2.1248624324798584,0.5637757778167725,9.5570650100708
1700822915328824000,53.640823974609376,2.156747579574585,0.5563315749168396,9.550358772277832
1700822915338858000,53.65085791015625,2.1861155033111572,0.5492243766784668,9.544090270996094
1700822915348775000,53.66077490234375,2.20896577835083,0.5428594946861267,9.539191246032715
1700822915358834000,53.670833984375,2.1466665267944336,0.4368395209312439,9.558838844299316
1700822915368764000,53.68076391601563,2.1370697021484375,0.4053732454776764,9.56237506866455
1700822915378828000,53.690828125,2.134650230407715,0.38573068380355835,9.563727378845215
1700822915388805000,53.70080517578125,2.134676933288574,0.36397770047187805,9.564574241638184
1700822915398917000,53.71091723632812,2.1396801471710205,0.33701634407043457,9.564444541931152
1700822915408788000,53.7207880859375,2.1491267681121826,0.3021668493747711,9.56348991394043
1700822915418668000,53.73066796875,2.160461664199829,0.2563380002975464,9.562273979187012
1700822915428763000,53.74076293945313,2.1739273071289062,0.20938919484615326,9.560365676879883
1700822915438807000,53.75080712890625,2.1915283203125,0.17180150747299194,9.557095527648926
1700822915448776000,53.76077587890625,2.2037670612335205,0.1742313653230667,9.554237365722656
1700822915458992000,53.7709921875,2.212796926498413,0.17731939256191254,9.552091598510742
1700822915469023000,53.78102294921875,2.2166571617126465,0.18110446631908417,9.551127433776855
1700822915478728000,53.79072802734375,2.2189087867736816,0.18457388877868652,9.550538063049316
1700822915489017000,53.80101708984375,2.194934368133545,0.1754533052444458,9.55624771118164
1700822915499040000,53.8110400390625,2.136583089828491,0.16693741083145142,9.56961441040039
1700822915509050000,53.82105004882813,2.066502332687378,0.16357611119747162,9.585050582885742
1700822915518899000,53.83089892578125,2.0067408084869385,0.1707414835691452,9.597616195678711
1700822915529037000,53.841037109375,1.9511222839355469,0.18922260403633118,9.608731269836426
1700822915538751000,53.8507509765625,1.8964784145355225,0.2266235202550888,9.618856430053711
1700822915548846000,53.86084619140625,1.8437449932098389,0.2851485013961792,9.627548217773438
1700822915558851000,53.87085107421875,1.8021035194396973,0.3492363393306732,9.633320808410645
1700822915568795000,53.880794921875,1.762020468711853,0.41525837779045105,9.638113021850586
1700822915578833000,53.8908330078125,1.7171478271484375,0.47766223549842834,9.64332103729248
1700822915588798000,53.9007978515625,1.7130638360977173,0.48429012298583984,9.643716812133789
1700822915599103000,53.91110302734375,1.7013256549835205,0.49344754219055176,9.645330429077148
1700822915609582000,53.92158203125,1.6842011213302612,0.5026943683624268,9.647856712341309
1700822915618696000,53.93069604492187,1.6669152975082397,0.5104275941848755,9.650452613830566
1700822915628827000,53.94082690429688,1.6486425399780273,0.5178852081298828,9.65319538116455
1700822915638845000,53.95084497070312,1.635064959526062,0.5245295166969299,9.655145645141602
1700822915648833000,53.9608330078125,1.626734733581543,0.5318909883499146,9.656149864196777
1700822915659010000,53.97101000976563,1.622901439666748,0.5395119786262512,9.656373023986816
1700822915668818000,53.98081787109375,1.6201387643814087,0.5479749441146851,9.65635871887207
1700822915678893000,53.99089306640625,1.6160329580307007,0.5600234270095825,9.656356811523438
1700822915689239000,54.00123901367188,1.611498236656189,0.5754510164260864,9.656207084655762
1700822915699080000,54.011079833984375,1.6075457334518433,0.5928630232810974,9.655811309814453
1700822915709084000,54.021083984375,1.6059671640396118,0.6119281053543091,9.654885292053223
1700822915718830000,54.030830078125,1.6086671352386475,0.630690336227417,9.653228759765625
1700822915728832000,54.04083203125,1.6147387027740479,0.646477997303009,9.651168823242188
1700822915738787000,54.050787109375,1.6201345920562744,0.6572954654693604,9.649535179138184
1700822915749072000,54.06107177734375,1.6241517066955566,0.662811279296875,9.648481369018555
1700822915758828000,54.070828125,1.6275631189346313,0.6626730561256409,9.647917747497559
1700822915768853000,54.08085302734375,1.6325657367706299,0.6584334969520569,9.647361755371094
1700822915778836000,54.0908359375,1.6395241022109985,0.6520043611526489,9.646617889404297
1700822915788816000,54.10081591796875,1.6472173929214478,0.6449389457702637,9.645783424377441
1700822915798669000,54.1106689453125,1.655742883682251,0.6383607387542725,9.644760131835938
1700822915808712000,54.1207119140625,1.6676031351089478,0.6334235668182373,9.64304256439209
1700822915818817000,54.13081713867187,1.6850413084030151,0.6311822533607483,9.640158653259277
1700822915829033000,54.141032958984376,1.7073488235473633,0.6316682696342468,9.636200904846191
1700822915838820000,54.15082006835937,1.7285937070846558,0.6338637471199036,9.632266998291016
1700822915848814000,54.16081396484375,1.7487783432006836,0.6355085968971252,9.628515243530273
1700822915858816000,54.17081591796875,1.7693856954574585,0.6339078545570374,9.624855995178223
1700822915868617000,54.180616943359375,1.792603850364685,0.627609372138977,9.620969772338867
1700822915878638000,54.19063818359375,1.8192965984344482,0.6168085336685181,9.616657257080078
1700822915888740000,54.200739990234375,1.847795009613037,0.6030658483505249,9.61209487915039
1700822915898781000,54.210781005859374,1.8774141073226929,0.5876289010047913,9.60731029510498
1700822915908779000,54.22077905273437,1.9071325063705444,0.5730533003807068,9.602335929870605
1700822915919062000,54.23106201171875,1.935212254524231,0.5625403523445129,9.59733772277832
1700822915928833000,54.2408330078125,1.9565823078155518,0.5594374537467957,9.593185424804688
1700822915938929000,54.25092895507812,1.972090721130371,0.5631307363510132,9.589794158935547
1700822915948934000,54.260933837890626,1.9867594242095947,0.5720449686050415,9.586237907409668
1700822915959470000,54.27146997070312,2.0052847862243652,0.5797638893127441,9.581915855407715
1700822915968920000,54.280920166015626,2.020138740539551,0.5836135745048523,9.578561782836914
1700822915978955000,54.290955078125,2.031041383743286,0.5849135518074036,9.576175689697266
1700822915989069000,54.301069091796876,2.039846658706665,0.5866606831550598,9.574197769165039
1700822915998831000,54.3108310546875,2.046722650527954,0.5889555215835571,9.572588920593262
1700822916008877000,54.320876953125,2.0526368618011475,0.591586709022522,9.571159362792969
1700822916018686000,54.33068603515625,2.0623762607574463,0.5945724844932556,9.56888198852539
1700822916028738000,54.340738037109375,2.0775434970855713,0.5969988107681274,9.565446853637695
1700822916038813000,54.35081298828125,2.0939855575561523,0.5970295071601868,9.561861991882324
1700822916048758000,54.36075805664063,2.108900547027588,0.5937488675117493,9.558786392211914
1700822916059166000,54.371166015625,2.119288921356201,0.58668053150177,9.556925773620605
1700822916068866000,54.380865966796875,2.125288963317871,0.5768249034881592,9.556193351745605
1700822916078731000,54.39073095703125,2.128737688064575,0.5651149153709412,9.556124687194824
1700822916089240000,54.40123999023437,2.1295971870422363,0.553290605545044,9.556625366210938
1700822916098654000,54.41065405273437,2.1294572353363037,0.5422080755233765,9.557291030883789
1700822916108716000,54.420716064453124,2.130711555480957,0.5332853198051453,9.557514190673828
1700822916118768000,54.43076806640625,2.1357152462005615,0.5277236104011536,9.556705474853516
1700822916130407000,54.44240698242187,2.1435086727142334,0.5264803171157837,9.555028915405273
1700822916138654000,54.45065405273437,2.151528835296631,0.5256152153015137,9.553274154663086
1700822916148599000,54.46059912109375,2.158132791519165,0.5284870266914368,9.55162525177002
1700822916158659000,54.4706591796875,2.16327166557312,0.5331675410270691,9.550204277038574
1700822916168641000,54.48064111328125,2.168891668319702,0.5359569191932678,9.548773765563965
1700822916178738000,54.490738037109374,2.1725332736968994,0.5379945635795593,9.547830581665039
1700822916188760000,54.50076000976563,2.174793004989624,0.539625346660614,9.547224044799805
1700822916198628000,54.510628173828124,2.1740152835845947,0.5405477285385132,9.547348022460938
1700822916208809000,54.52080908203125,2.1707913875579834,0.5446650981903076,9.547846794128418
1700822916218811000,54.530810791015625,2.165966272354126,0.5529515743255615,9.548467636108398
1700822916228748000,54.540748046875,2.166001796722412,0.5670180916786194,9.547635078430176
1700822916238795000,54.550794921875,2.1720519065856934,0.585327684879303,9.54515552520752
1700822916248767000,54.56076708984375,2.18023681640625,0.6053712368011475,9.542037963867188
1700822916258724000,54.57072412109375,2.1869430541992188,0.6252244710922241,9.539222717285156
1700822916268722000,54.58072192382812,2.1905908584594727,0.6455056667327881,9.537035942077637
1700822916278780000,54.59077978515625,2.189483165740967,0.6636556386947632,9.536043167114258
1700822916288745000,54.60074487304688,2.1833150386810303,0.680880606174469,9.536243438720703
1700822916298818000,54.61081811523437,2.1753177642822266,0.6982154846191406,9.53681755065918
1700822916308900000,54.620900146484374,2.169036865234375,0.7157260179519653,9.536951065063477
1700822916318807000,54.63080712890625,2.1661362648010254,0.732250452041626,9.536355972290039
1700822916328792000,54.6407919921875,2.1678202152252197,0.7479211688041687,9.534754753112793
1700822916338996000,54.65099584960937,2.173917055130005,0.762017548084259,9.532251358032227
1700822916348771000,54.66077099609375,2.1828935146331787,0.7742927670478821,9.529210090637207
1700822916358782000,54.67078198242187,2.1932177543640137,0.7825225591659546,9.526165962219238
1700822916368871000,54.68087084960938,2.201138973236084,0.7886726260185242,9.523832321166992
1700822916378721000,54.690720947265625,2.205965518951416,0.7944017648696899,9.522238731384277
1700822916389003000,54.7010029296875,2.2087175846099854,0.8016457557678223,9.520994186401367
1700822916398848000,54.710847900390625,2.2091565132141113,0.811262309551239,9.5200777053833
1700822916409046000,54.7210458984375,2.209064245223999,0.8231927156448364,9.519074440002441
1700822916419028000,54.731028076171874,2.209765672683716,0.8371639251708984,9.517694473266602
1700822916428883000,54.74088305664063,2.212930679321289,0.8506506085395813,9.515762329101562
1700822916439017000,54.75101684570313,2.220039129257202,0.8598831295967102,9.513276100158691
1700822916448883000,54.76088305664062,2.2290077209472656,0.8643407225608826,9.510774612426758
1700822916458887000,54.77088696289063,2.2374210357666016,0.865666389465332,9.508678436279297
1700822916468864000,54.780864013671874,2.242635726928711,0.8657304048538208,9.507445335388184
1700822916478900000,54.79089990234375,2.2446813583374023,0.8657263517379761,9.50696086883545
1700822916489064000,54.80106396484375,2.245410680770874,0.8674094676971436,9.506635665893555
1700822916498897000,54.81089697265625,2.2452993392944336,0.8723357915878296,9.506211280822754
1700822916508828000,54.820827880859376,2.2457313537597656,0.8792495131492615,9.505473136901855
1700822916518888000,54.83088793945313,2.249332904815674,0.885858416557312,9.504008293151855
1700822916528849000,54.840848876953125,2.2566490173339844,0.8904200196266174,9.501846313476562
1700822916538860000,54.85086010742187,2.266615867614746,0.8915656805038452,9.49936580657959
1700822916548838000,54.860837890625,2.276632070541382,0.8884431719779968,9.49726390838623
1700822916558845000,54.870844970703125,2.286316394805908,0.8820438385009766,9.49553394317627
1700822916568827000,54.880826904296875,2.2951889038085938,0.8744237422943115,9.494096755981445
1700822916579008000,54.89100805664062,2.303140640258789,0.8679600954055786,9.492764472961426
1700822916589074000,54.901073974609375,2.3105549812316895,0.8663336634635925,9.491110801696777
1700822916598850000,54.91085009765625,2.3178629875183105,0.8656047582626343,9.489396095275879
1700822916608807000,54.920806884765625,2.3270716667175293,0.8643585443496704,9.487256050109863
1700822916618930000,54.93092993164063,2.3375754356384277,0.8618258237838745,9.484903335571289
1700822916628847000,54.94084716796875,2.3472611904144287,0.857446551322937,9.482908248901367
1700822916638867000,54.95086694335937,2.3541553020477295,0.8510943055152893,9.481771469116211
1700822916648847000,54.96084716796875,2.3579657077789307,0.8450050354003906,9.481369972229004
1700822916658686000,54.97068603515625,2.360966444015503,0.8396520018577576,9.481098175048828
1700822916668883000,54.98088305664062,2.3633601665496826,0.836553156375885,9.480775833129883
1700822916678903000,54.990903076171875,2.3660953044891357,0.8349378108978271,9.48023509979248
1700822916688843000,55.00084301757813,2.369913339614868,0.832991361618042,9.479453086853027
1700822916698895000,55.01089501953125,2.3757412433624268,0.8294909596443176,9.478301048278809
1700822916708868000,55.0208681640625,2.38382625579834,0.8258060812950134,9.476592063903809
1700822916718937000,55.03093701171875,2.392017364501953,0.8215048909187317,9.474902153015137
1700822916728875000,55.040875,2.3978633880615234,0.8164075613021851,9.473865509033203
1700822916738808000,55.05080810546875,2.401982069015503,0.8102978467941284,9.473345756530762
1700822916748869000,55.060869140625,2.405327796936035,0.8046367764472961,9.472979545593262
1700822916758870000,55.0708701171875,2.4086031913757324,0.8015437722206116,9.472410202026367
1700822916768727000,55.08072705078125,2.413029909133911,0.801051914691925,9.471324920654297
1700822916778903000,55.09090307617188,2.4182040691375732,0.8004384636878967,9.470057487487793
1700822916788705000,55.100705078125,2.423427104949951,0.7982426881790161,9.468907356262207
1700822916798657000,55.11065698242187,2.4283640384674072,0.7944263219833374,9.467963218688965
1700822916808873000,55.120873046875,2.4315009117126465,0.7893831133842468,9.46757984161377
1700822916819242000,55.13124194335938,2.432243824005127,0.7827057838439941,9.467944145202637
1700822916829493000,55.14149291992187,2.4322478771209717,0.7744713425636292,9.468620300292969
1700822916838764000,55.15076391601563,2.432180643081665,0.7653700709342957,9.469376564025879
1700822916848657000,55.16065698242188,2.4323437213897705,0.7550284266471863,9.470165252685547
1700822916858773000,55.17077294921875,2.432584524154663,0.7459399700164795,9.470824241638184
1700822916868709000,55.180709228515624,2.4358935356140137,0.7408058047294617,9.470375061035156
1700822916878758000,55.1907578125,2.440845012664795,0.7395493984222412,9.469200134277344
1700822916888694000,55.200694091796876,2.446462392807007,0.7395990490913391,9.467745780944824
1700822916898930000,55.21092993164063,2.450474977493286,0.7379357814788818,9.466837882995605
1700822916908822000,55.22082202148437,2.451699733734131,0.7352315187454224,9.466731071472168
1700822916918729000,55.23072900390625,2.454380512237549,0.7315645217895508,9.466320037841797
1700822916929034000,55.241033935546874,2.4582228660583496,0.7264435291290283,9.465718269348145
1700822916939174000,55.251173828125,2.4616873264312744,0.7206105589866638,9.465265274047852
1700822916948657000,55.26065698242188,2.4640605449676514,0.7158166170120239,9.465009689331055
1700822916958691000,55.27069116210937,2.465580701828003,0.7128040194511414,9.46484088897705
1700822916968698000,55.280697998046875,2.467062473297119,0.711490273475647,9.464553833007812
1700822916978679000,55.29067895507813,2.4687161445617676,0.7108598947525024,9.4641695022583
1700822916988662000,55.300662109375,2.4709596633911133,0.7102341651916504,9.463631629943848
1700822916998787000,55.310787109375,2.4749667644500732,0.7091674208641052,9.462664604187012
1700822917008842000,55.320842041015624,2.4807939529418945,0.7075958847999573,9.46125602722168
1700822917018629000,55.33062915039063,2.48726749420166,0.7055374979972839,9.459711074829102
1700822917028655000,55.340655029296876,2.493499755859375,0.702269434928894,9.45831298828125
1700822917038676000,55.35067602539063,2.4981255531311035,0.6979656219482422,9.457409858703613
1700822917048771000,55.36077099609375,2.499864339828491,0.6928346753120422,9.457326889038086
1700822917058880000,55.3708798828125,2.498107671737671,0.6877741813659668,9.458161354064941
1700822917068688000,55.38068798828125,2.4952406883239746,0.6844164133071899,9.459162712097168
1700822917078639000,55.39063916015625,2.493736982345581,0.6839119791984558,9.4595947265625
1700822917088639000,55.40063891601562,2.494410276412964,0.6859303116798401,9.459271430969238
1700822917098708000,55.4107080078125,2.4969682693481445,0.6891834735870361,9.458359718322754
1700822917108605000,55.42060498046875,2.5004069805145264,0.6924237608909607,9.457213401794434
1700822917118644000,55.43064404296875,2.5038468837738037,0.6948354840278625,9.45612907409668
1700822917128864000,55.44086401367188,2.5071663856506348,0.6970967054367065,9.455081939697266
1700822917138663000,55.45066284179688,2.51031231880188,0.695716381072998,9.454347610473633
1700822917148831000,55.4608310546875,2.513911724090576,0.6922229528427124,9.453648567199707
1700822917158796000,55.47079614257812,2.517545223236084,0.6875392198562622,9.453023910522461
1700822917169996000,55.48199609375,2.521484851837158,0.6827446818351746,9.45232105255127
1700822917179077000,55.4910771484375,2.525480031967163,0.6786325573921204,9.451550483703613
1700822917188697000,55.50069702148438,2.5283985137939453,0.6755009889602661,9.450994491577148
1700822917198662000,55.510661865234376,2.5313169956207275,0.6724465489387512,9.450430870056152
1700822917208761000,55.52076098632813,2.532682180404663,0.6683288812637329,9.450356483459473
1700822917219404000,55.53140405273437,2.534986734390259,0.6629703044891357,9.450117111206055
1700822917228631000,55.54063110351562,2.5361671447753906,0.6569298505783081,9.45022201538086
1700822917238643000,55.55064282226562,2.5363352298736572,0.650945782661438,9.450592041015625
1700822917248643000,55.56064306640625,2.535881519317627,0.6458344459533691,9.451064109802246
1700822917258660000,55.57066015625,2.5363142490386963,0.641952633857727,9.451210975646973
1700822917268634000,55.580634033203125,2.537322998046875,0.6396487355232239,9.45109748840332
1700822917278647000,55.59064697265625,2.5388965606689453,0.6387619972229004,9.450735092163086
1700822917288648000,55.60064794921875,2.5419867038726807,0.6386258602142334,9.44991397857666
1700822917298656000,55.610656005859376,2.544766902923584,0.6380626559257507,9.449202537536621
1700822917308845000,55.620844970703125,2.544973611831665,0.6358750462532043,9.449294090270996
1700822917318649000,55.630649169921874,2.5427560806274414,0.6318743228912354,9.450159072875977
1700822917328678000,55.640677978515626,2.5398170948028564,0.6270818114280701,9.451268196105957
1700822917338679000,55.65067895507813,2.536761522293091,0.622106671333313,9.45241928100586
1700822917348866000,55.66086596679688,2.533139705657959,0.6182473301887512,9.453642845153809
1700822917358877000,55.670876953125,2.5289363861083984,0.6171148419380188,9.454842567443848
1700822917372047000,55.68404711914062,2.52471661567688,0.6235130429267883,9.455550193786621
1700822917388739000,55.70073901367188,2.5197372436523438,0.642298698425293,9.455619812011719
1700822917398875000,55.710875,2.5165398120880127,0.6516501307487488,9.455832481384277
1700822917408888000,55.72088818359375,2.510838270187378,0.6550084948539734,9.45711612701416
1700822917419608000,55.73160815429687,2.504251003265381,0.6540741324424744,9.458927154541016
1700822917428665000,55.7406650390625,2.4983155727386475,0.6520137190818787,9.460639953613281
1700822917438895000,55.75089501953125,2.491729736328125,0.6498933434486389,9.462522506713867
1700822917448792000,55.7607919921875,2.4837756156921387,0.6481059193611145,9.464735984802246
1700822917458784000,55.77078393554687,2.474707841873169,0.6482882499694824,9.467098236083984
1700822917468612000,55.78061206054687,2.465467691421509,0.6520072817802429,9.469252586364746
1700822917478793000,55.79079296875,2.456115484237671,0.6579755544662476,9.471269607543945
1700822917488811000,55.80081103515625,2.446749687194824,0.6645537614822388,9.473235130310059
1700822917500077000,55.8120771484375,2.4377455711364746,0.6703408360481262,9.47514820098877
1700822917508656000,55.82065625,2.4309206008911133,0.67367023229599,9.476665496826172
1700822917518687000,55.83068701171875,2.426609516143799,0.6698620915412903,9.478039741516113
1700822917528830000,55.84082983398437,2.4254348278045654,0.6617892384529114,9.478907585144043
1700822917538668000,55.85066796875,2.422715902328491,0.6523773074150085,9.480255126953125
1700822917548656000,55.86065625,2.4173038005828857,0.6441168189048767,9.48220157623291
1700822917558793000,55.87079296875,2.409536838531494,0.6391057372093201,9.484517097473145
1700822917568643000,55.88064306640625,2.400089740753174,0.6370049715042114,9.487054824829102
1700822917578672000,55.890672119140625,2.3891587257385254,0.6357596516609192,9.489895820617676
1700822917588641000,55.90064111328125,2.378084182739258,0.6338400840759277,9.492805480957031
1700822917598666000,55.910666015625,2.3683159351348877,0.6296931505203247,9.495522499084473
1700822917608646000,55.92064599609375,2.3603107929229736,0.6224406957626343,9.497995376586914
1700822917618939000,55.93093896484375,2.354304790496826,0.6120198369026184,9.500163078308105
1700822917628832000,55.94083203125,2.3492655754089355,0.600013792514801,9.502175331115723
1700822917638645000,55.95064501953125,2.345829963684082,0.5908619165420532,9.5035982131958
1700822917648870000,55.960869873046875,2.3419952392578125,0.5836512446403503,9.504987716674805
1700822917658839000,55.970839111328125,2.3373191356658936,0.5780950784683228,9.506479263305664
1700822917669326000,55.981326171875,2.3311550617218018,0.5736807584762573,9.508259773254395
1700822917678633000,55.990633056640625,2.321626663208008,0.5705190896987915,9.510780334472656
1700822917688627000,56.000626953125,2.3085458278656006,0.5689464211463928,9.514059066772461
1700822917698630000,56.0106298828125,2.2920308113098145,0.5711492300033569,9.517918586730957
1700822917708749000,56.0207490234375,2.272829055786133,0.5793225765228271,9.522028923034668
1700822917719596000,56.03159594726562,2.2524545192718506,0.5921496152877808,9.526080131530762
1700822917729446000,56.04144580078125,2.2379698753356934,0.6033905744552612,9.528788566589355
1700822917738631000,56.050630859375,2.2266271114349365,0.6115402579307556,9.530926704406738
1700822917748734000,56.06073388671875,2.2202272415161133,0.6175821423530579,9.532028198242188
1700822917758641000,56.070640869140625,2.2182655334472656,0.6184171438217163,9.532431602478027
1700822917768654000,56.080654052734374,2.2162790298461914,0.6141793727874756,9.533166885375977
1700822917778798000,56.09079809570313,2.209850311279297,0.6045882701873779,9.535273551940918
1700822917788600000,56.10060009765625,2.200472116470337,0.5938809514045715,9.538115501403809
1700822917798840000,56.11084008789062,2.188206911087036,0.581448495388031,9.541703224182129
1700822917808730000,56.120730224609375,2.1760456562042236,0.5700748562812805,9.545167922973633
1700822917818747000,56.13074682617187,2.1675148010253906,0.5629384517669678,9.547531127929688
1700822917828619000,56.140618896484376,2.1627516746520996,0.5636635422706604,9.548569679260254
1700822917838823000,56.15082299804688,2.155888319015503,0.5658501982688904,9.549993515014648
1700822917848706000,56.1607060546875,2.148805856704712,0.5701760053634644,9.551331520080566
1700822917858806000,56.17080590820313,2.1471121311187744,0.5766995549201965,9.55132007598877
1700822917868801000,56.18080102539062,2.1502695083618164,0.5833537578582764,9.550206184387207
1700822917878731000,56.19073095703125,2.1575815677642822,0.5850350856781006,9.548454284667969
1700822917888703000,56.200702880859374,2.168344259262085,0.5822019577026367,9.546187400817871
1700822917898750000,56.21075,2.18133544921875,0.5795674920082092,9.543388366699219
1700822917908755000,56.2207548828125,2.19030499458313,0.5801628232002258,9.541297912597656
1700822917918783000,56.23078295898438,2.1915905475616455,0.5830965638160706,9.540824890136719
1700822917928757000,56.240757080078126,2.1912498474121094,0.5829901695251465,9.540909767150879
1700822917938727000,56.25072680664063,2.1784300804138184,0.5862503051757812,9.543644905090332
1700822917948745000,56.260744873046875,2.1656582355499268,0.5883028507232666,9.546424865722656
1700822917958644000,56.27064404296875,2.1566903591156006,0.58921879529953,9.5483980178833
1700822917968891000,56.28089086914063,2.1516497135162354,0.589601993560791,9.549510955810547
1700822917978793000,56.29079296875,2.1473426818847656,0.5890086889266968,9.550518035888672
1700822917988767000,56.30076708984375,2.139110565185547,0.5867083072662354,9.552507400512695
1700822917998773000,56.31077294921875,2.1250991821289062,0.5813970565795898,9.555956840515137
1700822918008940000,56.32093994140625,2.105952501296997,0.5720779895782471,9.560758590698242
1700822918018971000,56.33097094726563,2.0871219635009766,0.5610334873199463,9.565540313720703
1700822918028827000,56.340826904296875,2.0682523250579834,0.5512494444847107,9.570206642150879
1700822918038676000,56.35067602539063,2.045872449874878,0.5469532012939453,9.575262069702148
1700822918048948000,56.360947998046875,2.0209126472473145,0.5467825531959534,9.580570220947266
1700822918058841000,56.370841064453124,1.9969732761383057,0.5490499138832092,9.58545970916748
1700822918068849000,56.380848876953124,1.969333529472351,0.5504331588745117,9.591096878051758
1700822918078977000,56.39097705078125,1.9361125230789185,0.5472294092178345,9.598042488098145
1700822918088741000,56.4007412109375,1.9006825685501099,0.5408613085746765,9.605481147766113
1700822918098912000,56.410912109375,1.8581128120422363,0.532034158706665,9.614297866821289
1700822918108779000,56.420779052734375,1.812619924545288,0.5217097401618958,9.62354564666748
1700822918118921000,56.4309208984375,1.7708244323730469,0.5093693137168884,9.63198471069336
1700822918128804000,56.44080419921875,1.7366021871566772,0.4974123537540436,9.638837814331055
1700822918138753000,56.4507529296875,1.7053855657577515,0.4806468188762665,9.645259857177734
1700822918148928000,56.46092797851563,1.672243356704712,0.4584153890609741,9.652143478393555
1700822918158696000,56.47069604492187,1.6390413045883179,0.4322507381439209,9.659042358398438
1700822918169245000,56.481244873046876,1.606367588043213,0.40330958366394043,9.665780067443848
1700822918178836000,56.4908359375,1.5763306617736816,0.37719666957855225,9.671777725219727
1700822918188988000,56.50098779296875,1.5435574054718018,0.3526362180709839,9.67798900604248
1700822918198906000,56.510906005859376,1.5090409517288208,0.33006665110588074,9.684225082397461
1700822918208842000,56.52084204101563,1.475493311882019,0.30967822670936584,9.690068244934082
1700822918218618000,56.5306181640625,1.4428843259811401,0.29065585136413574,9.695565223693848
1700822918228649000,56.54064892578125,1.4094759225845337,0.2710942327976227,9.701045989990234
1700822918238919000,56.5509189453125,1.3756464719772339,0.2507350444793701,9.70644760131836
1700822918248802000,56.56080200195313,1.345465898513794,0.23291239142417908,9.711121559143066
1700822918258959000,56.570958984375,1.3167822360992432,0.21603462100028992,9.715441703796387
1700822918268813000,56.58081298828125,1.2954000234603882,0.20281623303890228,9.71860122680664
1700822918278741000,56.59074096679687,1.2796841859817505,0.19351065158843994,9.720871925354004
1700822918288750000,56.60075,1.266383409500122,0.18744419515132904,9.722732543945312
1700822918298690000,56.61068994140625,1.2706198692321777,0.18298137187957764,9.72226619720459
1700822918308743000,56.620742919921874,1.2981536388397217,0.17897826433181763,9.718701362609863
1700822918318810000,56.63081005859375,1.325591802597046,0.1843225508928299,9.714896202087402
1700822918328729000,56.64072900390625,1.3463245630264282,0.18903174996376038,9.711955070495605
1700822918338804000,56.650803955078125,1.3695298433303833,0.18787790834903717,9.708732604980469
1700822918348814000,56.66081396484375,1.3954877853393555,0.18113340437412262,9.705163955688477
1700822918358896000,56.67089624023438,1.415993094444275,0.16914573311805725,9.702409744262695
1700822918368801000,56.68080102539062,1.4295462369918823,0.15269611775875092,9.70069408416748
1700822918378962000,56.6909619140625,1.4322800636291504,0.1354641169309616,9.700547218322754
1700822918388821000,56.700821044921874,1.426540493965149,0.11978607624769211,9.701600074768066
1700822918398942000,56.71094189453125,1.421680212020874,0.10553133487701416,9.702479362487793
1700822918408786000,56.72078588867188,1.4269927740097046,0.09476327151060104,9.70180892944336
1700822918418850000,56.73085009765625,1.444550633430481,0.08838555961847305,9.699270248413086
1700822918428922000,56.74092211914063,1.4785985946655273,0.08461246639490128,9.694172859191895
1700822918438928000,56.75092797851563,1.5169166326522827,0.08176029473543167,9.688275337219238
1700822918448847000,56.76084716796875,1.556531310081482,0.07465571910142899,9.682046890258789
1700822918458815000,56.77081494140625,1.581964373588562,0.06564590334892273,9.677989959716797
1700822918469045000,56.781044921875,1.5985485315322876,0.05824556201696396,9.675312042236328
1700822918478904000,56.790904052734376,1.606482744216919,0.051201194524765015,9.674036979675293
1700822918488886000,56.800885986328126,1.6100131273269653,0.04824497550725937,9.673466682434082
1700822918498723000,56.81072314453125,1.614532470703125,0.04615121707320213,9.672720909118652
1700822918508848000,56.82084814453125,1.6237157583236694,0.04402122274041176,9.671194076538086
1700822918518856000,56.83085595703125,1.6367019414901733,0.038556233048439026,9.669029235839844
1700822918528823000,56.840822998046875,1.655730962753296,0.03201981633901596,9.665813446044922
1700822918538843000,56.8508427734375,2.1500120162963867,0.18002252280712128,9.566370010375977
1700822918548853000,56.86085302734375,2.4754087924957275,0.28704407811164856,9.484743118286133
1700822918558853000,56.87085302734375,2.6379587650299072,0.36061641573905945,9.438301086425781
1700822918569000000,56.881,2.661959409713745,0.36577510833740234,9.431360244750977
1700822918578689000,56.89068896484375,2.6713898181915283,0.363434374332428,9.428784370422363
1700822918588882000,56.9008818359375,2.681185483932495,0.36204761266708374,9.426056861877441
1700822918598933000,56.91093310546875,2.6940736770629883,0.36091187596321106,9.422426223754883
1700822918608895000,56.92089501953125,2.713608503341675,0.3552688956260681,9.417032241821289
1700822918618849000,56.93084912109375,2.7647759914398193,0.33696606755256653,9.402811050415039
1700822918628819000,56.94081884765625,2.778355836868286,0.3294070363044739,9.399075508117676
1700822918638656000,56.95065600585937,2.803333044052124,0.3265942931175232,9.391754150390625
1700822918648741000,56.9607412109375,2.83723783493042,0.3326420485973358,9.381355285644531
1700822918658658000,56.970657958984376,2.872483730316162,0.3460039496421814,9.370140075683594
1700822918668690000,56.98068994140625,2.9019062519073486,0.3644762933254242,9.360366821289062
1700822918678631000,56.990630859375,2.9188907146453857,0.3819616734981537,9.354388236999512
1700822918688720000,57.00071997070312,2.9246816635131836,0.3829685151576996,9.352537155151367
1700822918698744000,57.010744140625,2.9286792278289795,0.3842243552207947,9.351236343383789
1700822918708745000,57.02074487304687,2.936075210571289,0.3844797909259796,9.348904609680176
1700822918718805000,57.030804931640624,2.944317102432251,0.3798898458480835,9.346500396728516
1700822918728747000,57.0407470703125,2.967611312866211,0.3739563524723053,9.339369773864746
1700822918738725000,57.05072509765625,2.9911890029907227,0.36748364567756653,9.332101821899414
1700822918748679000,57.060678955078124,2.9955358505249023,0.3647337853908539,9.330815315246582
1700822918758744000,57.070744140625,2.9903693199157715,0.35788610577583313,9.332738876342773
1700822918768854000,57.08085400390625,2.9835283756256104,0.34719401597976685,9.335331916809082
1700822918778874000,57.0908740234375,2.9699602127075195,0.3322235345840454,9.340201377868652
1700822918788858000,57.10085815429687,2.9494688510894775,0.30950435996055603,9.347472190856934
1700822918798798000,57.110798095703124,2.9171249866485596,0.27419745922088623,9.358717918395996
1700822918808804000,57.12080419921875,2.8807036876678467,0.23613573610782623,9.371027946472168
1700822918818843000,57.1308427734375,2.8346588611602783,0.19827508926391602,9.38593578338623
1700822918828803000,57.14080297851562,2.7705421447753906,0.16274434328079224,9.405743598937988
1700822918838851000,57.15085107421875,2.69472336769104,0.1353340595960617,9.428177833557129
1700822918848774000,57.16077392578125,2.605520486831665,0.11382278054952621,9.453502655029297
1700822918858790000,57.17078979492187,2.5088422298431396,0.09851473569869995,9.479787826538086
1700822918868852000,57.18085205078125,2.4087276458740234,0.08881781250238419,9.505815505981445
1700822918878823000,57.190822998046876,2.285423517227173,0.07663462311029434,9.536319732666016
1700822918888786000,57.200785888671874,2.144401788711548,0.05675210803747177,9.569153785705566
1700822918898791000,57.210791015625,2.005244731903076,0.0373164638876915,9.599374771118164
1700822918909008000,57.2210078125,1.8644486665725708,0.019195115193724632,9.627763748168945
1700822918918765000,57.23076513671875,1.735506296157837,-0.0010913023725152016,9.651860237121582
1700822918928869000,57.240869140625,1.593717336654663,-0.027111586183309555,9.676246643066406
1700822918938718000,57.25071801757812,1.4340674877166748,-0.056549571454524994,9.701066017150879
1700822918948804000,57.26080419921875,1.2516645193099976,-0.08636077493429184,9.726061820983887
1700822918958861000,57.27086108398437,1.0536834001541138,-0.11531301587820053,9.749197959899902
1700822918968806000,57.28080590820313,0.8478387594223022,-0.14223931729793549,9.76889705657959
1700822918978689000,57.29068896484375,0.6456403732299805,-0.16676585376262665,9.783951759338379
1700822918988807000,57.30080688476563,0.4482727646827698,-0.18908728659152985,9.794574737548828
1700822918998888000,57.310887939453124,0.24894671142101288,-0.21095307171344757,9.801220893859863
1700822919008842000,57.320842041015624,0.0593295581638813,-0.2341790497303009,9.803675651550293
1700822919018868000,57.33086791992187,-0.12229864299297333,-0.2560056746006012,9.802544593811035
1700822919028850000,57.34084985351563,-0.3145078420639038,-0.27318596839904785,9.797799110412598
1700822919038695000,57.35069482421875,-0.5110822916030884,-0.2873018682003021,9.789109230041504
1700822919048781000,57.36078100585937,-0.7062301635742188,-0.29748862981796265,9.776663780212402
1700822919058778000,57.370778076171874,-0.9248515963554382,-0.3011249303817749,9.758296966552734
1700822919068815000,57.38081518554687,-1.1222326755523682,-0.30702918767929077,9.737387657165527
1700822919078855000,57.39085498046875,-1.3038945198059082,-0.32054099440574646,9.714295387268066
1700822919088867000,57.4008671875,-1.5068320035934448,-0.3445534408092499,9.684066772460938
1700822919098973000,57.410972900390625,-1.7190312147140503,-0.36852410435676575,9.647773742675781
1700822919108790000,57.4207900390625,-1.9442496299743652,-0.38477322459220886,9.604284286499023
1700822919118867000,57.430866943359376,-2.132328987121582,-0.39109569787979126,9.5640287399292
1700822919128845000,57.440844970703125,-2.335026264190674,-0.3943503201007843,9.516435623168945
1700822919138861000,57.45086108398438,-2.520484447479248,-0.3942413032054901,9.469009399414062
1700822919148956000,57.46095581054688,-2.694674491882324,-0.3940887451171875,9.420923233032227
1700822919158944000,57.47094409179687,-2.8612382411956787,-0.3957090377807617,9.371611595153809
1700822919168849000,57.480848876953125,-3.0020930767059326,-0.39724108576774597,9.32738208770752
1700822919178826000,57.49082592773438,-3.1517410278320312,-0.3997831642627716,9.2777738571167
1700822919188843000,57.50084301757813,-3.291198253631592,-0.4058820605278015,9.228959083557129
1700822919199007000,57.51100708007812,-3.443439245223999,-0.4178650677204132,9.172703742980957
1700822919208780000,57.52078002929687,-3.612569570541382,-0.43382805585861206,9.10667610168457
1700822919218861000,57.53086108398438,-3.744243621826172,-0.4490332305431366,9.052589416503906
1700822919228756000,57.540755859375,-3.856498956680298,-0.46628129482269287,9.004464149475098
1700822919239077000,57.5510771484375,-3.940526008605957,-0.4789592921733856,8.967342376708984
1700822919248873000,57.560873046875,-4.004855155944824,-0.4841790795326233,8.938516616821289
1700822919258700000,57.570699951171875,-4.056170463562012,-0.4836316704750061,8.915380477905273
1700822919268697000,57.580697021484376,-4.110264301300049,-0.48346421122550964,8.89057731628418
1700822919278670000,57.59067016601563,-4.168283462524414,-0.4881006181240082,8.86327075958252
1700822919288626000,57.6006259765625,-4.214531898498535,-0.49163317680358887,8.841176986694336
1700822919298712000,57.61071215820313,-4.236139297485352,-0.49153029918670654,8.830850601196289
1700822919308666000,57.620666015625,-4.221860408782959,-0.4840829074382782,8.83809757232666
1700822919318641000,57.63064086914063,-4.1627516746521,-0.4675084948539734,8.866982460021973
1700822919328706000,57.6407060546875,-4.060429096221924,-0.4435182511806488,8.915525436401367
1700822919338615000,57.650614990234374,-3.9339053630828857,-0.4140840768814087,8.973477363586426
1700822919348734000,57.66073388671875,-3.7972171306610107,-0.3837614357471466,9.033506393432617
1700822919358733000,57.670733154296876,-3.66070818901062,-0.359719455242157,9.090664863586426
1700822919368770000,57.68077001953125,-3.5159010887145996,-0.3442062437534332,9.148244857788086
1700822919378778000,57.690778076171874,-3.353337526321411,-0.32891514897346497,9.209634780883789
1700822919388643000,57.70064306640625,-3.153122663497925,-0.3036433458328247,9.280948638916016
1700822919398720000,57.710719970703124,-2.923611640930176,-0.27230244874954224,9.356749534606934
1700822919408733000,57.72073291015625,-2.6560769081115723,-0.23304829001426697,9.43723201751709
1700822919418813000,57.73081298828125,-2.369594097137451,-0.18824878334999084,9.514198303222656
1700822919428795000,57.740794921875,-2.0579357147216797,-0.13916093111038208,9.5872802734375
1700822919438769000,57.750768798828126,-1.7410911321640015,-0.09224574267864227,9.650413513183594
1700822919448868000,57.7608681640625,-1.436252474784851,-0.04725128784775734,9.700790405273438
1700822919458822000,57.77082177734375,-1.1664432287216187,-0.009740765206515789,9.73702621459961
1700822919468990000,57.780989990234374,-0.9288678169250488,0.017604922875761986,9.762545585632324
1700822919478781000,57.79078100585937,-0.7016711831092834,0.03500321879982948,9.781452178955078
1700822919488716000,57.80071606445313,-0.5141094923019409,0.04306348040699959,9.793070793151855
1700822919498961000,57.8109609375,-0.3100318908691406,0.05804068595170975,9.801575660705566
1700822919508846000,57.82084619140625,-0.08418752253055573,0.08668196946382523,9.805906295776367
1700822919519018000,57.83101806640625,0.17157559096813202,0.1206982210278511,9.804407119750977
1700822919528819000,57.84081884765625,0.4326954185962677,0.15322744846343994,9.795900344848633
1700822919538894000,57.85089404296875,0.5594808459281921,0.16624008119106293,9.789266586303711
1700822919549041000,57.861041015625,0.6110430955886841,0.16342179477214813,9.786231994628906
1700822919558679000,57.87067895507813,0.5817376971244812,0.14802461862564087,9.788262367248535
1700822919568756000,57.880755859375,0.4924073815345764,0.13228899240493774,9.793386459350586
1700822919578767000,57.89076708984375,0.3759472370147705,0.1275651752948761,9.798611640930176
1700822919588900000,57.900900146484375,0.2601090371608734,0.13179653882980347,9.802313804626465
1700822919598934000,57.91093408203125,0.1447308361530304,0.13705284893512726,9.804624557495117
1700822919608832000,57.92083203125,0.020574001595377922,0.13970454037189484,9.805633544921875
1700822919618800000,57.930800048828125,-0.12665536999702454,0.13751929998397827,9.804869651794434
1700822919628761000,57.94076098632812,-0.2767901122570038,0.12837153673171997,9.801901817321777
1700822919638812000,57.95081201171875,-0.4468824863433838,0.11089549213647842,9.795835494995117
1700822919649212000,57.9612119140625,-0.6335045695304871,0.08407266438007355,9.785805702209473
1700822919658952000,57.970951904296875,-0.8225304484367371,0.05052753537893295,9.771965980529785
1700822919668916000,57.980916015625,-1.0024445056915283,0.011975100263953209,9.755273818969727
1700822919679398000,57.99139794921875,-1.1780139207839966,-0.019919630140066147,9.735618591308594
1700822919688854000,58.00085400390625,-1.2948384284973145,-0.04609218239784241,9.720681190490723
1700822919698761000,58.01076098632812,-1.405216932296753,-0.0715247318148613,9.70518684387207
1700822919708773000,58.020773193359375,-1.5144959688186646,-0.1021878719329834,9.688458442687988
1700822919718820000,58.030820068359375,-1.643668293952942,-0.14489275217056274,9.66683578491211
1700822919728857000,58.040857177734374,-1.7732161283493042,-0.19515608251094818,9.64302921295166
1700822919738990000,58.05098999023438,-1.8894363641738892,-0.2504737675189972,9.619651794433594
1700822919749015000,58.06101513671875,-1.9880166053771973,-0.2998255491256714,9.598347663879395
1700822919758857000,58.07085693359375,-2.054184675216675,-0.33379414677619934,9.583282470703125
1700822919768844000,58.08084399414062,-2.1138038635253906,-0.3654308021068573,9.56915283203125
1700822919778687000,58.09068701171875,-2.2008183002471924,-0.4022001624107361,9.548039436340332
1700822919788857000,58.100857177734376,-2.27714204788208,-0.4418187737464905,9.52837085723877
1700822919798740000,58.11073999023437,-2.301893949508667,-0.48135143518447876,9.52050495147705
1700822919808850000,58.12084985351562,-2.2923429012298584,-0.5102618932723999,9.521302223205566
1700822919818847000,58.13084692382812,-2.2828545570373535,-0.5323445796966553,9.522372245788574
1700822919828841000,58.14084106445313,-2.2535324096679688,-0.556165874004364,9.527994155883789
1700822919839003000,58.1510029296875,-2.21110463142395,-0.5757833123207092,9.536765098571777
1700822919848799000,58.160799072265625,-2.1813039779663086,-0.5883639454841614,9.542856216430664
1700822919858852000,58.17085205078125,-2.1668474674224854,-0.5923521518707275,9.545904159545898
1700822919868854000,58.18085400390625,-2.1285910606384277,-0.5928478240966797,9.554474830627441
1700822919878887000,58.19088696289062,-2.0677359104156494,-0.5907189846038818,9.567961692810059
1700822919888852000,58.20085205078125,-2.004782199859619,-0.5879095196723938,9.581524848937988
1700822919898806000,58.21080590820313,-1.9458067417144775,-0.583008885383606,9.593974113464355
1700822919908741000,58.2207412109375,-1.8933427333831787,-0.5720692276954651,9.605122566223145
1700822919918805000,58.23080493164063,-1.848192811012268,-0.5539137125015259,9.614975929260254
1700822919928843000,58.24084301757812,-1.7783455848693848,-0.5329995155334473,9.629321098327637
1700822919938880000,58.2508798828125,-1.67060124874115,-0.5150114297866821,9.649571418762207
1700822919950036000,58.262035888671875,-1.5504834651947021,-0.49843671917915344,9.6704683303833
1700822919959770000,58.27177001953125,-1.4418580532073975,-0.4838526248931885,9.687997817993164
1700822919968722000,58.280721923828125,-1.3523343801498413,-0.47104954719543457,9.701532363891602
1700822919978697000,58.29069702148438,-1.274725317955017,-0.45189884305000305,9.712943077087402
1700822919988685000,58.30068505859375,-1.1925565004348755,-0.4242100417613983,9.72461986541748
1700822919998669000,58.3106689453125,-1.081221103668213,-0.38654229044914246,9.739194869995117
1700822920008783000,58.320783203125,-0.9570230841636658,-0.34870532155036926,9.753609657287598
1700822920018725000,58.33072509765625,-0.8461436629295349,-0.3121411204338074,9.765091896057129
1700822920028891000,58.34089086914062,-0.7479162216186523,-0.2773667573928833,9.774154663085938
1700822920038714000,58.350714111328124,-0.648880124092102,-0.2432517111301422,9.782135009765625
1700822920048845000,58.36084497070313,-0.5330775380134583,-0.20802491903305054,9.789941787719727
1700822920058804000,58.370803955078124,-0.4090712070465088,-0.1721358597278595,9.796603202819824
1700822920068717000,58.38071704101562,-0.28299978375434875,-0.13453735411167145,9.801643371582031
1700822920078661000,58.3906611328125,-0.17469049990177155,-0.10133154690265656,9.804571151733398
1700822920088671000,58.4006708984375,-0.06101648882031441,-0.06896481662988663,9.806219100952148
1700822920098713000,58.41071313476562,0.0570727176964283,-0.040154315531253815,9.806403160095215
1700822920108713000,58.420712890625,0.17504443228244781,-0.01712619885802269,9.805071830749512
1700822920118938000,58.43093823242187,0.2898840010166168,-0.0004787234356626868,9.802366256713867
1700822920128665000,58.4406650390625,0.39600977301597595,0.01219166535884142,9.79864501953125
1700822920138807000,58.45080712890625,0.4970443844795227,0.0225710216909647,9.79401969909668
1700822920148752000,58.460751953125,0.5996960997581482,0.034582361578941345,9.788235664367676
1700822920158767000,58.47076708984375,0.7018060684204102,0.05200842022895813,9.781368255615234
1700822920168816000,58.48081616210938,0.8027487397193909,0.07484715431928635,9.773453712463379
1700822920178786000,58.4907861328125,0.9066334962844849,0.10391104221343994,9.764097213745117
1700822920188824000,58.500823974609375,1.0080156326293945,0.13695786893367767,9.753745079040527
1700822920198880000,58.5108798828125,1.1049914360046387,0.1712476760149002,9.742692947387695
1700822920208803000,58.520802978515626,1.199033260345459,0.20393501222133636,9.730936050415039
1700822920218728000,58.53072802734375,1.286041498184204,0.23066987097263336,9.719223022460938
1700822920228918000,58.54091796875,1.3549473285675049,0.2504173517227173,9.709366798400879
1700822920238848000,58.55084790039062,1.4207247495651245,0.2675757110118866,9.699501991271973
1700822920248827000,58.560826904296874,1.4840928316116333,0.2834858000278473,9.689556121826172
1700822920258821000,58.57082104492188,1.5420005321502686,0.30008038878440857,9.680009841918945
1700822920268690000,58.58068994140625,1.5936652421951294,0.3177972435951233,9.67107105255127
1700822920278852000,58.59085205078125,1.6393252611160278,0.33297786116600037,9.66292667388916
1700822920288738000,58.60073803710937,1.6912349462509155,0.34747692942619324,9.653464317321777
1700822920299471000,58.61147119140625,1.7426913976669312,0.36066755652427673,9.643823623657227
1700822920308645000,58.62064501953125,1.7895253896713257,0.3707324266433716,9.634861946105957
1700822920318822000,58.63082177734375,1.818640112876892,0.3806774914264679,9.629020690917969
1700822920328781000,58.640781005859374,1.840033769607544,0.3907458782196045,9.624552726745605
1700822920338804000,58.650803955078125,1.854128360748291,0.40082740783691406,9.621431350708008
1700822920348886000,58.660885986328125,1.8610897064208984,0.4124772250652313,9.61959457397461
1700822920359361000,58.67136108398437,1.8634415864944458,0.4256806969642639,9.618563652038574
1700822920368857000,58.680857177734374,1.8639330863952637,0.43885961174964905,9.617876052856445
1700822920378848000,58.69084790039062,1.8631837368011475,0.4490513503551483,9.617549896240234
1700822920388755000,58.7007548828125,1.8609519004821777,0.4546878933906555,9.617719650268555
1700822920399346000,58.71134594726563,1.8609501123428345,0.4552838206291199,9.617691040039062
1700822920408789000,58.7207890625,1.965189814567566,0.176876038312912,9.606099128723145
1700822920418758000,58.7307578125,2.0032904148101807,0.014697510749101639,9.599844932556152
1700822920428862000,58.740862060546874,1.9966936111450195,-0.02162555605173111,9.601204872131348
1700822920438846000,58.750845947265624,1.9755432605743408,-0.03904343396425247,9.605525016784668
1700822920448765000,58.76076489257812,1.9401267766952515,-0.04728051647543907,9.612702369689941
1700822920458669000,58.7706689453125,1.8995407819747925,-0.0372711606323719,9.620849609375
1700822920468782000,58.78078198242188,1.8594961166381836,-0.010183832608163357,9.62873649597168
1700822920478660000,58.79066015625,1.8224475383758545,0.024633506312966347,9.635790824890137
1700822920488841000,58.800841064453124,1.790911078453064,0.05757862329483032,9.641561508178711
1700822920498797000,58.810797119140624,1.7916303873062134,0.06501549482345581,9.64138126373291
1700822920508912000,58.820912109375,1.7975714206695557,0.07342559844255447,9.640213012695312
1700822920518689000,58.83068896484375,1.8057266473770142,0.08364888280630112,9.6386079788208
1700822920528750000,58.84075,1.8167266845703125,0.09595189988613129,9.63642406463623
1700822920538924000,58.85092407226563,1.8270925283432007,0.11216098815202713,9.634289741516113
1700822920548796000,58.8607958984375,1.8350344896316528,0.1301683485507965,9.632553100585938
1700822920558902000,58.870902099609374,1.6862704753875732,0.15616905689239502,9.659322738647461
1700822920568820000,58.88082006835938,1.5848524570465088,0.13968700170516968,9.67673110961914
1700822920578823000,58.89082299804687,1.5226272344589233,0.11256986111402512,9.687070846557617
1700822920588844000,58.90084399414062,1.5029374361038208,0.08663024008274078,9.690410614013672
1700822920598794000,58.9107939453125,1.513790249824524,0.06922989338636398,9.688861846923828
1700822920608825000,58.9208251953125,1.5380326509475708,0.061275724321603775,9.685096740722656
1700822920618844000,58.93084399414062,1.5777676105499268,0.07371990382671356,9.678616523742676
1700822920628828000,58.94082788085937,1.616592288017273,0.08743395656347275,9.67209243774414
1700822920638691000,58.95069116210937,1.6570886373519897,0.1030985563993454,9.665081977844238
1700822920649091000,58.96109106445312,1.695680022239685,0.11767594516277313,9.658220291137695
1700822920658859000,58.97085888671875,1.734158992767334,0.1301145702600479,9.651226043701172
1700822920668797000,58.980796875,1.7654516696929932,0.13813889026641846,9.645438194274902
1700822920678825000,58.990824951171874,1.6595807075500488,0.12217647582292557,9.664433479309082
1700822920688681000,59.00068090820312,1.6136064529418945,0.11131956428289413,9.672347068786621
1700822920699005000,59.0110048828125,1.5821900367736816,0.09761282056570053,9.677682876586914
1700822920708877000,59.020876953125,1.577249526977539,0.08840513974428177,9.67857837677002
1700822920719015000,59.03101489257813,1.5871598720550537,0.08480653166770935,9.676989555358887
1700822920729106000,59.04110595703125,1.5934655666351318,0.0840507447719574,9.675959587097168
1700822920738741000,59.05074096679687,1.5847152471542358,0.08769026398658752,9.67736530303955
1700822920748758000,59.06075805664062,1.5531384944915771,0.10148264467716217,9.682347297668457
1700822920758921000,59.0709208984375,1.4884625673294067,0.14147505164146423,9.692001342773438
1700822920768916000,59.080916015625,1.4958134889602661,0.1518491506576538,9.690710067749023
1700822920778783000,59.09078295898438,1.497896671295166,0.1681777685880661,9.690118789672852
1700822920788969000,59.10096899414062,1.4956798553466797,0.18692630529403687,9.690117835998535
1700822920798800000,59.1107998046875,1.4893498420715332,0.2049582153558731,9.690728187561035
1700822920808903000,59.12090283203125,1.4799432754516602,0.22318653762340546,9.691767692565918
1700822920818807000,59.13080712890625,1.4684096574783325,0.24119332432746887,9.693089485168457
1700822920828777000,59.14077685546875,1.45657217502594,0.2597372829914093,9.694396018981934
1700822920838842000,59.15084204101562,1.4470860958099365,0.2789861559867859,9.695283889770508
1700822920849025000,59.16102490234375,1.4400677680969238,0.2982689440250397,9.695754051208496
1700822920858928000,59.17092822265625,1.4340591430664062,0.31583207845687866,9.696087837219238
1700822920868890000,59.18089013671875,1.427910327911377,0.3315759003162384,9.6964693069458
1700822920878967000,59.190967041015625,1.424232006072998,0.34853315353393555,9.696416854858398
1700822920888859000,59.20085888671875,1.4243724346160889,0.36541152000427246,9.69577407836914
1700822920898755000,59.210755126953124,1.4296127557754517,0.38245853781700134,9.694345474243164
1700822920908847000,59.22084716796875,1.440777063369751,0.3985626995563507,9.69204330444336
1700822920919436000,59.23143603515625,1.456835150718689,0.4127502143383026,9.689047813415527
1700822920928991000,59.24099096679687,1.4756805896759033,0.42486441135406494,9.685672760009766
1700822920938889000,59.250888916015626,1.4925066232681274,0.43568187952041626,9.682613372802734
1700822920949197000,59.26119702148438,1.508718490600586,0.4474483132362366,9.679563522338867
1700822920958915000,59.2709150390625,1.5243210792541504,0.45999008417129517,9.676531791687012
1700822920968885000,59.280885009765626,1.5407301187515259,0.4724433422088623,9.673332214355469
1700822920978733000,59.29073315429687,1.560138463973999,0.48413434624671936,9.669641494750977
1700822920988868000,59.3008681640625,1.5857133865356445,0.4953656494617462,9.664912223815918
1700822920998767000,59.31076708984375,1.6177599430084229,0.5064709782600403,9.65902328491211
1700822921008878000,59.32087817382813,1.6549248695373535,0.518481433391571,9.652088165283203
1700822921018893000,59.33089306640625,1.6908527612686157,0.5302119255065918,9.645221710205078
1700822921028882000,59.3408818359375,1.7214232683181763,0.5406690239906311,9.63923168182373
1700822921038888000,59.35088793945312,1.743464708328247,0.5483967065811157,9.634832382202148
1700822921049096000,59.361095947265625,1.7605563402175903,0.5519149303436279,9.631524085998535
1700822921058885000,59.37088500976562,1.7751765251159668,0.5524789690971375,9.628805160522461
1700822921068877000,59.380876953125,1.7927240133285522,0.5506564378738403,9.625658988952637
1700822921078903000,59.390903076171874,1.8174152374267578,0.5485217571258545,9.621149063110352
1700822921088742000,59.40074194335938,1.8434587717056274,0.5465908050537109,9.616304397583008
1700822921098939000,59.41093896484375,1.871484637260437,0.5460361242294312,9.610919952392578
1700822921108866000,59.420865966796875,1.8941638469696045,0.5452943444252014,9.606518745422363
1700822921118729000,59.43072900390625,1.9108364582061768,0.5426791906356812,9.603364944458008
1700822921128871000,59.440870849609375,1.9250065088272095,0.538087785243988,9.600791931152344
1700822921138876000,59.4508759765625,1.9372363090515137,0.5325891971588135,9.598637580871582
1700822921148884000,59.46088403320312,1.9481528997421265,0.527984619140625,9.59668254852295
1700822921158849000,59.47084912109375,1.9569926261901855,0.5258151292800903,9.595003128051758
1700822921168876000,59.4808759765625,1.964388370513916,0.5273805260658264,9.593405723571777
1700822921178850000,59.49085009765625,1.9729665517807007,0.5323755145072937,9.591370582580566
1700822921188828000,59.500827880859376,1.9835498332977295,0.5389516949653625,9.58881950378418
1700822921198885000,59.51088500976562,1.992992877960205,0.5453948974609375,9.58649730682373
1700822921208878000,59.52087817382812,1.997801423072815,0.5496724247932434,9.585251808166504
1700822921218846000,59.530845947265625,1.9947036504745483,0.546682596206665,9.586068153381348
1700822921228855000,59.54085498046875,1.987400770187378,0.5440200567245483,9.587736129760742
1700822921239023000,59.55102319335938,1.9782674312591553,0.5385159254074097,9.589934349060059
1700822921248878000,59.56087817382812,1.975986361503601,0.5352756381034851,9.59058666229248
1700822921259106000,59.57110595703125,1.9792793989181519,0.5355208516120911,9.589893341064453
1700822921268804000,59.58080419921875,1.9883977174758911,0.5385048389434814,9.58784008026123
1700822921278910000,59.590909912109375,2.0002191066741943,0.5436384081840515,9.585091590881348
1700822921288739000,59.60073901367188,2.009796619415283,0.5498638153076172,9.582734107971191
1700822921298647000,59.61064697265625,2.016258716583252,0.5559989809989929,9.58102035522461
1700822921308721000,59.620720947265625,2.0208725929260254,0.5607239603996277,9.57977294921875
1700822921319131000,59.631130859375,2.024407386779785,0.5635284781455994,9.578862190246582
1700822921328713000,59.640712890625,2.0275723934173584,0.5650023818016052,9.578106880187988
1700822921338641000,59.650640869140624,2.0298306941986084,0.5661123991012573,9.57756233215332
1700822921348958000,59.6609580078125,2.030327796936035,0.5674196481704712,9.57737922668457
1700822921358817000,59.67081713867187,2.0311686992645264,0.5690692067146301,9.577103614807129
1700822921369279000,59.681279052734375,2.0360183715820312,0.5732619762420654,9.575823783874512
1700822921378672000,59.69067211914062,2.044363498687744,0.5777502059936523,9.573775291442871
1700822921388880000,59.7008798828125,2.053992748260498,0.581584095954895,9.57148265838623
1700822921399421000,59.7114208984375,2.0625498294830322,0.5811033248901367,9.569670677185059
1700822921408808000,59.720807861328126,2.068523406982422,0.5778019428253174,9.568581581115723
1700822921418673000,59.7306728515625,2.0719046592712402,0.57314532995224,9.568131446838379
1700822921428612000,59.74061206054687,2.0699915885925293,0.5673609375953674,9.568888664245605
1700822921438638000,59.75063818359375,2.062278985977173,0.559485673904419,9.571016311645508
1700822921448695000,59.760695068359375,2.053555727005005,0.5494780540466309,9.57347297668457
1700822921458820000,59.77082006835938,2.048091173171997,0.5397706031799316,9.575196266174316
1700822921468703000,59.78070288085937,2.045677661895752,0.5332473516464233,9.576077461242676
1700822921478610000,59.79060986328125,2.045590877532959,0.5304568409919739,9.576250076293945
1700822921488726000,59.80072607421875,2.0467610359191895,0.5303352475166321,9.576005935668945
1700822921498737000,59.81073681640625,2.0493505001068115,0.5313014984130859,9.575398445129395
1700822921508754000,59.82075390625,2.054149627685547,0.5319386124610901,9.574335098266602
1700822921518834000,59.830833984375,2.059089183807373,0.5311211347579956,9.573319435119629
1700822921528856000,59.84085595703125,2.06168532371521,0.5279591679573059,9.572936058044434
1700822921538779000,59.85077880859375,2.061401605606079,0.5191013216972351,9.57348346710205
1700822921548876000,59.8608759765625,2.058218240737915,0.5111328363418579,9.574594497680664
1700822921558817000,59.870817138671875,2.0492072105407715,0.5018669962882996,9.577018737792969
1700822921568852000,59.88085205078125,2.03987455368042,0.49596887826919556,9.579318046569824
1700822921578807000,59.89080712890625,2.032240152359009,0.493234783411026,9.581082344055176
1700822921588827000,59.90082690429688,2.0267093181610107,0.49406829476356506,9.582208633422852
1700822921598899000,59.91089892578125,2.021437406539917,0.4979115426540375,9.583124160766602
1700822921608828000,59.92082788085938,2.015446662902832,0.5014215707778931,9.58420181274414
1700822921618871000,59.93087109375,2.0101094245910645,0.5025237202644348,9.585267066955566
1700822921628921000,59.94092114257813,2.0069103240966797,0.49924132227897644,9.586109161376953
1700822921638833000,59.9508330078125,2.0068483352661133,0.4944014847278595,9.586373329162598
1700822921648807000,59.960806884765624,2.007643938064575,0.48917263746261597,9.586474418640137
1700822921658826000,59.970825927734374,2.0065488815307617,0.48532968759536743,9.586897850036621
1700822921668776000,59.98077587890625,2.003175735473633,0.48421940207481384,9.58765983581543
1700822921678965000,59.99096508789062,1.999515175819397,0.48630526661872864,9.588318824768066
1700822921688898000,60.00089794921875,1.9963797330856323,0.49154579639434814,9.588704109191895
1700822921698768000,60.01076782226563,1.992453694343567,0.49885115027427673,9.589144706726074
1700822921708811000,60.02081103515625,1.9868967533111572,0.506281316280365,9.5899076461792
1700822921718898000,60.03089794921875,1.9820404052734375,0.5134872794151306,9.590529441833496
1700822921728912000,60.04091186523438,1.9809952974319458,0.5210968852043152,9.590333938598633
1700822921738860000,60.050860107421876,1.9812424182891846,0.527849018573761,9.589914321899414
1700822921748796000,60.0607958984375,1.9786691665649414,0.5328396558761597,9.590168952941895
1700822921758939000,60.07093896484375,1.9742504358291626,0.5348077416419983,9.590970039367676
1700822921768796000,60.0807958984375,1.97117280960083,0.5335291028022766,9.591675758361816
1700822921778943000,60.09094287109375,1.970618724822998,0.5306015014648438,9.591951370239258
1700822921788801000,60.10080102539062,1.9673906564712524,0.5289630889892578,9.592703819274902
1700822921799079000,60.11107885742187,1.9602824449539185,0.5288864970207214,9.594161987304688
1700822921808769000,60.12076904296875,1.9537684917449951,0.5306538343429565,9.595393180847168
1700822921818832000,60.13083178710937,1.952056884765625,0.5331824421882629,9.595602989196777
1700822921828805000,60.14080517578125,1.9552923440933228,0.5357064008712769,9.594802856445312
1700822921838831000,60.1508310546875,1.962429404258728,0.5358729958534241,9.593337059020996
1700822921848836000,60.160836181640626,1.969714641571045,0.5331608653068542,9.591994285583496
1700822921858874000,60.1708740234375,1.9769529104232788,0.5278156995773315,9.590801239013672
1700822921868788000,60.1807880859375,1.9826558828353882,0.5215776562690735,9.589963912963867
1700822921879117000,60.191116943359376,1.9885027408599854,0.5152823328971863,9.589094161987305
1700822921889037000,60.201037109375,1.992112398147583,0.5111968517303467,9.588563919067383
1700822921899049000,60.211049072265624,1.9932528734207153,0.5079433917999268,9.588500022888184
1700822921908848000,60.22084814453125,1.991167426109314,0.5042989253997803,9.589126586914062
1700822921918837000,60.2308369140625,1.9861396551132202,0.49936729669570923,9.590426445007324
1700822921928961000,60.2409609375,1.9832299947738647,0.494118869304657,9.591300964355469
1700822921938724000,60.25072412109375,1.9818559885025024,0.48923373222351074,9.59183406829834
1700822921948890000,60.26089013671875,1.9828195571899414,0.4857102334499359,9.591814994812012
1700822921958878000,60.2708779296875,1.9844475984573364,0.48407822847366333,9.591561317443848
1700822921968854000,60.28085400390625,1.985199213027954,0.4853042662143707,9.59134292602539
1700822921978992000,60.2909921875,1.9843816757202148,0.4900447428226471,9.59127140045166
1700822921988716000,60.30071606445313,1.9821053743362427,0.49734601378440857,9.591365814208984
1700822921999049000,60.311049072265625,1.97886323928833,0.5060667991638184,9.591578483581543
1700822922008707000,60.32070703125,1.975843906402588,0.5148477554321289,9.591733932495117
1700822922018856000,60.33085595703125,1.9734776020050049,0.5218944549560547,9.591840744018555
1700822922028695000,60.34069506835937,1.972159743309021,0.5262932777404785,9.59187126159668
1700822922038914000,60.3509140625,1.9722002744674683,0.5283092856407166,9.591752052307129
1700822922048938000,60.36093798828125,1.9734538793563843,0.5284402370452881,9.591487884521484
1700822922058676000,60.37067602539062,1.9757905006408691,0.5272998213768005,9.591068267822266
1700822922068679000,60.380678955078125,1.9784425497055054,0.526828408241272,9.590548515319824
1700822922078803000,60.39080297851562,1.9807790517807007,0.529288649559021,9.589929580688477
1700822922088897000,60.40089697265625,1.9829444885253906,0.5346241593360901,9.589186668395996
1700822922098905000,60.41090502929688,1.9868247509002686,0.5419178605079651,9.587974548339844
1700822922108908000,60.42090795898437,1.993309736251831,0.550518810749054,9.586137771606445
1700822922118879000,60.43087890625,2.0016422271728516,0.5587117671966553,9.583927154541016
1700822922128772000,60.44077221679687,2.0103089809417725,0.564648449420929,9.581765174865723
1700822922138882000,60.450882080078124,2.0184834003448486,0.5673974752426147,9.57988452911377
1700822922148879000,60.460879150390625,2.026110887527466,0.5676116943359375,9.578261375427246
1700822922158859000,60.47085888671875,2.03354811668396,0.5681812763214111,9.576651573181152
1700822922168668000,60.48066796875,2.041105270385742,0.5724360346794128,9.574790000915527
1700822922178834000,60.490833984375,2.045846462249756,0.5776499509811401,9.573464393615723
1700822922188912000,60.500912109375,2.045173168182373,0.5811868906021118,9.573392868041992
1700822922198802000,60.510802001953124,2.041548013687134,0.582103431224823,9.574111938476562
1700822922208815000,60.52081518554687,2.0384554862976074,0.5816963315010071,9.574797630310059
1700822922218890000,60.530889892578124,2.0383427143096924,0.5810144543647766,9.574861526489258
1700822922228688000,60.54068798828125,2.0418953895568848,0.5807400345802307,9.574121475219727
1700822922238648000,60.55064794921875,2.0475921630859375,0.5810592174530029,9.572885513305664
1700822922248814000,60.56081396484375,2.052945852279663,0.5824176073074341,9.571656227111816
1700822922258844000,60.570843994140624,2.056694507598877,0.5844362378120422,9.570727348327637
1700822922269023000,60.58102294921875,2.0580451488494873,0.5864709615707397,9.570313453674316
1700822922279984000,60.59198413085937,2.0569233894348145,0.5878931283950806,9.570466041564941
1700822922288762000,60.60076220703125,2.054255962371826,0.5884393453598022,9.571005821228027
1700822922303991000,60.61599096679687,2.051280975341797,0.590219259262085,9.571535110473633
1700822922318740000,60.630739990234375,2.044142007827759,0.5906877517700195,9.57303237915039
1700822922329252000,60.64125219726562,2.0411922931671143,0.5915671586990356,9.5736083984375
1700822922338695000,60.65069482421875,2.04048752784729,0.5923696756362915,9.573710441589355
1700822922349215000,60.661215087890625,2.041572093963623,0.5936737656593323,9.573396682739258
1700822922358808000,60.67080810546875,2.043419122695923,0.5944520235061646,9.572955131530762
1700822922368778000,60.680778076171876,2.0461156368255615,0.5943690538406372,9.572383880615234
1700822922378633000,60.69063305664063,2.0503766536712646,0.5931748747825623,9.571547508239746
1700822922388788000,60.7007880859375,2.0559699535369873,0.5905056595802307,9.570511817932129
1700822922398818000,60.710818115234375,2.0617380142211914,0.5873033404350281,9.569466590881348
1700822922408822000,60.72082202148437,2.066324234008789,0.5846636295318604,9.56864070892334
1700822922422869000,60.73486889648437,2.067981481552124,0.5839359164237976,9.568326950073242
1700822922438650000,60.750650146484375,2.070765495300293,0.5780433416366577,9.568081855773926
1700822922448790000,60.7607900390625,2.072847366333008,0.5748474597930908,9.567824363708496
1700822922458667000,60.7706669921875,2.0755932331085205,0.571085512638092,9.567453384399414
1700822922468780000,60.78078002929688,2.0776872634887695,0.5669780373573303,9.567243576049805
1700822922478925000,60.79092504882812,2.077688217163086,0.5629752278327942,9.567479133605957
1700822922488780000,60.800780029296874,2.0780820846557617,0.5618900656700134,9.567458152770996
1700822922498664000,60.81066381835937,2.0805156230926514,0.5627273917198181,9.566880226135254
1700822922508755000,60.8207548828125,2.086099624633789,0.5648697018623352,9.565537452697754
1700822922518807000,60.83080712890625,2.09358811378479,0.5675657987594604,9.563742637634277
1700822922528983000,60.84098315429687,2.101558208465576,0.5704421997070312,9.561820983886719
1700822922538643000,60.85064282226563,2.1092255115509033,0.5728638768196106,9.559989929199219
1700822922548786000,60.86078588867188,2.116793155670166,0.5746963620185852,9.558206558227539
1700822922558768000,60.87076806640625,2.123483896255493,0.575960099697113,9.556645393371582
1700822922568771000,60.88077099609375,2.1295812129974365,0.5769050121307373,9.555232048034668
1700822922578730000,60.89072998046875,2.1358284950256348,0.5780947804450989,9.553765296936035
1700822922588798000,60.9007978515625,2.1409058570861816,0.5790528059005737,9.552572250366211
1700822922598819000,60.910819091796874,2.142984390258789,0.5784174203872681,9.552144050598145
1700822922608773000,60.92077319335937,2.1432971954345703,0.5754647254943848,9.552251815795898
1700822922618845000,60.93084497070313,2.144230365753174,0.5705123543739319,9.552339553833008
1700822922628874000,60.9408740234375,2.1462032794952393,0.5650216937065125,9.552223205566406
1700822922638819000,60.95081909179687,2.1505610942840576,0.5606105923652649,9.551502227783203
1700822922648814000,60.96081396484375,2.1568753719329834,0.5575169920921326,9.550260543823242
1700822922658730000,60.97072998046875,2.1640212535858154,0.5548956990242004,9.548795700073242
1700822922668880000,60.9808798828125,2.1696932315826416,0.5530056357383728,9.54761791229248
1700822922679030000,60.99103002929687,2.171741485595703,0.552263617515564,9.547194480895996
1700822922688847000,61.00084716796875,2.1721746921539307,0.5524544715881348,9.54708480834961
1700822922698717000,61.010717041015624,2.174171209335327,0.5538607835769653,9.546550750732422
1700822922708833000,61.0208330078125,2.1789329051971436,0.5564537644386292,9.545312881469727
1700822922718845000,61.03084497070312,2.186460018157959,0.5599059462547302,9.543389320373535
1700822922729023000,61.04102294921875,2.196378231048584,0.5638865232467651,9.540878295898438
1700822922738781000,61.05078100585938,2.208357334136963,0.5684016346931458,9.53784465789795
1700822922748779000,61.060779052734375,2.2205097675323486,0.5724412798881531,9.534780502319336
1700822922758649000,61.07064916992187,2.2290120124816895,0.5748690962791443,9.532651901245117
1700822922768779000,61.08077905273438,2.233297109603882,0.5756751894950867,9.531599044799805
1700822922778641000,61.09064086914063,2.234830141067505,0.5756576061248779,9.531242370605469
1700822922788749000,61.1007490234375,2.235302448272705,0.576885998249054,9.53105640411377
1700822922798819000,61.11081909179688,2.237567901611328,0.5796446204185486,9.530356407165527
1700822922808897000,61.12089697265625,2.2410364151000977,0.5836617946624756,9.529295921325684
1700822922818966000,61.130966064453126,2.2452242374420166,0.5874424576759338,9.528077125549316
1700822922828825000,61.1408251953125,2.2501580715179443,0.5902957916259766,9.526738166809082
1700822922838851000,61.15085107421875,2.2562856674194336,0.5926587581634521,9.525141716003418
1700822922848686000,61.16068603515625,2.2626490592956543,0.5939329862594604,9.523552894592285
1700822922858763000,61.17076293945313,2.2681052684783936,0.5935478210449219,9.522278785705566
1700822922868971000,61.18097094726563,2.270564317703247,0.5913044214248657,9.521832466125488
1700822922878703000,61.190703125,2.2709696292877197,0.5887950658798218,9.521890640258789
1700822922888824000,61.20082397460938,2.273023843765259,0.5873925089836121,9.521489143371582
1700822922898695000,61.21069482421875,2.27758526802063,0.5880681872367859,9.520355224609375
1700822922909050000,61.221050048828126,2.282193660736084,0.5899348855018616,9.519136428833008
1700822922918846000,61.23084594726563,2.285557985305786,0.5916317105293274,9.518224716186523
1700822922928839000,61.2408388671875,2.2890429496765137,0.5924053192138672,9.517338752746582
1700822922938681000,61.25068115234375,2.29337215423584,0.5918594002723694,9.51633071899414
1700822922948825000,61.2608251953125,2.299346685409546,0.5901476144790649,9.514995574951172
1700822922958734000,61.270734130859374,2.3053805828094482,0.587768018245697,9.51368236541748
1700822922968712000,61.2807119140625,2.308795690536499,0.5854255557060242,9.512998580932617
1700822922978812000,61.29081201171875,2.308863639831543,0.5853568911552429,9.512986183166504
1700822922988797000,61.300796875,2.30877947807312,0.5882564187049866,9.51282787322998
1700822922998817000,61.31081713867187,2.3093743324279785,0.5929103493690491,9.512394905090332
1700822923008920000,61.320920166015625,2.3103461265563965,0.5975167155265808,9.511868476867676
1700822923018754000,61.330754150390625,2.3103177547454834,0.6007046699523926,9.511676788330078
1700822923028873000,61.340873046875,2.306565284729004,0.6011059284210205,9.512560844421387
1700822923038882000,61.35088208007812,2.2971231937408447,0.598335325717926,9.515021324157715
1700822923049036000,61.3610361328125,2.2825064659118652,0.5936074256896973,9.518834114074707
1700822923058791000,61.370791015625,2.265826940536499,0.5885246992111206,9.523133277893066
1700822923069294000,61.38129418945312,2.248430013656616,0.5856170058250427,9.527434349060059
1700822923078853000,61.39085302734375,2.2342710494995117,0.5872566103935242,9.53066349029541
1700822923088693000,61.40069287109375,2.220142364501953,0.5923489332199097,9.533650398254395
1700822923098837000,61.4108369140625,2.206981658935547,0.5975514650344849,9.536381721496582
1700822923108874000,61.4208740234375,2.1991872787475586,0.5990408658981323,9.538086891174316
1700822923118846000,61.430845947265624,2.1938998699188232,0.5950488448143005,9.539556503295898
1700822923128828000,61.44082788085937,2.189267158508301,0.5863155126571655,9.541159629821777
1700822923138694000,61.45069384765625,2.1842496395111084,0.5749751925468445,9.543000221252441
1700822923148802000,61.46080200195313,2.1803364753723145,0.5608335733413696,9.544736862182617
1700822923158894000,61.47089404296875,2.1775856018066406,0.5452987551689148,9.5462646484375
1700822923168792000,61.4807919921875,2.1751766204833984,0.5330033302307129,9.547508239746094
1700822923178872000,61.4908720703125,2.17220401763916,0.5244815349578857,9.548657417297363
1700822923188811000,61.50081103515625,2.1683948040008545,0.518126904964447,9.5498685836792
1700822923198831000,61.5108310546875,2.164924383163452,0.5125137567520142,9.550959587097168
1700822923208722000,61.52072192382813,2.162147283554077,0.5059559941291809,9.5519380569458
1700822923218698000,61.530697998046875,2.1611340045928955,0.4977200925350189,9.55259895324707
1700822923228881000,61.540880859375,2.1612257957458496,0.48932257294654846,9.55301284790039
1700822923238828000,61.550828125,2.160855293273926,0.4803139269351959,9.55355453491211
1700822923248829000,61.560828857421875,2.160238742828369,0.4729501008987427,9.554061889648438
1700822923258970000,61.57097021484375,2.163135290145874,0.4695455729961395,9.553573608398438
1700822923268824000,61.58082397460937,2.1727283000946045,0.47316843271255493,9.551218032836914
1700822923278952000,61.59095190429687,2.184366464614868,0.48191550374031067,9.548125267028809
1700822923288849000,61.60084887695312,2.1924610137939453,0.4919482469558716,9.545757293701172
1700822923298731000,61.61073095703125,2.197932720184326,0.5022794008255005,9.543961524963379
1700822923308668000,61.62066796875,2.204047918319702,0.5136509537696838,9.541945457458496
1700822923318627000,61.630626953125,2.2126080989837646,0.5234519243240356,9.539432525634766
1700822923328708000,61.6407080078125,2.2217330932617188,0.5272688269615173,9.537099838256836
1700822923338653000,61.65065283203125,2.228248119354248,0.5272083878517151,9.535585403442383
1700822923348769000,61.66076904296875,2.231801986694336,0.5263201594352722,9.53480052947998
1700822923358686000,61.67068603515625,2.2337703704833984,0.5267208814620972,9.534318923950195
1700822923368789000,61.6807890625,2.234703540802002,0.5293804407119751,9.533952713012695
1700822923378775000,61.69077514648438,2.2375264167785645,0.5337228775024414,9.533048629760742
1700822923388931000,61.70093115234375,2.2410836219787598,0.5369906425476074,9.532029151916504
1700822923398929000,61.710928955078124,2.2438230514526367,0.5375780463218689,9.531351089477539
1700822923408852000,61.72085205078125,2.244926929473877,0.5334230065345764,9.531325340270996
1700822923418695000,61.73069482421875,2.2451584339141846,0.5247864127159119,9.531749725341797
1700822923428858000,61.74085815429687,2.2453877925872803,0.5149763822555542,9.532231330871582
1700822923438878000,61.7508779296875,2.2439517974853516,0.5065329670906067,9.533021926879883
1700822923448775000,61.76077490234375,2.242337465286255,0.501658022403717,9.533659934997559
1700822923458857000,61.77085693359375,2.244534492492676,0.501116156578064,9.533171653747559
1700822923468802000,61.78080200195313,2.252232551574707,0.5029767155647278,9.531257629394531
1700822923480080000,61.792079833984374,2.262991189956665,0.5063704252243042,9.52852725982666
1700822923488644000,61.80064404296875,2.2704601287841797,0.5100330710411072,9.526556968688965
1700822923498833000,61.8108330078125,2.2720823287963867,0.5182183980941772,9.525728225708008
1700822923508648000,61.82064794921875,2.2664794921875,0.5280354619026184,9.52652359008789
1700822923519234000,61.83123413085937,2.2543559074401855,0.5370321273803711,9.52889633178711
1700822923528647000,61.84064697265625,2.2397215366363525,0.541681706905365,9.532083511352539
1700822923538688000,61.85068798828125,2.2253265380859375,0.5440513491630554,9.535318374633789
1700822923548716000,61.86071606445312,2.2113468647003174,0.5439785718917847,9.538575172424316
1700822923558637000,61.87063696289062,2.2028987407684326,0.541260838508606,9.540685653686523
1700822923568749000,61.8807490234375,2.2058064937591553,0.5369938611984253,9.540254592895508
1700822923578826000,61.890825927734376,2.2181503772735596,0.5336951017379761,9.537577629089355
1700822923588889000,61.90088916015625,2.2336668968200684,0.5320426225662231,9.53404712677002
1700822923598862000,61.910862060546876,2.245638608932495,0.5269356966018677,9.531517028808594
1700822923608719000,61.92071899414063,2.2501747608184814,0.5232940912246704,9.530648231506348
1700822923618815000,61.93081494140625,2.252310037612915,0.5307289361953735,9.529732704162598
1700822923628757000,61.94075708007812,2.2440805435180664,0.5232759714126587,9.532087326049805
1700822923638834000,61.950833984375,2.2309205532073975,0.5219871401786804,9.535245895385742
1700822923648774000,61.96077392578125,2.213134288787842,0.5185752511024475,9.53957462310791
1700822923658798000,61.970798095703124,2.194841146469116,0.51215660572052,9.544148445129395
1700822923668867000,61.9808671875,2.1770033836364746,0.5038087964057922,9.548676490783691
1700822923678844000,61.990843994140626,2.1579294204711914,0.4949202537536621,9.553471565246582
1700822923688846000,62.00084619140625,2.1368608474731445,0.4856862723827362,9.558679580688477
1700822923698819000,62.010819091796876,2.0290446281433105,0.3355863094329834,9.588574409484863
1700822923708840000,62.02083984375,1.8732393980026245,0.18629619479179382,9.624274253845215
1700822923718849000,62.03084912109375,1.694361686706543,0.0649222657084465,9.658949851989746
1700822923728833000,62.0408330078125,1.5521568059921265,0.014341244474053383,9.683026313781738
1700822923738851000,62.05085107421875,1.4635826349258423,0.006489946506917477,9.696818351745605
1700822923748816000,62.06081591796875,1.3839243650436401,0.015202829614281654,9.708497047424316
1700822923758846000,62.070845947265624,1.2998318672180176,0.03959609940648079,9.720046043395996
1700822923768822000,62.08082202148437,1.2160950899124146,0.06534983962774277,9.730735778808594
1700822923778843000,62.0908427734375,1.144975185394287,0.07960253208875656,9.73925495147705
1700822923789032000,62.10103198242187,1.1051716804504395,0.07325754314661026,9.743903160095215
1700822923798722000,62.11072216796875,1.0670593976974487,0.06731295585632324,9.748193740844727
1700822923808849000,62.120848876953126,1.0339102745056152,0.061070848256349564,9.75180435180664
1700822923818832000,62.13083178710937,1.0068193674087524,0.05227174609899521,9.754691123962402
1700822923828814000,62.14081396484375,0.9861021637916565,0.040591537952423096,9.756861686706543
1700822923838846000,62.15084594726562,0.9715285897254944,0.028075464069843292,9.758368492126465
1700822923848937000,62.16093701171875,0.9621341228485107,0.020356852561235428,9.759316444396973
1700822923858850000,62.17085009765625,0.9551643133163452,0.016804419457912445,9.760009765625
1700822923868953000,62.180953125,0.9481982588768005,0.017087621614336967,9.760686874389648
1700822923878838000,62.19083813476563,0.9424112439155579,0.019985096529126167,9.761242866516113
1700822923888871000,62.20087084960937,0.9397124648094177,0.024003392085433006,9.761493682861328
1700822923898716000,62.2107158203125,0.941127598285675,0.02893441915512085,9.761344909667969
1700822923908697000,62.220697021484376,1.03285551071167,0.11035072058439255,9.751483917236328
1700822923919007000,62.23100708007812,1.0847463607788086,0.14811667799949646,9.745347023010254
1700822923928817000,62.24081689453125,1.1056379079818726,0.15717443823814392,9.742856979370117
1700822923938726000,62.250725830078125,1.1191928386688232,0.15894962847232819,9.741280555725098
1700822923948974000,62.26097412109375,1.1332387924194336,0.15835458040237427,9.739665985107422
1700822923958956000,62.2709560546875,1.1462963819503784,0.15816490352153778,9.738140106201172
1700822923968829000,62.280828857421874,1.1528475284576416,0.1586059182882309,9.737360954284668
1700822923978962000,62.2909619140625,1.1514854431152344,0.1581859439611435,9.737528800964355
1700822923988851000,62.300850830078126,1.1507049798965454,0.15651217103004456,9.73764705657959
1700822923998700000,62.31069995117188,1.1548343896865845,0.15206629037857056,9.737228393554688
1700822924008845000,62.32084497070313,1.1625295877456665,0.1455310434103012,9.73641300201416
1700822924018840000,62.33084008789063,1.179833173751831,0.13419131934642792,9.734493255615234
1700822924028805000,62.34080517578125,1.204190969467163,0.11894114315509796,9.731709480285645
1700822924038700000,62.350699951171876,1.2347798347473145,0.10050825029611588,9.728084564208984
1700822924049270000,62.36127001953125,1.260061264038086,0.08560673892498016,9.724983215332031
1700822924058845000,62.370844970703125,1.2774808406829834,0.0786602795124054,9.722769737243652
1700822924068891000,62.38089086914062,1.2956410646438599,0.07645166665315628,9.720383644104004
1700822924078736000,62.39073583984375,1.3166254758834839,0.0775219276547432,9.71755599975586
1700822924089001000,62.4010009765625,1.3477483987808228,0.08075959235429764,9.713261604309082
1700822924098699000,62.410698974609375,1.3928688764572144,0.08479834347963333,9.706860542297363
1700822924108830000,62.42082983398438,1.4539276361465454,0.09040624648332596,9.697851181030273
1700822924118859000,62.43085888671875,1.5210415124893188,0.09582243114709854,9.6875
1700822924128904000,62.440904052734375,1.5567539930343628,0.08829115331172943,9.681897163391113
1700822924138932000,62.45093188476562,1.5940769910812378,0.08105389773845673,9.675884246826172
1700822924148814000,62.46081396484375,1.6352263689041138,0.07416793704032898,9.669072151184082
1700822924158842000,62.47084204101562,1.6794734001159668,0.0691065639257431,9.661521911621094
1700822924168806000,62.48080590820312,1.7198940515518188,0.06606938689947128,9.65442943572998
1700822924178817000,62.49081713867187,1.7545671463012695,0.06419599801301956,9.648200035095215
1700822924188890000,62.50089013671875,1.7839275598526,0.06340016424655914,9.64281940460205
1700822924198899000,62.51089892578125,2.0442237854003906,0.23989655077457428,9.58822250366211
1700822924209127000,62.521126953125,2.2392330169677734,0.317385733127594,9.5423002243042
1700822924218829000,62.5308291015625,2.404308557510376,0.3407578468322754,9.501241683959961
1700822924228988000,62.54098779296875,2.433807849884033,0.34338411688804626,9.493631362915039
1700822924238913000,62.5509130859375,2.4790749549865723,0.3471466898918152,9.481776237487793
1700822924248827000,62.560826904296874,2.5264346599578857,0.3476841449737549,9.469247817993164
1700822924258704000,62.570703857421876,2.5709900856018066,0.34355655312538147,9.457398414611816
1700822924268741000,62.5807412109375,2.608381986618042,0.33589988946914673,9.447428703308105
1700822924278772000,62.59077197265625,2.6384568214416504,0.32557255029678345,9.439435005187988
1700822924288751000,62.600751220703124,2.6606221199035645,0.3122852146625519,9.433661460876465
1700822924298872000,62.6108720703125,2.673654317855835,0.2962573170661926,9.430492401123047
1700822924309060000,62.62106005859375,2.69161057472229,0.27823564410209656,9.425931930541992
1700822924318832000,62.63083203125,2.712120771408081,0.2581435739994049,9.420624732971191
1700822924328692000,62.64069189453125,2.7228829860687256,0.23356939852237701,9.418160438537598
1700822924338642000,62.65064184570313,2.7180333137512207,0.20229192078113556,9.420284271240234
1700822924348670000,62.660669921875,2.6810874938964844,0.16939590871334076,9.431513786315918
1700822924359086000,62.671086181640625,2.6341006755828857,0.13519231975078583,9.445297241210938
1700822924368767000,62.68076708984375,2.571033000946045,0.10073971748352051,9.463088035583496
1700822924378858000,62.69085791015625,2.490910291671753,0.06846563518047333,9.484782218933105
1700822924388724000,62.70072387695313,2.3883118629455566,0.03758271411061287,9.511306762695312
1700822924398810000,62.71081005859375,2.2807223796844482,0.013809914700686932,9.537741661071777
1700822924408827000,62.72082690429688,2.1697771549224854,-0.002683247672393918,9.563599586486816
1700822924418809000,62.73080908203125,2.0592503547668457,-0.00997019000351429,9.588001251220703
1700822924428806000,62.74080590820312,1.9536716938018799,-0.015976736322045326,9.610063552856445
1700822924438709000,62.750708984375,1.8331806659698486,-0.030604982748627663,9.63373851776123
1700822924448825000,62.7608251953125,1.7013139724731445,-0.054041679948568344,9.657795906066895
1700822924458805000,62.770804931640626,1.5610966682434082,-0.07968582212924957,9.68127155303955
1700822924468789000,62.7807890625,1.3930600881576538,-0.10510551184415817,9.706632614135742
1700822924478816000,62.79081591796875,1.2113468647003174,-0.12691986560821533,9.730720520019531
1700822924488796000,62.8007958984375,1.0200164318084717,-0.14510434865951538,9.752379417419434
1700822924498817000,62.81081713867187,0.8277283310890198,-0.1590992659330368,9.770359992980957
1700822924508845000,62.82084497070313,0.6400129199028015,-0.17292290925979614,9.784214973449707
1700822924518662000,62.830661865234376,0.44504883885383606,-0.19229191541671753,9.794657707214355
1700822924529518000,62.84151806640625,0.22776158154010773,-0.21350130438804626,9.801680564880371
1700822924542193000,62.85419287109375,-0.0011424480471760035,-0.22827421128749847,9.803993225097656
1700822924558630000,62.8706298828125,-0.40765172243118286,-0.24473786354064941,9.795117378234863
1700822924568743000,62.88074291992187,-0.5938812494277954,-0.24811464548110962,9.785506248474121
1700822924578793000,62.89079296875,-0.7876935005187988,-0.24528585374355316,9.77188777923584
1700822924588743000,62.900742919921875,-0.9805384278297424,-0.23880262672901154,9.754583358764648
1700822924598630000,62.9106298828125,-1.1667544841766357,-0.23326602578163147,9.734199523925781
1700822924608718000,62.920718017578125,-1.3602590560913086,-0.23590923845767975,9.708986282348633
1700822924618747000,62.93074682617188,-1.5619301795959473,-0.24599838256835938,9.678339004516602
1700822924628818000,62.94081787109375,-1.7657077312469482,-0.25591859221458435,9.642985343933105
1700822924638904000,62.95090405273437,-1.9773011207580566,-0.26073387265205383,9.601702690124512
1700822924648773000,62.96077319335937,-2.193279981613159,-0.26181232929229736,9.554651260375977
1700822924658817000,62.970817138671876,-2.3923747539520264,-0.26544660329818726,9.506653785705566
1700822924668781000,62.98078100585938,-2.601470708847046,-0.27719753980636597,9.451240539550781
1700822924678811000,62.990810791015626,-2.8337056636810303,-0.2991536259651184,9.38354778289795
1700822924688821000,63.00082104492188,-3.0866737365722656,-0.32941168546676636,9.30238151550293
1700822924698784000,63.010783935546876,-3.3487298488616943,-0.36178457736968994,9.210077285766602
1700822924708856000,63.02085595703125,-3.5752031803131104,-0.384996235370636,9.123602867126465
1700822924718808000,63.03080810546875,-3.7565112113952637,-0.39720162749290466,9.049930572509766
1700822924729006000,63.04100610351563,-3.93335223197937,-0.4045321047306061,8.974159240722656
1700822924738722000,63.05072216796875,-4.06344747543335,-0.4070449769496918,8.915891647338867
1700822924748830000,63.06082983398438,-4.179861545562744,-0.40709057450294495,8.861908912658691
1700822924758846000,63.070845947265624,-4.288505554199219,-0.4075070321559906,8.80982780456543
1700822924768804000,63.08080419921875,-4.3978400230407715,-0.40673166513442993,8.755797386169434
1700822924778810000,63.09081005859375,-4.499484539031982,-0.40060529112815857,8.704280853271484
1700822924788813000,63.10081298828125,-4.6035051345825195,-0.39433279633522034,8.650009155273438
1700822924798804000,63.110803955078126,-4.694561004638672,-0.38872841000556946,8.60118579864502
1700822924808821000,63.120821044921875,-4.749359607696533,-0.3824369013309479,8.571331024169922
1700822924818841000,63.13084106445312,-4.76434850692749,-0.38326576352119446,8.562973976135254
1700822924828843000,63.14084301757813,-4.756931781768799,-0.38936173915863037,8.566818237304688
1700822924838896000,63.150896240234374,-4.722268104553223,-0.39505642652511597,8.585718154907227
1700822924848862000,63.160862060546876,-4.661183834075928,-0.40532881021499634,8.618556022644043
1700822924858709000,63.170708984375,-4.586912155151367,-0.4194926619529724,8.657634735107422
1700822924868786000,63.18078588867188,-4.50111198425293,-0.4385743737220764,8.70160961151123
1700822924878810000,63.19081005859375,-4.388603687286377,-0.461924284696579,8.757694244384766
1700822924888687000,63.20068701171875,-4.243535995483398,-0.488421231508255,8.827471733093262
1700822924898895000,63.21089501953125,-4.0818047523498535,-0.5102022886276245,8.90218734741211
1700822924908786000,63.22078588867188,-3.923194169998169,-0.523081362247467,8.972476959228516
1700822924918819000,63.230819091796874,-3.7581984996795654,-0.5269002914428711,9.04260540008545
1700822924928912000,63.240911865234374,-3.570103645324707,-0.5156228542327881,9.119149208068848
1700822924938774000,63.25077392578125,-3.3210909366607666,-0.4851140081882477,9.214412689208984
1700822924949016000,63.26101611328125,-3.0384812355041504,-0.4438248574733734,9.313485145568848
1700822924958736000,63.27073583984375,-2.702643871307373,-0.3917962610721588,9.41873550415039
1700822924969034000,63.28103393554687,-2.361138105392456,-0.361676424741745,9.5112886428833
1700822924978750000,63.29075,-2.0562963485717773,-0.3395715653896332,9.582626342773438
1700822924988861000,63.30086083984375,-1.8068910837173462,-0.3165268003940582,9.633553504943848
1700822924998847000,63.31084692382812,-1.596030592918396,-0.29268795251846313,9.671473503112793
1700822925008702000,63.320701904296875,-1.4111828804016113,-0.27869799733161926,9.700581550598145
1700822925018725000,63.33072509765625,-1.222867488861084,-0.25771600008010864,9.726694107055664
1700822925028682000,63.34068188476562,-1.0176234245300293,-0.22533172369003296,9.751106262207031
1700822925039787000,63.351787109375,-0.7891626954078674,-0.18233546614646912,9.773143768310547
1700822925048955000,63.36095483398437,-0.5711138248443604,-0.13556963205337524,9.789066314697266
1700822925058835000,63.3708349609375,-0.4158852994441986,-0.0986328125,9.797330856323242
1700822925069119000,63.381118896484374,-0.34595543146133423,-0.07416413724422455,9.800265312194824
1700822925079477000,63.39147705078125,-0.361024409532547,-0.05373656004667282,9.799856185913086
1700822925088993000,63.400992919921876,-0.445434033870697,-0.036180153489112854,9.796463012695312
1700822925099301000,63.41130102539063,-0.5574150085449219,-0.02248772606253624,9.790769577026367
1700822925108845000,63.42084497070312,-0.6317120790481567,-0.017119769006967545,9.78626823425293
1700822925118980000,63.43097998046875,-0.7089309692382812,-0.020993396639823914,9.780970573425293
1700822925128833000,63.4408330078125,-0.8066902160644531,-0.03700461983680725,9.773346900939941
1700822925138757000,63.45075708007813,-0.9485501646995544,-0.06691080331802368,9.760437965393066
1700822925148836000,63.46083618164062,-1.1501446962356567,-0.11287059634923935,9.73831844329834
1700822925158838000,63.47083813476563,-1.3513708114624023,-0.161606565117836,9.711749076843262
1700822925169251000,63.4812509765625,-1.5444754362106323,-0.2109413892030716,9.681966781616211
1700822925178862000,63.490862060546874,-1.7541800737380981,-0.261820524930954,9.644929885864258
1700822925188867000,63.5008671875,-1.9606907367706299,-0.3048553466796875,9.603808403015137
1700822925198764000,63.51076391601563,-2.1656510829925537,-0.33865854144096375,9.558539390563965
1700822925208779000,63.520779052734376,-2.339052677154541,-0.362993061542511,9.516695976257324
1700822925218810000,63.53081005859375,-2.4801197052001953,-0.39115914702415466,9.479787826538086
1700822925229334000,63.541333984375,-2.5982329845428467,-0.4325999915599823,9.446293830871582
1700822925238874000,63.5508740234375,-2.682898759841919,-0.47499945759773254,9.420552253723145
1700822925248877000,63.560876953125,-2.7808501720428467,-0.5309431552886963,9.38910961151123
1700822925258859000,63.57085888671875,-2.8720574378967285,-0.5869140625,9.358270645141602
1700822925268848000,63.58084814453125,-2.976815938949585,-0.6511062383651733,9.321213722229004
1700822925278722000,63.59072216796875,-3.097191572189331,-0.7015472650527954,9.27823543548584
1700822925289407000,63.60140698242188,-3.2033164501190186,-0.745693027973175,9.238675117492676
1700822925299104000,63.61110400390625,-3.287546396255493,-0.7883552312850952,9.205484390258789
1700822925309084000,63.621083984375,-3.320558547973633,-0.8287386298179626,9.190075874328613
1700822925318756000,63.63075610351562,-3.3102424144744873,-0.863356351852417,9.1906099319458
1700822925328653000,63.64065307617187,-3.26906681060791,-0.8738520741462708,9.204345703125
1700822925338798000,63.650798095703124,-3.2056901454925537,-0.8561331629753113,9.228271484375
1700822925348726000,63.66072607421875,-3.147104263305664,-0.8215917348861694,9.251548767089844
1700822925358723000,63.67072314453125,-3.1217212677001953,-0.7849608659744263,9.263320922851562
1700822925368734000,63.68073388671875,-3.1203367710113525,-0.7512459754943848,9.266580581665039
1700822925378641000,63.69064086914062,-3.081951856613159,-0.712271511554718,9.282490730285645
1700822925388788000,63.7007880859375,-2.9907078742980957,-0.6617366671562195,9.316015243530273
1700822925398662000,63.71066186523438,-2.88358473777771,-0.597184956073761,9.354074478149414
1700822925408827000,63.72082690429688,-2.7917866706848145,-0.531116783618927,9.385854721069336
1700822925419494000,63.73149389648437,-2.7067127227783203,-0.46888214349746704,9.414045333862305
1700822925428679000,63.740678955078124,-2.61114239692688,-0.41341012716293335,9.44359302520752
1700822925438806000,63.75080590820313,-2.4887495040893555,-0.3611246347427368,9.478719711303711
1700822925448685000,63.76068505859375,-2.330197334289551,-0.30735448002815247,9.520825386047363
1700822925458775000,63.770775146484375,-2.1612629890441895,-0.2545408606529236,9.562142372131348
1700822925468852000,63.78085205078125,-2.023475170135498,-0.20933189988136292,9.593338966369629
1700822925479208000,63.7912080078125,-1.910796880722046,-0.16533377766609192,9.617270469665527
1700822925488972000,63.80097192382812,-1.809739112854004,-0.12456190586090088,9.63741397857666
1700822925498840000,63.810840087890625,-1.6744433641433716,-0.08084668219089508,9.662303924560547
1700822925508831000,63.8208310546875,-1.501677393913269,-0.035322364419698715,9.690929412841797
1700822925518893000,63.83089306640625,-1.2949734926223755,0.015370880253612995,9.7207612991333
1700822925530127000,63.842127197265626,-1.131079077720642,0.05712415650486946,9.741035461425781
1700822925540409000,63.8524091796875,-0.9692983627319336,0.1025102362036705,9.758090019226074
1700822925548648000,63.86064794921875,-0.8352022767066956,0.14419804513454437,9.7699556350708
1700822925558648000,63.87064794921875,-0.6963710188865662,0.18789952993392944,9.78009033203125
1700822925568629000,63.88062890625,-0.5521902441978455,0.22988370060920715,9.788392066955566
1700822925578678000,63.890677978515626,-0.37655922770500183,0.27396366000175476,9.795587539672852
1700822925588987000,63.90098681640625,-0.18197686970233917,0.31187164783477783,9.800000190734863
1700822925598830000,63.910830078125,0.014923136681318283,0.34280866384506226,9.80064582824707
1700822925608704000,63.9207041015625,0.19250468909740448,0.3669087886810303,9.797894477844238
1700822925618635000,63.93063500976562,0.3421494662761688,0.38736382126808167,9.793022155761719
1700822925630474000,63.94247387695312,0.46216773986816406,0.4052572250366211,9.78736686706543
1700822925638652000,63.95065185546875,0.5579575896263123,0.41995471715927124,9.781754493713379
1700822925648728000,63.96072802734375,0.6440327763557434,0.4330614507198334,9.775891304016113
1700822925658900000,63.97089990234375,0.7269428372383118,0.4409782290458679,9.769722938537598
1700822925668740000,63.980739990234376,0.8114100694656372,0.4419865310192108,9.76302433013916
1700822925678830000,63.990830078125,0.9042564034461975,0.43940848112106323,9.75498104095459
1700822925688711000,64.0007109375,0.9982205033302307,0.4353238642215729,9.745997428894043
1700822925698853000,64.01085302734376,1.0826420783996582,0.42915743589401245,9.73725414276123
1700822925708630000,64.02063012695312,1.1598836183547974,0.4250204861164093,9.728535652160645
1700822925718677000,64.03067700195312,1.219592809677124,0.4270861744880676,9.721141815185547
1700822925728714000,64.0407138671875,1.2675069570541382,0.43363896012306213,9.714719772338867
1700822925738866000,64.05086596679688,1.3123327493667603,0.43939679861068726,9.708507537841797
1700822925748764000,64.06076391601563,1.362776517868042,0.44153615832328796,9.701457977294922
1700822925758842000,64.07084204101562,1.4142143726348877,0.4382552206516266,9.69424057006836
1700822925768826000,64.080826171875,1.4546318054199219,0.43002310395240784,9.688629150390625
1700822925778779000,64.09077880859375,1.481937289237976,0.41837504506111145,9.684998512268066
1700822925789155000,64.10115502929688,1.5018353462219238,0.41611501574516296,9.682031631469727
1700822925798844000,64.11084399414062,1.4934725761413574,0.40980595350265503,9.683592796325684
1700822925808695000,64.12069506835938,1.4755182266235352,0.40468496084213257,9.686561584472656
1700822925818849000,64.13084912109375,1.4579745531082153,0.4027273952960968,9.689298629760742
1700822925828813000,64.14081298828125,1.4447609186172485,0.4071069359779358,9.691094398498535
1700822925838928000,64.15092797851563,1.4345729351043701,0.41784635186195374,9.692150115966797
1700822925848893000,64.16089282226562,1.423851490020752,0.42916885018348694,9.693236351013184
1700822925858903000,64.17090307617187,1.4137593507766724,0.4346534013748169,9.69447135925293
1700822925868738000,64.18073803710938,1.4094061851501465,0.43368077278137207,9.695148468017578
1700822925878891000,64.19089111328125,1.4112452268600464,0.42934244871139526,9.695074081420898
1700822925889022000,64.20102197265625,1.4127482175827026,0.4279547929763794,9.694916725158691
1700822925898850000,64.21085009765625,1.4157216548919678,0.439338356256485,9.693974494934082
1700822925908911000,64.2209111328125,1.4247853755950928,0.45612990856170654,9.691868782043457
1700822925919321000,64.23132104492187,1.436776041984558,0.4722340703010559,9.689326286315918
1700822925928898000,64.24089794921875,1.4545644521713257,0.4894070327281952,9.685820579528809
1700822925938963000,64.250962890625,1.468195915222168,0.5062839388847351,9.682896614074707
1700822925949223000,64.26122290039062,1.4825201034545898,0.5248857736587524,9.679720878601074
1700822925958892000,64.27089208984376,1.5030289888381958,0.5460805296897888,9.675385475158691
1700822925968822000,64.28082202148437,1.5302633047103882,0.5677566528320312,9.669867515563965
1700822925978893000,64.29089306640626,1.5585418939590454,0.5877686142921448,9.664154052734375
1700822925988761000,64.30076098632813,1.6608309745788574,0.5884437561035156,9.64706039428711
1700822925999245000,64.3112451171875,1.7903318405151367,0.5635413527488708,9.625358581542969
1700822926008888000,64.32088818359375,1.9288952350616455,0.5087468028068542,9.60161018371582
1700822926018759000,64.33075903320312,2.0662975311279297,0.41718000173568726,9.577410697937012
1700822926029097000,64.34109692382812,2.1677467823028564,0.2974453568458557,9.559435844421387
1700822926038875000,64.350875,2.2106399536132812,0.1913251280784607,9.552321434020996
1700822926048901000,64.36090112304687,2.204066753387451,0.10044833272695541,9.555229187011719
1700822926058838000,64.37083813476562,2.146920680999756,0.040858373045921326,9.568671226501465
1700822926068909000,64.38090893554687,2.0378878116607666,0.005979074630886316,9.592569351196289
1700822926078893000,64.39089306640625,2.0487618446350098,0.020209552720189095,9.590231895446777
1700822926089258000,64.40125805664063,2.0554299354553223,0.03034370020031929,9.58877944946289
1700822926099187000,64.41118701171875,2.069946527481079,0.040903087705373764,9.585617065429688
1700822926109372000,64.42137182617188,2.0889389514923096,0.0504901260137558,9.581450462341309
1700822926118694000,64.43069384765624,2.10813307762146,0.05828823149204254,9.577199935913086
1700822926128790000,64.4407900390625,2.121098279953003,0.06375613808631897,9.574302673339844
1700822926138940000,64.45093994140625,2.1293065547943115,0.06727291643619537,9.572456359863281
1700822926148845000,64.46084497070312,2.132711887359619,0.07013356685638428,9.571677207946777
1700822926158903000,64.47090307617188,2.13325572013855,0.07444383203983307,9.571523666381836
1700822926168777000,64.48077685546875,2.131946325302124,0.08090455085039139,9.571763038635254
1700822926178908000,64.49090795898438,2.1280438899993896,0.09157821536064148,9.572535514831543
1700822926188796000,64.5007958984375,2.121068239212036,0.10697364807128906,9.57392406463623
1700822926198866000,64.51086596679687,2.114070415496826,0.12717413902282715,9.575224876403809
1700822926208804000,64.52080419921874,2.1129860877990723,0.1493377536535263,9.57514476776123
1700822926218752000,64.530751953125,2.1224594116210938,0.17380787432193756,9.57263469696045
1700822926228778000,64.54077807617188,2.1429131031036377,0.20157237350940704,9.567533493041992
1700822926238819000,64.55081909179688,2.1670000553131104,0.23006489872932434,9.561463356018066
1700822926248948000,64.56094799804687,2.193295955657959,0.25865882635116577,9.554734230041504
1700822926258717000,64.57071704101563,2.2201056480407715,0.28724926710128784,9.547723770141602
1700822926268820000,64.58082006835937,2.2534143924713135,0.30235886573791504,9.539449691772461
1700822926278849000,64.59084912109375,2.093350887298584,0.5519596338272095,9.564705848693848
1700822926288846000,64.60084619140625,1.99052095413208,0.6878738403320312,9.577842712402344
1700822926298857000,64.61085693359375,1.9645179510116577,0.7225631475448608,9.580656051635742
1700822926308774000,64.62077392578125,1.969260811805725,0.7289698123931885,9.579195976257324
1700822926318798000,64.63079809570313,1.9709609746932983,0.7342442870140076,9.57844352722168
1700822926328694000,64.64069409179687,1.9740588665008545,0.7378586530685425,9.57752799987793
1700822926338800000,64.65080004882813,1.9780609607696533,0.7400971055030823,9.576529502868652
1700822926348829000,64.66082885742188,1.9810072183609009,0.7400994300842285,9.575921058654785
1700822926358697000,64.67069702148437,1.9805546998977661,0.7362337112426758,9.576312065124512
1700822926368782000,64.68078198242188,2.01511549949646,0.4767369329929352,9.585532188415527
1700822926378836000,64.6908359375,2.0404844284057617,0.2987579107284546,9.587364196777344
1700822926389358000,64.70135815429687,2.045604705810547,0.23371493816375732,9.588079452514648
1700822926398833000,64.7108330078125,2.0433311462402344,0.19503918290138245,9.589428901672363
1700822926408894000,64.72089404296875,2.0375266075134277,0.15802110731601715,9.59134578704834
1700822926418974000,64.73097387695313,2.0291225910186768,0.11538813263177872,9.593734741210938
1700822926429014000,64.74101391601563,2.0280041694641113,0.07359948754310608,9.594383239746094
1700822926438940000,64.75093994140624,2.0288586616516113,0.056496378034353256,9.594317436218262
1700822926448936000,64.76093603515625,2.0139570236206055,0.0577726848423481,9.597451210021973
1700822926458836000,64.7708359375,2.011186122894287,0.05738397687673569,9.598031997680664
1700822926468964000,64.78096411132813,2.015059232711792,0.04608604311943054,9.597280502319336
1700822926478884000,64.79088403320313,2.0029072761535645,0.06806319206953049,9.59969425201416
1700822926488948000,64.80094799804688,2.0036873817443848,0.07137830555438995,9.599507331848145
1700822926498863000,64.81086303710937,2.005283832550049,0.07922843843698502,9.599112510681152
1700822926508930000,64.82092993164062,2.0051205158233643,0.08986147493124008,9.599052429199219
1700822926518706000,64.83070581054687,2.004439353942871,0.10138941556215286,9.599079132080078
1700822926528889000,64.84088916015625,2.0067694187164307,0.11286211758852005,9.598465919494629
1700822926538863000,64.85086303710938,1.9259068965911865,0.38226622343063354,9.608077049255371
1700822926548954000,64.8609541015625,1.874248743057251,0.5325430035591125,9.611139297485352
1700822926558815000,64.87081494140625,1.8233270645141602,0.6242346167564392,9.615415573120117
1700822926568849000,64.88084887695312,1.751733660697937,0.702197253704071,9.623342514038086
1700822926578985000,64.89098486328125,1.6629682779312134,0.7818295955657959,9.63294792175293
1700822926589064000,64.90106396484374,1.5651367902755737,0.8783458471298218,9.641018867492676
1700822926598941000,64.91094091796874,1.4833896160125732,0.9915104508399963,9.642969131469727
1700822926609047000,64.92104711914062,1.4545398950576782,1.0755772590637207,9.638352394104004
1700822926618823000,64.93082299804688,1.4650936126708984,1.111345887184143,9.632695198059082
1700822926628855000,64.94085498046876,1.485249400138855,1.1209683418273926,9.62849235534668
1700822926638703000,64.950703125,1.508773922920227,1.1300158500671387,9.623775482177734
1700822926649068000,64.96106811523437,1.5340213775634766,1.1372461318969727,9.61893081665039
1700822926660211000,64.9722109375,1.5580087900161743,1.1404337882995605,9.614697456359863
1700822926669512000,64.98151196289062,1.5732725858688354,1.1448475122451782,9.611686706542969
1700822926678690000,64.99068994140625,1.583025336265564,1.1486834287643433,9.609628677368164
1700822926688891000,65.00089086914062,1.5882443189620972,1.149580717086792,9.608660697937012
1700822926698660000,65.01066015625,1.5885614156723022,1.147385835647583,9.608868598937988
1700822926708864000,65.02086401367187,1.5811834335327148,1.1503419876098633,9.609732627868652
1700822926718785000,65.03078491210937,1.5757997035980225,1.1518176794052124,9.610441207885742
1700822926728653000,65.04065307617188,1.6804591417312622,1.0458166599273682,9.604828834533691
1700822926738700000,65.05069995117188,1.8067675828933716,0.9552727341651917,9.59132194519043
1700822926748749000,65.0607490234375,1.943790316581726,0.8705304861068726,9.572578430175781
1700822926758750000,65.07075,2.0545270442962646,0.7902762293815613,9.556400299072266
1700822926768682000,65.08068188476562,2.0759761333465576,0.7996057868003845,9.550987243652344
1700822926778791000,65.090791015625,2.1008689403533936,0.8078604340553284,9.544846534729004
1700822926788794000,65.10079418945313,2.125332832336426,0.8149495124816895,9.538825988769531
1700822926798894000,65.11089404296875,2.146806001663208,0.8203937411308289,9.533549308776855
1700822926808823000,65.12082299804688,2.163339138031006,0.8246124982833862,9.529448509216309
1700822926818667000,65.1306669921875,2.1972057819366455,0.8186159133911133,9.52221393585205
1700822926828835000,65.1408349609375,2.2149698734283447,0.8173398971557617,9.518207550048828
1700822926838787000,65.150787109375,2.2313547134399414,0.8167287707328796,9.51443099975586
1700822926848918000,65.16091796875,2.2547848224639893,0.8133020401000977,9.509200096130371
1700822926858707000,65.17070703125,2.2834277153015137,0.8041951656341553,9.503137588500977
1700822926868957000,65.18095703125,2.3171684741973877,0.7842936515808105,9.496630668640137
1700822926878828000,65.190828125,2.352771759033203,0.7550330758094788,9.490245819091797
1700822926888861000,65.20086083984376,2.392923593521118,0.7168135046958923,9.483169555664062
1700822926898877000,65.210876953125,2.4286868572235107,0.6787105798721313,9.476879119873047
1700822926908860000,65.22085986328125,2.437760353088379,0.6683224439620972,9.475287437438965
1700822926919276000,65.23127612304687,2.445807933807373,0.6595049500465393,9.473830223083496
1700822926928948000,65.24094799804688,2.452751398086548,0.6522352695465088,9.472538948059082
1700822926938922000,65.250921875,2.4578747749328613,0.6461591720581055,9.471628189086914
1700822926948871000,65.26087084960938,2.4600164890289307,0.6413599252700806,9.47139835357666
1700822926958859000,65.27085888671876,2.458690881729126,0.6379778981208801,9.471969604492188
1700822926968738000,65.28073803710937,2.4558863639831543,0.6351307034492493,9.472888946533203
1700822926978848000,65.29084790039063,2.4554004669189453,0.6309995651245117,9.47329044342041
1700822926988897000,65.30089697265625,2.4597649574279785,0.6247115731239319,9.472576141357422
1700822926998920000,65.310919921875,2.4643595218658447,0.6153939962387085,9.471990585327148
1700822927009764000,65.32176416015625,2.46608304977417,0.603688657283783,9.472295761108398
1700822927018769000,65.33076879882813,2.465890407562256,0.5944046974182129,9.472932815551758
1700822927028780000,65.34078002929688,2.467437982559204,0.5876488089561462,9.472952842712402
1700822927038819000,65.35081909179688,2.469142198562622,0.584404706954956,9.47270679473877
1700822927048765000,65.36076489257813,2.4683659076690674,0.5840855240821838,9.472929954528809
1700822927058655000,65.37065502929687,2.465418577194214,0.5844005942344666,9.473678588867188
1700822927068810000,65.38081005859375,2.4599061012268066,0.5850377678871155,9.47507095336914
1700822927078817000,65.39081713867188,2.453045606613159,0.5849161744117737,9.476858139038086
1700822927088808000,65.40080786132812,2.4458065032958984,0.5832201838493347,9.478833198547363
1700822927098877000,65.410876953125,2.439713478088379,0.582487165927887,9.480448722839355
1700822927108849000,65.42084887695313,2.4345412254333496,0.582679808139801,9.481765747070312
1700822927119368000,65.43136791992187,2.429589033126831,0.5831666588783264,9.483007431030273
1700822927128945000,65.44094482421875,2.423929214477539,0.5847276449203491,9.484357833862305
1700822927139018000,65.45101806640625,2.4206063747406006,0.592128574848175,9.484747886657715
1700822927149001000,65.4610009765625,2.4202680587768555,0.6067623496055603,9.483909606933594
1700822927158900000,65.47089990234375,2.421098232269287,0.6260299682617188,9.482444763183594
1700822927169438000,65.48143798828124,2.4215781688690186,0.6489277482032776,9.480782508850098
1700822927178918000,65.49091796875,2.4210665225982666,0.670165479183197,9.479435920715332
1700822927188834000,65.500833984375,2.420484781265259,0.6903814673423767,9.478135108947754
1700822927198784000,65.51078393554687,2.418811082839966,0.7048323154449463,9.477498054504395
1700822927208640000,65.52063989257813,2.4184482097625732,0.7132789492607117,9.476959228515625
1700822927218721000,65.53072094726562,2.420372486114502,0.7190355658531189,9.476031303405762
1700822927228745000,65.54074487304688,2.422563076019287,0.7236015796661377,9.47512435913086
1700822927238783000,65.55078295898437,2.424135684967041,0.7276082038879395,9.47441577911377
1700822927248737000,65.56073706054687,2.4252493381500244,0.7318226099014282,9.47380542755127
1700822927258778000,65.57077807617188,2.4269251823425293,0.7377680540084839,9.472914695739746
1700822927269189000,65.58118920898437,2.4297895431518555,0.7455074191093445,9.471575736999512
1700822927278771000,65.59077099609375,2.431816816329956,0.7517030239105225,9.470565795898438
1700822927288835000,65.6008349609375,2.4331655502319336,0.7567755579948425,9.469815254211426
1700822927298631000,65.610630859375,2.4344663619995117,0.7603700757026672,9.469192504882812
1700822927308777000,65.62077685546875,2.436854600906372,0.7640145421028137,9.46828556060791
1700822927318682000,65.63068212890624,2.439602851867676,0.766917884349823,9.467342376708984
1700822927328780000,65.64078002929688,2.4417219161987305,0.7687439322471619,9.46664810180664
1700822927338777000,65.65077709960937,2.4423916339874268,0.7687258124351501,9.466477394104004
1700822927348809000,65.66080908203125,2.441403865814209,0.7660907506942749,9.466944694519043
1700822927358672000,65.670671875,2.440988540649414,0.7592238187789917,9.467606544494629
1700822927368762000,65.68076220703125,2.4410552978515625,0.7494295835494995,9.468368530273438
1700822927378766000,65.69076611328126,2.4408631324768066,0.7389715909957886,9.469240188598633
1700822927388739000,65.70073901367188,2.4409096240997314,0.7318664193153381,9.469779968261719
1700822927398651000,65.71065087890625,2.4382553100585938,0.7291781902313232,9.470670700073242
1700822927408849000,65.72084887695313,2.432506561279297,0.7308107614517212,9.472023010253906
1700822927418774000,65.73077392578125,2.425175189971924,0.7340236306190491,9.473654747009277
1700822927428755000,65.7407548828125,2.4152822494506836,0.7356114387512207,9.476058959960938
1700822927438665000,65.7506650390625,2.408416748046875,0.7344345450401306,9.477896690368652
1700822927448836000,65.76083618164063,2.409334659576416,0.7300277948379517,9.47800350189209
1700822927458761000,65.77076098632813,2.411158323287964,0.7238619923591614,9.478013038635254
1700822927468905000,65.78090502929687,2.412020444869995,0.7182952761650085,9.478217124938965
1700822927478745000,65.7907451171875,2.408421039581299,0.7119871377944946,9.479607582092285
1700822927488867000,65.8008671875,2.402275800704956,0.7066735029220581,9.481566429138184
1700822927498716000,65.8107158203125,2.393467426300049,0.7015583515167236,9.484172821044922
1700822927508872000,65.82087182617188,2.3856382369995117,0.6984431743621826,9.486374855041504
1700822927518771000,65.83077099609375,2.3823812007904053,0.6979647278785706,9.487227439880371
1700822927528908000,65.84090795898437,2.3845865726470947,0.6991121768951416,9.486590385437012
1700822927538911000,65.85091088867188,2.3904590606689453,0.6994088292121887,9.485089302062988
1700822927548957000,65.86095703125,2.3976762294769287,0.6973954439163208,9.483416557312012
1700822927558931000,65.87093090820312,2.4040567874908447,0.6925190687179565,9.482158660888672
1700822927569196000,65.88119604492188,2.4093103408813477,0.685264527797699,9.481351852416992
1700822927578942000,65.89094189453125,2.4118595123291016,0.6778537034988403,9.481236457824707
1700822927589016000,65.90101611328124,2.4120471477508545,0.6717579960823059,9.481621742248535
1700822927598916000,65.910916015625,2.4113690853118896,0.6677160263061523,9.482080459594727
1700822927608876000,65.9208759765625,2.4113478660583496,0.6664169430732727,9.482177734375
1700822927618906000,65.93090600585937,2.41245436668396,0.6677078604698181,9.481804847717285
1700822927628840000,65.94083984375,2.4139599800109863,0.6700348258018494,9.481257438659668
1700822927638864000,65.95086376953125,2.4147722721099854,0.6704062819480896,9.481023788452148
1700822927648780000,65.96078002929687,2.413790702819824,0.6680983304977417,9.481437683105469
1700822927658699000,65.97069897460938,2.412374258041382,0.664810061454773,9.482029914855957
1700822927669118000,65.98111791992187,2.4100680351257324,0.6626236438751221,9.482769012451172
1700822927678889000,65.99088891601562,2.4062724113464355,0.6633142828941345,9.483684539794922
1700822927688853000,66.00085302734375,2.399449110031128,0.6682236790657043,9.485068321228027
1700822927698847000,66.01084692382813,2.389521837234497,0.6765732765197754,9.486982345581055
1700822927708913000,66.02091284179687,2.383133888244629,0.6817112565040588,9.48822021484375
1700822927726006000,66.03800610351563,2.378865957260132,0.6851943731307983,9.489042282104492
1700822927738656000,66.05065600585938,2.3780124187469482,0.6913941502571106,9.48880672454834
1700822927748752000,66.060751953125,2.3871796131134033,0.6888719201087952,9.486686706542969
1700822927758633000,66.07063305664063,2.400165557861328,0.682856023311615,9.483844757080078
1700822927768733000,66.08073291015624,2.4109385013580322,0.6743345856666565,9.481721878051758
1700822927778922000,66.090921875,2.416402816772461,0.6660913228988647,9.480912208557129
1700822927788825000,66.1008251953125,2.4183154106140137,0.6612401008605957,9.480764389038086
1700822927798898000,66.11089794921875,2.4202942848205566,0.6590335369110107,9.480413436889648
1700822927808779000,66.12077905273438,2.4246888160705566,0.6578273773193359,9.479374885559082
1700822927818770000,66.13077001953125,2.432034969329834,0.6558300852775574,9.477630615234375
1700822927828907000,66.14090698242188,2.440676212310791,0.650985836982727,9.475744247436523
1700822927838784000,66.15078393554687,2.4498953819274902,0.6419017910957336,9.473983764648438
1700822927848746000,66.16074609375,2.4600749015808105,0.628053605556488,9.472274780273438
1700822927858794000,66.1707939453125,2.47287654876709,0.6109399795532227,9.470059394836426
1700822927868938000,66.18093798828124,2.486159086227417,0.5915986895561218,9.467809677124023
1700822927878821000,66.19082104492188,2.494884490966797,0.574947714805603,9.466540336608887
1700822927888818000,66.20081787109375,2.49796462059021,0.5604860782623291,9.466596603393555
1700822927898826000,66.21082592773438,2.4977264404296875,0.5499719977378845,9.467275619506836
1700822927908850000,66.22084985351563,2.497807025909424,0.5436035990715027,9.467620849609375
1700822927918894000,66.23089404296876,2.4985191822052,0.5392693877220154,9.467681884765625
1700822927928893000,66.24089282226562,2.4982073307037354,0.5367345809936523,9.467906951904297
1700822927939046000,66.2510458984375,2.4978935718536377,0.5377808809280396,9.467931747436523
1700822927948846000,66.26084619140624,2.5018460750579834,0.5419061779975891,9.46665096282959
1700822927959021000,66.27102099609375,2.5108015537261963,0.5484119057655334,9.463905334472656
1700822927968921000,66.28092114257812,2.5228402614593506,0.5551271438598633,9.460311889648438
1700822927978773000,66.29077294921875,2.5367023944854736,0.5623486638069153,9.456177711486816
1700822927988730000,66.30073022460938,2.5505220890045166,0.5703305602073669,9.451980590820312
1700822927998888000,66.31088793945312,2.560277223587036,0.5782207250595093,9.44886302947998
1700822928008799000,66.32079907226563,2.5645642280578613,0.5845166444778442,9.447315216064453
1700822928018819000,66.33081909179687,2.564053773880005,0.5894491076469421,9.447145462036133
1700822928028739000,66.34073901367188,2.56174898147583,0.5937865972518921,9.447500228881836
1700822928038767000,66.35076708984376,2.560361385345459,0.5988552570343018,9.447556495666504
1700822928048812000,66.36081201171875,2.561192035675049,0.6047364473342896,9.446955680847168
1700822928058834000,66.370833984375,2.5643951892852783,0.6104559898376465,9.445719718933105
1700822928068846000,66.38084619140625,2.571655511856079,0.6142141222953796,9.443503379821777
1700822928078788000,66.3907880859375,2.5805835723876953,0.6170789003372192,9.440878868103027
1700822928088809000,66.40080908203124,2.5890328884124756,0.6192793250083923,9.438421249389648
1700822928098863000,66.41086303710938,2.595494031906128,0.6207388639450073,9.436552047729492
1700822928108857000,66.42085717773438,2.5997421741485596,0.6216054558753967,9.435324668884277
1700822928118872000,66.4308720703125,2.6024649143218994,0.6230792999267578,9.43447494506836
1700822928128859000,66.44085888671874,2.6037778854370117,0.625680148601532,9.433941841125488
1700822928138850000,66.45085009765624,2.600964069366455,0.6286804676055908,9.434518814086914
1700822928148859000,66.46085888671875,2.592623472213745,0.6321011185646057,9.436585426330566
1700822928158799000,66.47079907226562,2.58198618888855,0.6361165046691895,9.439231872558594
1700822928168845000,66.48084497070313,2.5717289447784424,0.6408806443214417,9.441709518432617
1700822928178861000,66.49086108398437,2.563575029373169,0.6456687450408936,9.443599700927734
1700822928188873000,66.500873046875,2.5584189891815186,0.6507923603057861,9.444646835327148
1700822928198856000,66.51085595703125,2.5565786361694336,0.6566376090049744,9.444740295410156
1700822928208840000,66.52083984375,2.5564427375793457,0.6622083783149719,9.444389343261719
1700822928218861000,66.53086108398438,2.5547451972961426,0.6668506264686584,9.444519996643066
1700822928228775000,66.54077490234376,2.549567937850952,0.6704033613204956,9.445669174194336
1700822928238851000,66.55085107421876,2.540590524673462,0.6732078790664673,9.447888374328613
1700822928248823000,66.56082299804687,2.5278162956237793,0.6739932298660278,9.451257705688477
1700822928258830000,66.570830078125,2.514981985092163,0.673110842704773,9.454744338989258
1700822928268854000,66.58085400390625,2.5030364990234375,0.6706745624542236,9.458086967468262
1700822928278878000,66.5908779296875,2.4939427375793457,0.6678124666213989,9.46069049835205
1700822928288864000,66.60086401367188,2.4875564575195312,0.6645143032073975,9.462604522705078
1700822928299021000,66.61102099609376,2.4838223457336426,0.6612550020217896,9.463813781738281
1700822928308844000,66.62084399414063,2.4813637733459473,0.6574252247810364,9.464725494384766
1700822928318905000,66.63090502929687,2.4789960384368896,0.651862621307373,9.465729713439941
1700822928329034000,66.64103393554687,2.4757535457611084,0.6447793841362,9.46706485748291
1700822928338954000,66.6509541015625,2.4716012477874756,0.636830747127533,9.468687057495117
1700822928348683000,66.66068310546875,2.465129852294922,0.6287187933921814,9.470915794372559
1700822928358732000,66.67073193359376,2.4552714824676514,0.6216539740562439,9.473943710327148
1700822928368768000,66.68076806640624,2.443117380142212,0.6165338158607483,9.477417945861816
1700822928378677000,66.69067700195312,2.4303224086761475,0.614810049533844,9.480819702148438
1700822928389200000,66.70119995117187,2.421121597290039,0.6143175959587097,9.483203887939453
1700822928398855000,66.71085498046875,2.4166879653930664,0.613615870475769,9.484382629394531
1700822928408792000,66.7207919921875,2.414616584777832,0.6096592545509338,9.485162734985352
1700822928418853000,66.73085302734376,2.4147489070892334,0.6026973128318787,9.485575675964355
1700822928428843000,66.74084301757813,2.417341709136963,0.592806339263916,9.485538482666016
1700822928438853000,66.75085302734375,2.4207704067230225,0.5832070112228394,9.485259056091309
1700822928448863000,66.76086303710937,2.421926498413086,0.5752156972885132,9.485451698303223
1700822928458858000,66.77085791015625,2.4183170795440674,0.568781316280365,9.486760139465332
1700822928468880000,66.7808798828125,2.4105618000030518,0.5627499222755432,9.489094734191895
1700822928478885000,66.79088500976563,2.4023494720458984,0.5566349625587463,9.491537094116211
1700822928488863000,66.80086303710938,2.398218870162964,0.5499401092529297,9.492971420288086
1700822928498838000,66.81083813476563,2.397993564605713,0.5417380928993225,9.493499755859375
1700822928508834000,66.820833984375,2.3991777896881104,0.5319280624389648,9.493755340576172
1700822928518869000,66.83086889648438,2.3998353481292725,0.5218956470489502,9.494147300720215
1700822928530685000,66.84268481445312,2.3992838859558105,0.5121227502822876,9.494818687438965
1700822928538809000,66.85080908203125,2.3950278759002686,0.5052028894424438,9.496261596679688
1700822928548729000,66.86072900390624,2.3886356353759766,0.5012485980987549,9.49808120727539
1700822928558770000,66.87077001953125,2.3805837631225586,0.4995999336242676,9.500190734863281
1700822928568799000,66.88079907226563,2.370819330215454,0.4979521632194519,9.502717971801758
1700822928578786000,66.8907861328125,2.359476327896118,0.49554362893104553,9.505666732788086
1700822928589016000,66.90101611328124,2.3468072414398193,0.49254941940307617,9.50895881652832
1700822928599157000,66.91115698242187,2.335641622543335,0.48892802000045776,9.511893272399902
1700822928608928000,66.92092797851562,2.3270211219787598,0.4845169186592102,9.514232635498047
1700822928618955000,66.930955078125,2.318716526031494,0.4793696105480194,9.516519546508789
1700822928628862000,66.94086206054688,2.31046724319458,0.4741024971008301,9.518790245056152
1700822928638918000,66.95091796875,2.3037045001983643,0.47049278020858765,9.520606994628906
1700822928649010000,66.96101000976563,2.298736333847046,0.46977147459983826,9.521843910217285
1700822928658770000,66.97077001953124,2.2949321269989014,0.47239014506340027,9.52263355255127
1700822928668957000,66.98095703125,2.2910585403442383,0.4767310917377472,9.523348808288574
1700822928678886000,66.99088598632812,2.284623861312866,0.48226651549339294,9.524616241455078
1700822928688831000,67.0008310546875,2.2697646617889404,0.4794429838657379,9.52830982208252
1700822928699664000,67.01166381835938,2.254939317703247,0.47325757145881653,9.532137870788574
1700822928708661000,67.02066088867187,2.243288993835449,0.4648427963256836,9.53530216217041
1700822928718870000,67.0308701171875,2.2337470054626465,0.45435938239097595,9.538045883178711
1700822928728671000,67.0406708984375,2.2223291397094727,0.44059857726097107,9.541358947753906
1700822928738858000,67.05085791015625,2.209402561187744,0.42653733491897583,9.544998168945312
1700822928748905000,67.06090502929688,2.1957600116729736,0.41368719935417175,9.548712730407715
1700822928758860000,67.07086010742188,2.1838786602020264,0.40276190638542175,9.551902770996094
1700822928769014000,67.08101391601562,2.1767358779907227,0.3958209753036499,9.553823471069336
1700822928779529000,67.09152905273437,2.1768062114715576,0.3920709788799286,9.553962707519531
1700822928788995000,67.1009951171875,2.1872260570526123,0.38961249589920044,9.551682472229004
1700822928798627000,67.110626953125,2.2010300159454346,0.3887690305709839,9.548544883728027
1700822928808777000,67.12077685546875,2.211627244949341,0.38906070590019226,9.5460844039917
1700822928818851000,67.13085107421875,2.2178955078125,0.3907938003540039,9.544559478759766
1700822928828831000,67.1408310546875,2.2178804874420166,0.39341333508491516,9.544455528259277
1700822928838865000,67.15086499023438,2.2169618606567383,0.3969166874885559,9.544523239135742
1700822928848903000,67.16090283203125,2.2232413291931152,0.42742958664894104,9.54174518585205
1700822928861710000,67.1737099609375,2.235664129257202,0.5831292867660522,9.53059196472168
1700822928878779000,67.19077880859375,2.237495183944702,0.8980273008346558,9.505659103393555
1700822928888784000,67.20078393554688,2.2196733951568604,0.9022694826126099,9.509434700012207
1700822928898759000,67.21075903320312,2.20770263671875,0.9304112792015076,9.509510040283203
1700822928908776000,67.22077587890625,2.19602370262146,0.9340835213661194,9.511853218078613
1700822928918815000,67.23081494140625,2.190384864807129,0.9383549094200134,9.512733459472656
1700822928928832000,67.24083203125,2.18670392036438,0.9416115880012512,9.51325798034668
1700822928938640000,67.25063989257812,2.190904140472412,0.6850108504295349,9.53420639038086
1700822928948786000,67.26078588867188,2.164900541305542,0.5101984739303589,9.551090240478516
1700822928958791000,67.270791015625,2.1433842182159424,0.43743252754211426,9.559548377990723
1700822928968937000,67.28093701171875,2.126004457473755,0.40269964933395386,9.564953804016113
1700822928978877000,67.290876953125,2.1090292930603027,0.37830695509910583,9.569705963134766
1700822928988790000,67.3007900390625,2.096484661102295,0.3674810230731964,9.572884559631348
1700822928998897000,67.31089697265625,2.0869500637054443,0.3544304072856903,9.575460433959961
1700822929008872000,67.32087182617188,2.0684614181518555,0.3389078378677368,9.580031394958496
1700822929018907000,67.33090698242188,2.0472662448883057,0.32014527916908264,9.585227012634277
1700822929028890000,67.34089013671876,2.0309996604919434,0.3021998703479767,9.589271545410156
1700822929038874000,67.3508740234375,2.0170135498046875,0.2858189344406128,9.592724800109863
1700822929049097000,67.36109692382813,2.00321626663208,0.2718798518180847,9.596020698547363
1700822929058899000,67.37089892578125,1.988503336906433,0.2614443600177765,9.599369049072266
1700822929076068000,67.38806811523438,1.9592418670654297,0.2476923167705536,9.605749130249023
1700822929088919000,67.4009189453125,1.9270024299621582,0.23347324132919312,9.61262321472168
1700822929098884000,67.41088403320313,1.9007235765457153,0.22052228450775146,9.618162155151367
1700822929108924000,67.420923828125,1.8748029470443726,0.20517683029174805,9.623584747314453
1700822929118742000,67.43074194335938,1.8532395362854004,0.1889095902442932,9.628094673156738
1700822929128744000,67.44074389648438,1.8361213207244873,0.17257191240787506,9.631680488586426
1700822929138825000,67.45082495117188,1.822381615638733,0.1575295329093933,9.63454818725586
1700822929148823000,67.46082299804688,1.8117824792861938,0.14534488320350647,9.636737823486328
1700822929158750000,67.47075,1.8043715953826904,0.13652677834033966,9.638256072998047
1700822929168737000,67.48073706054687,1.7993508577346802,0.13111147284507751,9.639270782470703
1700822929178787000,67.490787109375,1.7963563203811646,0.12936317920684814,9.639853477478027
1700822929188864000,67.50086401367187,1.7943847179412842,0.13093875348567963,9.640199661254883
1700822929198867000,67.51086694335937,1.7912731170654297,0.13409049808979034,9.64073371887207
1700822929208746000,67.52074609375,1.784326195716858,0.13712678849697113,9.641979217529297
1700822929218856000,67.53085595703125,1.7745927572250366,0.1384916454553604,9.643755912780762
1700822929228802000,67.54080200195312,1.7621227502822876,0.13641221821308136,9.646072387695312
1700822929238763000,67.55076293945312,1.741676926612854,0.13187018036842346,9.649847984313965
1700822929248807000,67.56080688476563,1.711424469947815,0.12716741859912872,9.655322074890137
1700822929258835000,67.5708349609375,1.6828522682189941,0.12352993339300156,9.660390853881836
1700822929268718000,67.58071801757812,1.6619951725006104,0.11623802781105042,9.664091110229492
1700822929278950000,67.59094995117188,1.638986587524414,0.11102087795734406,9.668082237243652
1700822929288794000,67.60079418945313,1.6113231182098389,0.10474719852209091,9.672799110412598
1700822929299100000,67.61109985351563,1.5906693935394287,0.09985563158988953,9.676270484924316
1700822929308877000,67.620876953125,1.578110694885254,0.09160568565130234,9.6784086227417
1700822929318933000,67.63093310546876,1.566766619682312,0.08310995250940323,9.680325508117676
1700822929329100000,67.64110009765625,1.8005473613739014,0.18905191123485565,9.63808536529541
1700822929338639000,67.65063916015625,1.9571536779403687,0.25618717074394226,9.605951309204102
1700822929348794000,67.66079418945313,2.0531487464904785,0.30972909927368164,9.584312438964844
1700822929358784000,67.67078393554688,2.0721189975738525,0.3224906623363495,9.57980728149414
1700822929368871000,67.68087084960938,2.087695360183716,0.3243982493877411,9.576361656188965
1700822929378727000,67.69072680664063,2.104124069213867,0.3164668679237366,9.573029518127441
1700822929388766000,67.70076586914062,2.1143600940704346,0.30291152000427246,9.571212768554688
1700822929398788000,67.7107880859375,2.1177754402160645,0.28899550437927246,9.570889472961426
1700822929408787000,67.72078686523437,2.1190924644470215,0.2751978933811188,9.571002960205078
1700822929418765000,67.73076513671874,2.1172285079956055,0.26389411091804504,9.571734428405762
1700822929428635000,67.740634765625,2.121588945388794,0.25248101353645325,9.571076393127441
1700822929438876000,67.7508759765625,2.130298376083374,0.24507512152194977,9.569334030151367
1700822929449162000,67.76116186523437,2.139108657836914,0.24047406017780304,9.567485809326172
1700822929458937000,67.77093701171874,2.148935079574585,0.23737141489982605,9.565361022949219
1700822929468919000,67.7809189453125,2.1630828380584717,0.2343558669090271,9.562246322631836
1700822929479426000,67.79142602539062,2.1787045001983643,0.23156097531318665,9.55876636505127
1700822929488917000,67.8009169921875,2.1956393718719482,0.22882600128650665,9.554956436157227
1700822929498950000,67.81094995117188,2.214613199234009,0.22548311948776245,9.550657272338867
1700822929508923000,67.8209228515625,2.234729766845703,0.21928222477436066,9.546113967895508
1700822929518986000,67.83098608398437,2.2531487941741943,0.2100488245487213,9.5419921875
1700822929528940000,67.84093994140625,2.2746386528015137,0.19908347725868225,9.537127494812012
1700822929538895000,67.85089501953125,2.301408052444458,0.1890837699174881,9.530906677246094
1700822929548921000,67.86092114257812,2.3341763019561768,0.18285423517227173,9.523055076599121
1700822929558912000,67.870912109375,2.37152361869812,0.1809457689523697,9.513859748840332
1700822929568704000,67.8807041015625,2.4109833240509033,0.18253304064273834,9.503907203674316
1700822929578850000,67.89085009765626,2.446021556854248,0.18456308543682098,9.49491024017334
1700822929588778000,67.90077807617187,2.474952220916748,0.18532121181488037,9.487395286560059
1700822929599056000,67.91105590820312,2.4992542266845703,0.18599896132946014,9.481008529663086
1700822929608910000,67.92091015625,2.526423454284668,0.18403993546962738,9.47384262084961
1700822929618935000,67.93093505859375,2.5561327934265137,0.18187487125396729,9.465912818908691
1700822929628797000,67.940796875,2.5858261585235596,0.18034663796424866,9.457873344421387
1700822929638938000,67.95093823242188,2.6181325912475586,0.18018588423728943,9.44898509979248
1700822929649086000,67.9610859375,2.6448066234588623,0.1801946610212326,9.44155216217041
1700822929658955000,67.970955078125,2.6653342247009277,0.1793377548456192,9.435794830322266
1700822929668865000,67.98086499023438,2.6827051639556885,0.17666298151016235,9.43092155456543
1700822929678871000,67.99087109375,2.6960909366607666,0.17164017260074615,9.427197456359863
1700822929690378000,68.0023779296875,2.7062809467315674,0.15984073281288147,9.424484252929688
1700822929698896000,68.01089575195313,2.709156036376953,0.14065438508987427,9.42396354675293
1700822929708747000,68.0207470703125,2.7021217346191406,0.11033464968204498,9.426386833190918
1700822929718915000,68.0309150390625,2.684417486190796,0.07690992951393127,9.43177604675293
1700822929728968000,68.04096801757812,2.655874729156494,0.04574994370341301,9.440053939819336
1700822929738751000,68.0507509765625,2.6143946647644043,0.01814589835703373,9.451719284057617
1700822929748880000,68.0608798828125,2.5523948669433594,-0.004074702039361,9.468667030334473
1700822929758887000,68.07088696289063,2.4718379974365234,-0.020326748490333557,9.489994049072266
1700822929768880000,68.08088012695312,2.374183416366577,-0.03419803828001022,9.51485538482666
1700822929778808000,68.09080810546875,2.254033327102661,-0.050920624285936356,9.543957710266113
1700822929788872000,68.10087182617187,2.118042469024658,-0.07246054708957672,9.574917793273926
1700822929799066000,68.11106616210938,1.9698952436447144,-0.09713350981473923,9.60627269744873
1700822929808885000,68.12088500976563,1.8170009851455688,-0.12159019708633423,9.63608455657959
1700822929819221000,68.13122094726563,1.6661512851715088,-0.14220190048217773,9.663028717041016
1700822929828724000,68.14072387695313,1.5044760704040527,-0.16123422980308533,9.689218521118164
1700822929839358000,68.15135791015625,1.3381179571151733,-0.18185295164585114,9.713226318359375
1700822929849443000,68.16144311523438,1.1777592897415161,-0.20460516214370728,9.733521461486816
1700822929858752000,68.170751953125,1.0203055143356323,-0.22790595889091492,9.75076675415039
1700822929868636000,68.18063598632813,0.8692883849143982,-0.252422571182251,9.764784812927246
1700822929878710000,68.1907099609375,0.7230775356292725,-0.27608606219291687,9.776058197021484
1700822929888724000,68.20072387695312,0.5828311443328857,-0.29473698139190674,9.78487777709961
1700822929898735000,68.21073510742187,0.43250763416290283,-0.31034284830093384,9.792190551757812
1700822929908726000,68.22072607421875,0.2616974711418152,-0.3242337107658386,9.7977933883667
1700822929918748000,68.23074780273437,0.06968231499195099,-0.33439797163009644,9.800698280334473
1700822929928734000,68.24073388671874,-0.120397187769413,-0.34318214654922485,9.799904823303223
1700822929938853000,68.25085302734375,-0.30262860655784607,-0.3557572662830353,9.795522689819336
1700822929948824000,68.26082397460938,-0.5123027563095093,-0.3723284602165222,9.786179542541504
1700822929958753000,68.2707529296875,-0.749601423740387,-0.3907303810119629,9.770150184631348
1700822929968900000,68.28090014648437,-0.9489432573318481,-0.4106728136539459,9.75198745727539
1700822929978800000,68.29080004882813,-1.1444120407104492,-0.4310787618160248,9.730101585388184
1700822929988832000,68.30083203125,-1.3599095344543457,-0.4505784213542938,9.701444625854492
1700822929998954000,68.3109541015625,-1.5849782228469849,-0.4705828130245209,9.666269302368164
1700822930008832000,68.32083203125,-1.8010914325714111,-0.4895409047603607,9.627400398254395
1700822930018868000,68.33086791992187,-1.9952161312103271,-0.5120558142662048,9.587872505187988
1700822930029111000,68.34111108398437,-2.184447765350342,-0.5448997616767883,9.544719696044922
1700822930038923000,68.35092309570312,-2.369680643081665,-0.5865586400032043,9.497945785522461
1700822930049033000,68.36103295898438,-2.5538790225982666,-0.6402642726898193,9.446596145629883
1700822930058861000,68.37086108398438,-2.734393358230591,-0.702535092830658,9.391481399536133
1700822930068916000,68.380916015625,-2.8981409072875977,-0.7528738379478455,9.33832836151123
1700822930078880000,68.3908798828125,-3.065577745437622,-0.794058084487915,9.281277656555176
1700822930088834000,68.400833984375,-3.220458507537842,-0.8258806467056274,9.225885391235352
1700822930098801000,68.41080078125,-3.371715784072876,-0.855268657207489,9.168996810913086
1700822930108850000,68.42084985351562,-3.5142040252685547,-0.8862184882164001,9.112374305725098
1700822930118864000,68.43086376953126,-3.6348557472229004,-0.9148843288421631,9.062076568603516
1700822930129010000,68.44101000976562,-3.745561361312866,-0.9386439919471741,9.014440536499023
1700822930139208000,68.4512080078125,-3.840867280960083,-0.9551882743835449,8.972500801086426
1700822930148984000,68.46098413085937,-3.937256336212158,-0.9670581817626953,8.929346084594727
1700822930158837000,68.4708369140625,-4.033354759216309,-0.9719368815422058,8.885822296142578
1700822930168799000,68.48079907226563,-4.137293338775635,-0.9682120084762573,8.838314056396484
1700822930178808000,68.49080810546874,-4.237475872039795,-0.9555360674858093,8.792108535766602
1700822930188811000,68.50081103515625,-4.317709922790527,-0.9379255771636963,8.754887580871582
1700822930198871000,68.51087109375,-4.379547119140625,-0.9175699353218079,8.726284980773926
1700822930208863000,68.52086303710938,-4.425264358520508,-0.8960720896720886,8.705428123474121
1700822930218857000,68.53085693359375,-4.470707416534424,-0.8732345104217529,8.684504508972168
1700822930228901000,68.54090112304688,-4.515200614929199,-0.8468047380447388,8.664079666137695
1700822930238902000,68.55090209960937,-4.537224292755127,-0.8155848383903503,8.65556526184082
1700822930248862000,68.56086206054688,-4.5377912521362305,-0.7882973551750183,8.657795906066895
1700822930258894000,68.57089404296875,-4.498974323272705,-0.7662903666496277,8.680005073547363
1700822930268929000,68.58092895507812,-4.4172163009643555,-0.752387523651123,8.723100662231445
1700822930279111000,68.59111083984375,-4.295264720916748,-0.7464987635612488,8.784296989440918
1700822930288892000,68.60089184570313,-4.142991542816162,-0.7470540404319763,8.857084274291992
1700822930298762000,68.61076196289062,-3.959277868270874,-0.755963921546936,8.93996810913086
1700822930308842000,68.62084204101562,-3.7578117847442627,-0.7693608999252319,9.025372505187988
1700822930318919000,68.6309189453125,-3.5443155765533447,-0.7756000757217407,9.110797882080078
1700822930329706000,68.6417060546875,-3.323972225189209,-0.7722805738449097,9.193756103515625
1700822930338765000,68.65076513671875,-3.074477434158325,-0.7586383819580078,9.281296730041504
1700822930348770000,68.66077001953126,-2.792476177215576,-0.7362234592437744,9.371787071228027
1700822930358778000,68.67077807617187,-2.475557327270508,-0.7076342105865479,9.462625503540039
1700822930368827000,68.68082690429688,-2.138613700866699,-0.6805620789527893,9.54638957977295
1700822930379332000,68.69133203125,-1.8157187700271606,-0.6603752970695496,9.61444091796875
1700822930388809000,68.70080908203126,-1.4957879781723022,-0.6393967866897583,9.670791625976562
1700822930398748000,68.71074780273437,-1.2006003856658936,-0.6179682612419128,9.713241577148438
1700822930408816000,68.72081616210937,-0.94270259141922,-0.6024161577224731,9.742627143859863
1700822930418849000,68.73084912109375,-0.7030012607574463,-0.585523784160614,9.763880729675293
1700822930428910000,68.74091015625,-0.4792340099811554,-0.5594683885574341,9.778943061828613
1700822930438870000,68.7508701171875,-0.2875032424926758,-0.5329872369766235,9.787935256958008
1700822930448900000,68.76090014648437,-0.12400193512439728,-0.5077443718910217,9.792713165283203
1700822930458896000,68.77089575195312,0.03645078465342522,-0.4814893901348114,9.794755935668945
1700822930468871000,68.78087084960937,0.17319852113723755,-0.45898881554603577,9.794373512268066
1700822930479022000,68.79102197265625,0.2564835250377655,-0.4446648061275482,9.793206214904785
1700822930488901000,68.80090112304687,0.2842860221862793,-0.4392120838165283,9.792683601379395
1700822930498873000,68.810873046875,0.2615516185760498,-0.4444149136543274,9.793084144592285
1700822930508875000,68.820875,0.19954730570316315,-0.463819295167923,9.793642044067383
1700822930518718000,68.83071801757812,0.09846388548612595,-0.49264439940452576,9.793774604797363
1700822930529642000,68.84164208984375,-0.05056289955973625,-0.5236635208129883,9.792529106140137
1700822930538722000,68.85072216796875,-0.2529004216194153,-0.5612578988075256,9.787309646606445
1700822930548853000,68.86085302734375,-0.49081018567085266,-0.6030901074409485,9.775774955749512
1700822930558821000,68.87082104492187,-0.7751844525337219,-0.6405430436134338,9.75495719909668
1700822930568867000,68.8808671875,-1.0600898265838623,-0.6724021434783936,9.725970268249512
1700822930578654000,68.89065405273438,-1.3216911554336548,-0.700080394744873,9.691925048828125
1700822930588862000,68.90086206054687,-1.528018593788147,-0.723609447479248,9.659810066223145
1700822930598838000,68.91083813476563,-1.6735531091690063,-0.7410215139389038,9.634339332580566
1700822930608863000,68.92086303710937,-1.7806819677352905,-0.7563841938972473,9.613920211791992
1700822930618852000,68.93085205078125,-1.8904820680618286,-0.7769392132759094,9.591288566589355
1700822930628674000,68.94067407226562,-2.0134479999542236,-0.8034741878509521,9.56403923034668
1700822930638835000,68.9508349609375,-2.1419179439544678,-0.8328639268875122,9.5335693359375
1700822930648794000,68.96079418945313,-2.2665514945983887,-0.8623223900794983,9.502079963684082
1700822930658663000,68.97066284179688,-2.388146162033081,-0.8932415246963501,9.46938705444336
1700822930668825000,68.9808251953125,-2.496821880340576,-0.92803955078125,9.437956809997559
1700822930678893000,68.99089306640624,-2.572369337081909,-0.9631825089454651,9.414116859436035
1700822930688733000,69.00073291015624,-2.6153295040130615,-0.9964999556541443,9.39880084991455
1700822930698856000,69.01085595703125,-2.619887351989746,-1.0176608562469482,9.395261764526367
1700822930708817000,69.02081689453125,-2.6111867427825928,-1.0359411239624023,9.395685195922852
1700822930718830000,69.030830078125,-2.60011625289917,-1.0504308938980103,9.397147178649902
1700822930729668000,69.04166821289063,-2.575685739517212,-1.0639392137527466,9.402352333068848
1700822930738760000,69.05076000976563,-2.533841133117676,-1.0721344947814941,9.412787437438965
1700822930748758000,69.06075805664062,-2.4657251834869385,-1.06964910030365,9.431142807006836
1700822930758789000,69.0707890625,-2.384500503540039,-1.0549921989440918,9.453654289245605
1700822930768859000,69.08085888671874,-2.324781656265259,-1.034800410270691,9.470744132995605
1700822930778674000,69.090673828125,-2.2885067462921143,-1.019360065460205,9.481245994567871
1700822930788730000,69.10073022460938,-2.2431039810180664,-1.0100553035736084,9.493083000183105
1700822930798623000,69.110623046875,-2.176396369934082,-0.9919775128364563,9.510504722595215
1700822930808706000,69.1207060546875,-2.090327262878418,-0.9526374340057373,9.533804893493652
1700822930818778000,69.13077807617188,-2.004751443862915,-0.9050813317298889,9.55678939819336
1700822930829155000,69.14115502929687,-1.9135841131210327,-0.8550474047660828,9.580057144165039
1700822930838759000,69.15075903320313,-1.8312404155731201,-0.8072866797447205,9.600273132324219
1700822930848798000,69.1607978515625,-1.7550305128097534,-0.7658037543296814,9.617891311645508
1700822930858814000,69.17081396484375,-1.6667381525039673,-0.7362179160118103,9.635889053344727
1700822930868753000,69.1807529296875,-1.52963387966156,-0.7006555795669556,9.661248207092285
1700822930878790000,69.19078979492187,-1.388641357421875,-0.6603314876556396,9.68535327911377
1700822930888989000,69.20098901367187,-1.2385250329971313,-0.6178385019302368,9.708489418029785
1700822930904150000,69.21614990234374,-1.0811820030212402,-0.5772396326065063,9.72976016998291
1700822930918685000,69.23068481445313,-0.7333928942680359,-0.48264411091804504,9.7672700881958
1700822930930231000,69.24223095703125,-0.5796896815299988,-0.4340592324733734,9.77987289428711
1700822930938651000,69.25065087890626,-0.434960275888443,-0.38736939430236816,9.789339065551758
1700822930948770000,69.26077001953125,-0.28404930233955383,-0.3423460125923157,9.796554565429688
1700822930958786000,69.2707861328125,-0.10772621631622314,-0.29249241948127747,9.801695823669434
1700822930968727000,69.28072705078125,0.07591010630130768,-0.23859979212284088,9.80345344543457
1700822930979093000,69.29109301757812,0.25807955861091614,-0.1845543086528778,9.80151653289795
1700822930988751000,69.30075122070312,0.4642261266708374,-0.12795008718967438,9.794820785522461
1700822930998789000,69.3107890625,0.6739569902420044,-0.07649433612823486,9.783164024353027
1700822931008757000,69.32075708007812,0.8988792300224304,-0.029841888695955276,9.765321731567383
1700822931018886000,69.33088598632813,1.105245590209961,0.003386719850823283,9.744168281555176
1700822931028672000,69.34067211914062,1.305227518081665,0.03066343441605568,9.719352722167969
1700822931038786000,69.3507861328125,1.4860174655914307,0.0614139623939991,9.693211555480957
1700822931048842000,69.36084204101563,1.6435853242874146,0.09917144477367401,9.667428970336914
1700822931058816000,69.37081591796876,1.7844972610473633,0.13930852711200714,9.641916275024414
1700822931068665000,69.3806650390625,1.9114044904708862,0.17594781517982483,9.616963386535645
1700822931079070000,69.39107006835937,2.0334157943725586,0.2083449363708496,9.591257095336914
1700822931088855000,69.40085498046875,2.152053117752075,0.23596827685832977,9.56469440460205
1700822931098902000,69.41090209960937,2.256030321121216,0.2581596374511719,9.540130615234375
1700822931108950000,69.42094995117188,2.3518917560577393,0.27641719579696655,9.516439437866211
1700822931118893000,69.43089306640626,2.430758237838745,0.28959259390830994,9.496206283569336
1700822931130833000,69.4428330078125,2.4913363456726074,0.301058292388916,9.480137825012207
1700822931139034000,69.4510341796875,2.537494421005249,0.3139294683933258,9.467469215393066
1700822931148994000,69.460994140625,2.5679893493652344,0.3281082212924957,9.458761215209961
1700822931158766000,69.47076611328124,2.5853607654571533,0.3415414094924927,9.453553199768066
1700822931168779000,69.48077905273438,2.590686321258545,0.34961190819740295,9.451798439025879
1700822931178621000,69.49062084960937,2.580322265625,0.3526444137096405,9.454521179199219
1700822931188771000,69.50077099609375,2.555734872817993,0.3464011251926422,9.461427688598633
1700822931198790000,69.51078979492188,2.5161540508270264,0.3334466516971588,9.47249698638916
1700822931208856000,69.52085595703124,2.458451986312866,0.31954964995384216,9.488113403320312
1700822931218870000,69.5308701171875,2.387321949005127,0.3028022050857544,9.506808280944824
1700822931228843000,69.54084301757813,2.324702739715576,0.2875126004219055,9.522788047790527
1700822931238816000,69.55081591796875,2.280832290649414,0.2773538827896118,9.533690452575684
1700822931248975000,69.56097509765625,2.248486280441284,0.27220046520233154,9.541520118713379
1700822931258927000,69.57092700195312,2.221010684967041,0.27046820521354675,9.548003196716309
1700822931268850000,69.58084985351563,2.1919729709625244,0.26891836524009705,9.554754257202148
1700822931279632000,69.5916318359375,2.1620728969573975,0.2664525508880615,9.56163501739502
1700822931288813000,69.60081298828125,2.133025646209717,0.2663707137107849,9.568158149719238
1700822931298916000,69.610916015625,2.1036200523376465,0.26781800389289856,9.574625015258789
1700822931308843000,69.62084301757812,2.0849480628967285,0.2723383903503418,9.578579902648926
1700822931318887000,69.63088696289063,2.0819103717803955,0.2759811282157898,9.579137802124023
1700822931328854000,69.64085400390626,2.0920238494873047,0.27621203660964966,9.57692813873291
1700822931338993000,69.65099291992188,2.1125974655151367,0.27373746037483215,9.572481155395508
1700822931348864000,69.66086401367187,2.1425204277038574,0.2720934748649597,9.565876007080078
1700822931358874000,69.6708740234375,2.1778926849365234,0.2739364802837372,9.557830810546875
1700822931368788000,69.6807880859375,2.218838691711426,0.28144729137420654,9.548190116882324
1700822931378704000,69.69070385742188,2.2632241249084473,0.2938210368156433,9.537392616271973
1700822931388742000,69.70074194335938,2.312957286834717,0.30990153551101685,9.524944305419922
1700822931398750000,69.71075,2.367176055908203,0.32816725969314575,9.511003494262695
1700822931408731000,69.72073095703125,2.425468921661377,0.34785395860671997,9.49560260772705
1700822931418822000,69.73082177734375,2.484159231185913,0.3679194152355194,9.479660034179688
1700822931428797000,69.740796875,2.545306444168091,0.3887409567832947,9.462594985961914
1700822931438812000,69.75081201171875,2.6016409397125244,0.40835079550743103,9.446434020996094
1700822931448804000,69.76080419921875,2.6552340984344482,0.42902007699012756,9.430593490600586
1700822931458787000,69.770787109375,2.7063534259796143,0.45100337266921997,9.415022850036621
1700822931468868000,69.7808681640625,2.6754326820373535,0.4173460006713867,9.425406455993652
1700822931478886000,69.79088598632812,2.5106112957000732,0.3067950904369354,9.474867820739746
1700822931488864000,69.80086401367187,2.5315537452697754,0.32629647850990295,9.468642234802246
1700822931498853000,69.81085302734375,2.5442066192626953,0.3442997634410858,9.464611053466797
1700822931508890000,69.82089013671875,2.551273822784424,0.3619482219219208,9.46204948425293
1700822931518845000,69.83084497070313,2.555488348007202,0.378061443567276,9.460281372070312
1700822931528969000,69.84096899414062,2.5587306022644043,0.3918231427669525,9.458846092224121
1700822931538841000,69.85084106445312,2.5630574226379395,0.40422964096069336,9.457152366638184
1700822931548832000,69.86083203125,2.5700113773345947,0.41506198048591614,9.454795837402344
1700822931558828000,69.870828125,2.0643208026885986,0.20255379378795624,9.584776878356934
1700822931568856000,69.88085595703124,1.848487377166748,0.14059562981128693,9.62983512878418
1700822931578842000,69.89084204101563,1.733155608177185,0.13579028844833374,9.651327133178711
1700822931588841000,69.90084106445312,1.6674565076828003,0.14967267215251923,9.662690162658691
1700822931598846000,69.91084594726563,1.656504511833191,0.16849224269390106,9.664263725280762
1700822931608838000,69.920837890625,1.6747820377349854,0.18708296120166779,9.660771369934082
1700822931618859000,69.93085888671875,1.7041813135147095,0.21012364327907562,9.655155181884766
1700822931628842000,69.94084204101563,1.7360949516296387,0.23160569369792938,9.648975372314453
1700822931638860000,69.95086010742187,1.764391303062439,0.24818244576454163,9.643427848815918
1700822931648995000,69.9609951171875,1.7919586896896362,0.2579115331172943,9.638089179992676
1700822931658880000,69.9708798828125,1.8101389408111572,0.26930123567581177,9.634380340576172
1700822931668927000,69.98092700195312,1.822317361831665,0.2756102681159973,9.631906509399414
1700822931678822000,69.99082177734375,1.8266395330429077,0.2770248055458069,9.631047248840332
1700822931688780000,70.00078002929688,1.8226218223571777,0.2772746980190277,9.63179874420166
1700822931698832000,70.01083178710938,1.8142836093902588,0.2767375111579895,9.633389472961426
1700822931708786000,70.02078588867188,1.8046948909759521,0.27759355306625366,9.635165214538574
1700822931718910000,70.03090991210938,1.7980389595031738,0.28039076924324036,9.636329650878906
1700822931728794000,70.04079418945312,1.793583631515503,0.2840145230293274,9.637053489685059
1700822931738795000,70.050794921875,1.7890660762786865,0.2871300280094147,9.637800216674805
1700822931749188000,70.06118798828125,1.8056389093399048,0.2354617863893509,9.636110305786133
1700822931758903000,70.07090307617187,1.8283108472824097,0.18411709368228912,9.632953643798828
1700822931768878000,70.08087817382813,1.8492298126220703,0.14125731587409973,9.629682540893555
1700822931779275000,70.09127490234376,1.8558465242385864,0.12349223345518112,9.628653526306152
1700822931788859000,70.10085888671875,1.8585702180862427,0.12469255179166794,9.62811279296875
1700822931798776000,70.11077612304688,1.8632711172103882,0.13767507672309875,9.62702751159668
1700822931808872000,70.12087182617188,1.8694647550582886,0.18760083615779877,9.624983787536621
1700822931818954000,70.1309541015625,1.8813141584396362,0.26247429847717285,9.620922088623047
1700822931828906000,70.14090600585938,1.8962215185165405,0.32258710265159607,9.616167068481445
1700822931838873000,70.150873046875,1.9041615724563599,0.3266141712665558,9.614462852478027
1700822931848667000,70.1606669921875,1.910799503326416,0.33091917634010315,9.612998008728027
1700822931858840000,70.17084008789062,1.9147807359695435,0.338134229183197,9.611953735351562
1700822931868845000,70.18084497070312,1.9138405323028564,0.3497089445590973,9.61172866821289
1700822931878836000,70.1908359375,1.9093049764633179,0.36572277545928955,9.61203384399414
1700822931888957000,70.20095703125,1.9073700904846191,0.38543930649757385,9.611647605895996
1700822931898829000,70.2108291015625,1.9118953943252563,0.4040682911872864,9.609983444213867
1700822931908865000,70.22086499023438,1.9236222505569458,0.4191036522388458,9.606998443603516
1700822931918814000,70.23081396484375,1.9404900074005127,0.4319201707839966,9.60303783416748
1700822931928876000,70.2408759765625,1.960292100906372,0.44552141427993774,9.598393440246582
1700822931938868000,70.25086791992187,1.984763264656067,0.45872312784194946,9.592741012573242
1700822931949760000,70.26176000976562,2.0131537914276123,0.4773825407028198,9.585912704467773
1700822931958726000,70.27072583007812,2.0371804237365723,0.4938836097717285,9.579998016357422
1700822931968870000,70.28086987304688,2.061272144317627,0.5111564993858337,9.573936462402344
1700822931978693000,70.29069311523438,2.0799925327301025,0.5270975828170776,9.569021224975586
1700822931988765000,70.30076489257813,2.0943691730499268,0.541823148727417,9.5650634765625
1700822931998735000,70.31073510742188,2.107410430908203,0.5533832311630249,9.56153678894043
1700822932008888000,70.32088818359375,2.1228415966033936,0.5621008276939392,9.557612419128418
1700822932018754000,70.33075415039062,2.141345262527466,0.5681959390640259,9.55312442779541
1700822932028866000,70.34086596679687,2.164576292037964,0.5719771981239319,9.547661781311035
1700822932038702000,70.3507021484375,2.1840505599975586,0.5725757479667664,9.543190002441406
1700822932048756000,70.360755859375,2.2012815475463867,0.5724950432777405,9.53923511505127
1700822932058668000,70.37066796875,2.2183825969696045,0.5765793919563293,9.535026550292969
1700822932068601000,70.38060107421875,2.235595226287842,0.5851356387138367,9.53048324584961
1700822932078754000,70.39075415039062,2.2506203651428223,0.5983081459999084,9.526127815246582
1700822932089093000,70.40109301757812,2.2686655521392822,0.6167334318161011,9.520670890808105
1700822932098798000,70.41079809570313,2.293079137802124,0.6438774466514587,9.513022422790527
1700822932108879000,70.42087915039062,2.3187925815582275,0.6729246973991394,9.504776954650879
1700822932118879000,70.43087890625,2.333190441131592,0.6973176598548889,9.499493598937988
1700822932128808000,70.44080786132812,2.338266611099243,0.7162947654724121,9.496832847595215
1700822932139150000,70.45115014648438,2.3424923419952393,0.731927216053009,9.494598388671875
1700822932148830000,70.46082983398438,2.3508644104003906,0.7437939047813416,9.491607666015625
1700822932158843000,70.4708427734375,2.364985704421997,0.7532143592834473,9.48735523223877
1700822932168779000,70.48077905273438,2.3797364234924316,0.7622323632240295,9.482945442199707
1700822932179101000,70.49110083007812,2.3924574851989746,0.7728358507156372,9.478885650634766
1700822932188778000,70.50077807617187,2.4012765884399414,0.7857710123062134,9.475590705871582
1700822932198823000,70.51082299804688,2.4063570499420166,0.8000731468200684,9.473105430603027
1700822932208795000,70.520794921875,2.4071950912475586,0.8133969902992249,9.471757888793945
1700822932218733000,70.53073315429687,2.4042677879333496,0.824405312538147,9.471548080444336
1700822932228779000,70.54077905273438,2.3996574878692627,0.8316843509674072,9.472082138061523
1700822932238775000,70.55077514648437,2.395747661590576,0.8369576334953308,9.472607612609863
1700822932248845000,70.56084497070313,2.3949167728424072,0.8410413861274719,9.472454071044922
1700822932258888000,70.57088793945313,2.394019603729248,0.8451631665229797,9.47231674194336
1700822932268825000,70.5808251953125,2.390578031539917,0.849535346031189,9.472792625427246
1700822932279174000,70.591173828125,2.3844966888427734,0.8531386256217957,9.47400188446045
1700822932288908000,70.60090795898438,2.3749053478240967,0.8565572500228882,9.476102828979492
1700822932298989000,70.61098901367187,2.3657498359680176,0.8596139550209045,9.47811508178711
1700822932308869000,70.620869140625,2.357928991317749,0.8632140755653381,9.479737281799316
1700822932318670000,70.63067016601562,2.351980209350586,0.8668509721755981,9.480883598327637
1700822932328701000,70.64070092773437,2.347687005996704,0.8694225549697876,9.481712341308594
1700822932338902000,70.65090209960937,2.34271502494812,0.8702142834663391,9.482869148254395
1700822932348650000,70.66064990234375,2.3360424041748047,0.869228184223175,9.484606742858887
1700822932358806000,70.67080590820312,2.324816942214966,0.8676522970199585,9.487507820129395
1700822932368839000,70.6808388671875,2.3080923557281494,0.8658519983291626,9.491754531860352
1700822932378856000,70.69085595703125,2.287484884262085,0.8636646866798401,9.496942520141602
1700822932388722000,70.70072192382813,2.2642266750335693,0.8605459928512573,9.50279712677002
1700822932398660000,70.71066015625,2.2424745559692383,0.8564555048942566,9.508321762084961
1700822932408728000,70.72072802734375,2.2269327640533447,0.85142982006073,9.51242446899414
1700822932418740000,70.73073999023437,2.2254955768585205,0.8453168869018555,9.513306617736816
1700822932428777000,70.74077685546875,2.2296698093414307,0.8388420939445496,9.51290225982666
1700822932438877000,70.750876953125,2.2364134788513184,0.8316393494606018,9.511953353881836
1700822932448897000,70.76089697265625,2.238090991973877,0.8272282481193542,9.511942863464355
1700822932459095000,70.77109497070313,2.2363340854644775,0.8236907124519348,9.512662887573242
1700822932468838000,70.780837890625,2.2279951572418213,0.8211489319801331,9.514839172363281
1700822932478861000,70.79086108398438,2.2104291915893555,0.8184414505958557,9.519166946411133
1700822932488846000,70.80084619140625,2.185102939605713,0.8144824504852295,9.52535343170166
1700822932498882000,70.81088208007813,2.159813165664673,0.8106546998023987,9.531445503234863
1700822932508874000,70.8208740234375,2.13970947265625,0.8066604137420654,9.536317825317383
1700822932518865000,70.83086499023437,2.12656569480896,0.8012629151344299,9.539711952209473
1700822932528919000,70.8409189453125,2.117649555206299,0.7955527305603027,9.5421724319458
1700822932538918000,70.85091796875,2.164156436920166,0.7672060132026672,9.534055709838867
1700822932548960000,70.8609599609375,2.197951555252075,0.7319710850715637,9.529093742370605
1700822932559133000,70.8711328125,2.213340997695923,0.7017369270324707,9.527806282043457
1700822932568706000,70.8807060546875,2.2114148139953613,0.6828256249427795,9.529626846313477
1700822932579030000,70.89103002929687,2.1982758045196533,0.6701365113258362,9.53356647491455
1700822932589023000,70.90102294921876,2.1690895557403564,0.6642162203788757,9.540663719177246
1700822932599063000,70.91106298828124,2.1346442699432373,0.668054461479187,9.548161506652832
1700822932609029000,70.92102905273437,2.1163015365600586,0.6728022694587708,9.551910400390625
1700822932618947000,70.93094702148437,2.1113078594207764,0.6774550080299377,9.55268669128418
1700822932629031000,70.94103100585937,2.115605354309082,0.6838029623031616,9.551283836364746
1700822932638791000,70.950791015625,2.127711534500122,0.6875205039978027,9.548327445983887
1700822932648705000,70.960705078125,2.1424336433410645,0.6912886500358582,9.54476261138916
1700822932659030000,70.97103002929687,2.1567423343658447,0.6883662939071655,9.541751861572266
1700822932668687000,70.98068701171874,2.168665885925293,0.6814204454421997,9.539546012878418
1700822932678758000,70.9907578125,2.174070358276367,0.6715657114982605,9.53901481628418
1700822932688740000,71.00073999023438,2.172046184539795,0.6608560681343079,9.5402250289917
1700822932698762000,71.01076196289063,2.1689157485961914,0.6575614213943481,9.541163444519043
1700822932708943000,71.02094311523437,2.186264991760254,0.6848124265670776,9.535286903381348
1700822932718810000,71.03081005859374,2.2180819511413574,0.7517629861831665,9.522886276245117
1700822932728956000,71.04095581054688,2.2299156188964844,0.8384078145027161,9.512883186340332
1700822932738893000,71.05089306640625,2.2223293781280518,0.918383002281189,9.507272720336914
1700822932748811000,71.06081103515625,2.2304320335388184,0.9699334502220154,9.500251770019531
1700822932758958000,71.0709580078125,2.255744457244873,0.9939689636230469,9.49178695678711
1700822932768836000,71.08083618164062,2.273933172225952,0.9964879751205444,9.487181663513184
1700822932778815000,71.09081494140625,2.2794740200042725,0.9910808205604553,9.486418724060059
1700822932789026000,71.10102612304688,2.282905101776123,0.9873107075691223,9.485987663269043
1700822932798835000,71.1108349609375,2.285547971725464,0.9849234819412231,9.485599517822266
1700822932808798000,71.1207978515625,2.2892539501190186,0.9844488501548767,9.484755516052246
1700822932818844000,71.13084399414062,2.2943246364593506,0.9862538576126099,9.483341217041016
1700822932829003000,71.1410029296875,2.3031349182128906,0.9899346232414246,9.480822563171387
1700822932838954000,71.1509541015625,2.3167529106140137,0.9943322539329529,9.477043151855469
1700822932848877000,71.160876953125,2.330745220184326,0.9988330602645874,9.473138809204102
1700822932859109000,71.17110913085938,2.341921091079712,1.0025008916854858,9.46999454498291
1700822932868923000,71.1809228515625,2.3508803844451904,1.0039476156234741,9.467621803283691
1700822932878943000,71.19094287109375,2.3568809032440186,1.0016945600509644,9.466368675231934
1700822932889437000,71.20143701171875,2.3611884117126465,0.9973939657211304,9.465747833251953
1700822932898871000,71.21087109375,2.364319086074829,0.9889563918113708,9.465852737426758
1700822932909004000,71.22100415039063,2.3665409088134766,0.9791931509971619,9.466312408447266
1700822932918913000,71.2309130859375,2.3670191764831543,0.9698609709739685,9.46715259552002
1700822932928853000,71.24085302734375,2.3679347038269043,0.9617232084274292,9.467755317687988
1700822932939104000,71.25110400390625,2.3713934421539307,0.9554823040962219,9.467520713806152
1700822932948937000,71.26093701171875,2.3781025409698486,0.951724112033844,9.466215133666992
1700822932958987000,71.27098706054687,2.3892934322357178,0.9499720335006714,9.463574409484863
1700822932968776000,71.28077587890625,2.4046812057495117,0.9498027563095093,9.459692001342773
1700822932978825000,71.29082495117187,2.4141387939453125,0.9468252062797546,9.457581520080566
1700822932988818000,71.30081787109376,2.408940076828003,0.9361489415168762,9.459970474243164
1700822932998897000,71.31089697265625,2.398643732070923,0.9186381101608276,9.464303016662598
1700822933008881000,71.320880859375,2.3943276405334473,0.8982856273651123,9.467347145080566
1700822933018978000,71.33097802734375,2.3877601623535156,0.8980764150619507,9.469026565551758
1700822933028798000,71.3407978515625,2.392577648162842,0.8776678442955017,9.469724655151367
1700822933038662000,71.35066186523437,2.403855085372925,0.8604097962379456,9.468451499938965
1700822933048698000,71.36069799804687,2.4159796237945557,0.84584641456604,9.466676712036133
1700822933058658000,71.37065795898438,2.4231271743774414,0.8327543139457703,9.466011047363281
1700822933068817000,71.38081689453125,2.419093370437622,0.8190613389015198,9.46823787689209
1700822933078889000,71.39088891601563,2.4109981060028076,0.8070940971374512,9.471328735351562
1700822933088699000,71.40069897460937,2.4061875343322754,0.7998337745666504,9.47316837310791
1700822933098882000,71.41088208007812,2.4067018032073975,0.7980647087097168,9.473187446594238
1700822933108856000,71.42085595703125,2.4071271419525146,0.8003025650978088,9.472891807556152
1700822933118849000,71.43084912109374,2.4035744667053223,0.8024290204048157,9.473610877990723
1700822933128776000,71.44077587890625,2.4020493030548096,0.8016758561134338,9.4740629196167
1700822933138833000,71.4508330078125,2.4056777954101562,0.7982479333877563,9.473430633544922
1700822933148651000,71.46065112304687,2.410332202911377,0.7919450402259827,9.472777366638184
1700822933158922000,71.470921875,2.4141459465026855,0.7849635481834412,9.472387313842773
1700822933168868000,71.4808681640625,2.416018486022949,0.7801567316055298,9.472307205200195
1700822933178863000,71.49086303710938,2.4151859283447266,0.7795289158821106,9.47257137298584
1700822933188865000,71.50086499023438,2.411982297897339,0.7838923931121826,9.473026275634766
1700822933198899000,71.51089892578125,2.4069929122924805,0.791816771030426,9.473637580871582
1700822933208937000,71.52093701171874,2.3999106884002686,0.8006091117858887,9.47469425201416
1700822933218910000,71.53090991210938,2.3928143978118896,0.8089075684547424,9.475785255432129
1700822933228876000,71.5408759765625,2.390512704849243,0.8166884183883667,9.475699424743652
1700822933238948000,71.55094799804688,2.394104480743408,0.8241460919380188,9.47414493560791
1700822933248886000,71.56088598632813,2.40055775642395,0.8314265608787537,9.47187614440918
1700822933258901000,71.57090087890624,2.405529499053955,0.8386579751968384,9.469978332519531
1700822933268922000,71.58092211914062,2.4043502807617188,0.845730721950531,9.469648361206055
1700822933278919000,71.5909189453125,2.3946144580841064,0.8485843539237976,9.4718599319458
1700822933289886000,71.60188598632813,2.380000352859497,0.8448951244354248,9.475871086120605
1700822933298898000,71.61089794921875,2.3640973567962646,0.8411118388175964,9.48018741607666
1700822933308900000,71.62090014648437,2.345278024673462,0.8367249965667725,9.485248565673828
1700822933318896000,71.63089624023438,2.3218772411346436,0.8339429497718811,9.491249084472656
1700822933328880000,71.64088012695312,2.2939817905426025,0.8313231468200684,9.498261451721191
1700822933338930000,71.65092993164062,2.26396107673645,0.8269932866096497,9.505838394165039
1700822933349106000,71.66110595703125,2.244605779647827,0.8197118639945984,9.51105785369873
1700822933359275000,71.67127490234375,2.232455253601074,0.8084431886672974,9.514881134033203
1700822933368847000,71.68084716796875,2.221790075302124,0.7911357879638672,9.518831253051758
1700822933378828000,71.690828125,2.207371234893799,0.7659668326377869,9.524243354797363
1700822933391726000,71.70372607421875,2.1883227825164795,0.7311895489692688,9.53136920928955
1700822933408781000,71.72078100585938,2.1647119522094727,0.6945587396621704,9.539497375488281
1700822933418819000,71.73081909179687,2.0750374794006348,0.4964940845966339,9.571734428405762
1700822933428810000,71.74081005859375,2.0402376651763916,0.4459434449672699,9.58169937133789
1700822933439204000,71.7512041015625,1.9935791492462158,0.44746583700180054,9.59144401550293
1700822933448774000,71.76077392578125,1.9041582345962524,0.513160228729248,9.60631275177002
1700822933458904000,71.77090405273438,1.8056138753890991,0.6508455276489258,9.616992950439453
1700822933468877000,71.780876953125,1.7319449186325073,0.8059703707695007,9.618792533874512
1700822933478877000,71.790876953125,1.6657201051712036,0.9642828702926636,9.615921020507812
1700822933488982000,71.80098193359375,1.6125761270523071,1.0726996660232544,9.613496780395508
1700822933498879000,71.81087890625,1.602872610092163,1.0585376024246216,9.616687774658203
1700822933509019000,71.82101879882812,1.5909218788146973,1.0475605726242065,9.61987590789795
1700822933518881000,71.83088110351562,1.5768071413040161,1.0405769348144531,9.622954368591309
1700822933532397000,71.84439697265626,1.5624629259109497,1.037903070449829,9.625585556030273
1700822933548682000,71.86068188476563,1.4798868894577026,0.9822109937667847,9.64445972442627
1700822933558689000,71.87068896484375,1.4726604223251343,0.9795730710029602,9.645833015441895
1700822933568714000,71.8807138671875,1.4771441221237183,0.9787251949310303,9.645233154296875
1700822933578742000,71.89074194335937,1.4857944250106812,0.9770637154579163,9.644073486328125
1700822933588653000,71.90065307617188,1.4982273578643799,0.9678101539611816,9.643083572387695
1700822933598727000,71.91072680664062,1.513567566871643,0.9588231444358826,9.641586303710938
1700822933608606000,71.92060595703126,1.5299526453018188,0.9527058005332947,9.639606475830078
1700822933618724000,71.93072412109375,1.648140549659729,0.8406249284744263,9.630542755126953
1700822933628712000,71.9407119140625,1.7213274240493774,0.7639043927192688,9.624130249023438
1700822933638834000,71.950833984375,1.7600425481796265,0.7242471575737,9.620192527770996
1700822933648731000,71.96073095703125,1.7818061113357544,0.6986360549926758,9.618080139160156
1700822933658852000,71.97085205078125,1.802919626235962,0.6807292103767395,9.615428924560547
1700822933668729000,71.98072900390625,1.8382995128631592,0.6616124510765076,9.610062599182129
1700822933678778000,71.99077807617188,1.8990927934646606,0.6238935589790344,9.600759506225586
1700822933688848000,72.00084790039062,1.9674921035766602,0.562026858329773,9.590802192687988
1700822933698826000,72.01082592773437,2.010345458984375,0.5060708522796631,9.585029602050781
1700822933708862000,72.02086206054688,2.0101044178009033,0.4953755736351013,9.585639953613281
1700822933718868000,72.03086791992187,2.005369186401367,0.48377925157546997,9.587223052978516
1700822933728818000,72.04081787109375,1.9982309341430664,0.47180619835853577,9.589309692382812
1700822933739035000,72.05103491210937,1.9913991689682007,0.46134501695632935,9.591239929199219
1700822933748844000,72.06084399414063,1.986038327217102,0.45341333746910095,9.592730522155762
1700822933758846000,72.07084594726562,1.9834866523742676,0.4481339454650879,9.593505859375
1700822933768843000,72.08084301757812,1.9841997623443604,0.4456856846809387,9.593472480773926
1700822933778858000,72.09085791015625,1.9884065389633179,0.4459744393825531,9.5925874710083
1700822933788889000,72.10088916015626,1.9964089393615723,0.4477762281894684,9.590841293334961
1700822933798861000,72.11086108398437,2.0074238777160645,0.4502510726451874,9.588425636291504
1700822933808864000,72.12086401367188,2.018148183822632,0.4530562162399292,9.586042404174805
1700822933818868000,72.13086791992187,2.0258588790893555,0.4565379023551941,9.584251403808594
1700822933828852000,72.14085205078125,2.029890298843384,0.46139997243881226,9.58316421508789
1700822933838904000,72.15090405273438,2.030428647994995,0.46826720237731934,9.582717895507812
1700822933848687000,72.16068701171875,2.0305278301239014,0.4762868583202362,9.582300186157227
1700822933858911000,72.17091088867187,2.0386295318603516,0.48621174693107605,9.580082893371582
1700822933868884000,72.18088403320313,2.0539143085479736,0.4966188669204712,9.576284408569336
1700822933878915000,72.1909150390625,2.0731875896453857,0.5057342052459717,9.57165241241455
1700822933888894000,72.20089404296876,2.092358350753784,0.5120911598205566,9.56714153289795
1700822933898862000,72.21086206054687,2.10874605178833,0.5154331922531128,9.563364028930664
1700822933908926000,72.22092602539063,2.1241655349731445,0.5163292288780212,9.55990219116211
1700822933918943000,72.23094287109375,2.1368160247802734,0.5173977613449097,9.557024002075195
1700822933929199000,72.24119921875,2.147516965866089,0.5189154744148254,9.554543495178223
1700822933939543000,72.25154296875,2.1593165397644043,0.5211378335952759,9.551763534545898
1700822933949882000,72.26188208007812,2.1704635620117188,0.5236477255821228,9.54909896850586
1700822933958776000,72.27077612304687,2.177271604537964,0.5258221626281738,9.547429084777832
1700822933968839000,72.2808388671875,2.1805825233459473,0.5252844095230103,9.54670238494873
1700822933978701000,72.290701171875,2.1808385848999023,0.5233312249183655,9.546751022338867
1700822933988725000,72.30072509765625,2.1776976585388184,0.520607054233551,9.54761791229248
1700822933998833000,72.3108330078125,2.170889377593994,0.5183435082435608,9.549290657043457
1700822934008826000,72.320826171875,2.1629106998443604,0.5175178647041321,9.551146507263184
1700822934018741000,72.33074096679688,2.154043197631836,0.5166203379631042,9.553197860717773
1700822934028962000,72.34096215820313,2.145529270172119,0.5149862766265869,9.55520248413086
1700822934038828000,72.350828125,2.137233018875122,0.5118351578712463,9.557230949401855
1700822934048707000,72.36070703125,2.1298270225524902,0.5067340135574341,9.55915641784668
1700822934058867000,72.37086694335937,2.1242330074310303,0.49874797463417053,9.560819625854492
1700822934068863000,72.38086303710938,2.11694073677063,0.4876213073730469,9.56301212310791
1700822934078710000,72.3907099609375,2.1061065196990967,0.4759373068809509,9.56599235534668
1700822934088802000,72.40080200195312,2.091979742050171,0.4655331075191498,9.56960391998291
1700822934098649000,72.41064916992187,2.0764029026031494,0.4583885073661804,9.573339462280273
1700822934108772000,72.42077221679688,2.0610544681549072,0.45416679978370667,9.57685661315918
1700822934118669000,72.4306689453125,2.0456817150115967,0.45127400755882263,9.580288887023926
1700822934128740000,72.44073999023438,2.0301475524902344,0.4480944871902466,9.583741188049316
1700822934138765000,72.45076513671874,2.016211748123169,0.44389909505844116,9.586878776550293
1700822934148830000,72.46082983398438,2.0038928985595703,0.43876728415489197,9.589696884155273
1700822934158748000,72.47074780273438,1.9926220178604126,0.4329588711261749,9.592309951782227
1700822934168746000,72.48074609375,1.9798500537872314,0.4263865053653717,9.595248222351074
1700822934178731000,72.49073095703125,1.9642889499664307,0.41866615414619446,9.598786354064941
1700822934188778000,72.50077807617187,1.945404291152954,0.4100763201713562,9.603002548217773
1700822934198907000,72.51090698242187,1.920911431312561,0.4003264904022217,9.608342170715332
1700822934208780000,72.52078002929687,1.894350528717041,0.391459584236145,9.61397933959961
1700822934218799000,72.53079907226562,1.8681753873825073,0.38441258668899536,9.619383811950684
1700822934228823000,72.54082299804688,1.8411999940872192,0.3776400089263916,9.62485122680664
1700822934238887000,72.55088696289063,1.8150348663330078,0.3695625066757202,9.630133628845215
1700822934248780000,72.56078002929688,1.7907493114471436,0.3593149781227112,9.635065078735352
1700822934258802000,72.57080200195313,1.7709870338439941,0.34660422801971436,9.639183044433594
1700822934268903000,72.58090283203126,1.7558790445327759,0.33084437251091003,9.642499923706055
1700822934278921000,72.5909208984375,1.7410314083099365,0.31273558735847473,9.645797729492188
1700822934289195000,72.60119506835937,1.7248209714889526,0.29555121064186096,9.649250030517578
1700822934298934000,72.61093408203125,1.7130405902862549,0.2836342751979828,9.651707649230957
1700822934308901000,72.62090112304688,1.7074159383773804,0.27733519673347473,9.652885437011719
1700822934318850000,72.63085009765625,1.7050244808197021,0.27508389949798584,9.653373718261719
1700822934328848000,72.64084790039063,1.7023868560791016,0.27511370182037354,9.653838157653809
1700822934339296000,72.6512958984375,1.69614577293396,0.27686581015586853,9.654887199401855
1700822934348906000,72.66090600585937,1.6876211166381836,0.27847820520401,9.656332969665527
1700822934359028000,72.67102807617188,1.675937533378601,0.27717795968055725,9.658406257629395
1700822934368781000,72.68078100585937,1.6584327220916748,0.2721729874610901,9.661569595336914
1700822934378774000,72.69077392578124,1.6364657878875732,0.26571810245513916,9.66549301147461
1700822934388996000,72.70099609375,1.6186102628707886,0.259033203125,9.668681144714355
1700822934398821000,72.71082104492187,1.6049901247024536,0.25230303406715393,9.67112922668457
1700822934408780000,72.72078002929688,1.5911839008331299,0.24735096096992493,9.673539161682129
1700822934418925000,72.73092504882813,1.5765670537948608,0.2437880039215088,9.676021575927734
1700822934429059000,72.74105908203126,1.5630534887313843,0.24143998324871063,9.67827320098877
1700822934438948000,72.75094799804687,1.551710605621338,0.23960517346858978,9.680144309997559
1700822934449037000,72.761037109375,1.5373197793960571,0.2364347279071808,9.682518005371094
1700822934458999000,72.7709990234375,1.5161802768707275,0.22939123213291168,9.686018943786621
1700822934468944000,72.78094384765625,1.4850425720214844,0.21706804633140564,9.691126823425293
1700822934478846000,72.79084594726562,1.446980595588684,0.200431689620018,9.69724178314209
1700822934488665000,72.8006650390625,1.4218777418136597,0.18259908258914948,9.70130443572998
1700822934498750000,72.81075,1.4024590253829956,0.1659901887178421,9.704428672790527
1700822934508713000,72.820712890625,1.3864405155181885,0.15057751536369324,9.70698356628418
1700822934518784000,72.83078393554688,1.3731648921966553,0.13827186822891235,9.709052085876465
1700822934528766000,72.84076586914063,1.3585623502731323,0.1281082034111023,9.711246490478516
1700822934538860000,72.85086010742188,1.4196125268936157,0.2491685301065445,9.700156211853027
1700822934548704000,72.8607041015625,1.446867823600769,0.3232558071613312,9.693940162658691
1700822934558778000,72.87077807617187,1.4495136737823486,0.3459092378616333,9.69276237487793
1700822934568797000,72.880796875,1.4414349794387817,0.34135639667510986,9.694129943847656
1700822934578799000,72.89079907226562,1.4337085485458374,0.32793286442756653,9.695737838745117
1700822934589080000,72.901080078125,1.4373817443847656,0.2867933213710785,9.696497917175293
1700822934598798000,72.91079809570313,1.462096095085144,0.20865356922149658,9.694798469543457
1700822934608802000,72.92080200195312,1.477659821510315,0.14422844350337982,9.693612098693848
1700822934618784000,72.93078393554687,1.4834686517715454,0.10727262496948242,9.693203926086426
1700822934628783000,72.940783203125,1.474810242652893,0.09220190346240997,9.694679260253906
1700822934639027000,72.95102685546875,1.4684491157531738,0.08134206384420395,9.695744514465332
1700822934648708000,72.9607080078125,1.4611833095550537,0.07353314757347107,9.69690227508545
1700822934658832000,72.97083178710938,1.452445149421692,0.06642419099807739,9.698266983032227
1700822934668925000,72.98092504882813,1.4431971311569214,0.05831132084131241,9.699700355529785
1700822934679148000,72.99114794921876,1.4378548860549927,0.050439562648534775,9.70053768157959
1700822934689055000,73.00105493164062,1.4390279054641724,0.044048987329006195,9.700394630432129
1700822934698908000,73.01090795898438,1.4441993236541748,0.03880699351429939,9.6996488571167
1700822934708829000,73.02082885742188,1.4511501789093018,0.03651479259133339,9.69861888885498
1700822934718886000,73.03088598632813,1.4602057933807373,0.03626490756869316,9.697261810302734
1700822934728833000,73.0408330078125,1.4680806398391724,0.03964753448963165,9.696060180664062
1700822934738876000,73.0508759765625,1.476706624031067,0.045949265360832214,9.694720268249512
1700822934748938000,73.06093798828125,1.490460991859436,0.05361117795109749,9.692577362060547
1700822934759067000,73.07106689453126,1.5111184120178223,0.0607294887304306,9.689335823059082
1700822934768800000,73.08080004882812,1.5396873950958252,0.06714139878749847,9.684794425964355
1700822934778733000,73.09073315429687,1.5780322551727295,0.07387304306030273,9.678571701049805
1700822934788725000,73.10072509765625,1.6206705570220947,0.07680939137935638,9.671500205993652
1700822934798762000,73.11076196289062,1.6663135290145874,0.07969459146261215,9.663718223571777
1700822934808732000,73.12073193359375,1.7117036581039429,0.08033815026283264,9.655776977539062
1700822934818764000,73.13076391601562,1.7565490007400513,0.07856763154268265,9.647734642028809
1700822934828794000,73.14079418945313,1.7947558164596558,0.07319558411836624,9.640740394592285
1700822934838800000,73.1507998046875,1.820441484451294,0.06342851370573044,9.635993957519531
1700822934848851000,73.16085083007812,1.8512262105941772,0.04922404885292053,9.630209922790527
1700822934858908000,73.17090795898437,1.889885663986206,0.03131576254963875,9.622772216796875
1700822934868768000,73.18076806640624,1.9313812255859375,0.0065399231389164925,9.614580154418945
1700822934878880000,73.1908798828125,1.9611140489578247,-0.02553308568894863,9.608525276184082
1700822934889109000,73.20110888671876,1.9731063842773438,-0.06219283863902092,9.605902671813965
1700822934898913000,73.2109130859375,1.961668848991394,-0.11180734634399414,9.607796669006348
1700822934908858000,73.22085815429688,1.933286190032959,-0.15019290149211884,9.613024711608887
1700822934918929000,73.23092895507813,1.8847861289978027,-0.18043459951877594,9.62213134765625
1700822934928747000,73.2407470703125,1.821041464805603,-0.20425912737846375,9.633922576904297
1700822934938882000,73.25088208007813,1.7512608766555786,-0.22518326342105865,9.64638614654541
1700822934948880000,73.2608798828125,1.6827932596206665,-0.24538609385490417,9.658072471618652
1700822934958961000,73.2709609375,1.6139941215515137,-0.2637281119823456,9.669325828552246
1700822934968851000,73.28085083007812,1.5458438396453857,-0.27555590867996216,9.680126190185547
1700822934978838000,73.29083813476562,1.4656085968017578,-0.281607449054718,9.692423820495605
1700822934988860000,73.30085986328125,1.3864742517471313,-0.28564271330833435,9.70394229888916
1700822934998863000,73.31086303710937,1.3041454553604126,-0.29234015941619873,9.715149879455566
1700822935008875000,73.320875,1.200656771659851,-0.3032075762748718,9.7281494140625
1700822935018825000,73.33082495117188,1.0885381698608398,-0.31499388813972473,9.740958213806152
1700822935028838000,73.340837890625,0.9707573056221008,-0.32729223370552063,9.7529935836792
1700822935038836000,73.3508359375,0.8405106067657471,-0.34118571877479553,9.764606475830078
1700822935048717000,73.36071704101562,0.7182137370109558,-0.3494473695755005,9.774070739746094
1700822935058870000,73.3708701171875,0.5915074944496155,-0.35424453020095825,9.782383918762207
1700822935068827000,73.38082690429688,0.44638973474502563,-0.3628045618534088,9.789764404296875
1700822935078773000,73.39077294921876,0.28907033801078796,-0.3713447153568268,9.795353889465332
1700822935088823000,73.40082299804688,0.11262919008731842,-0.37357935309410095,9.7988862991333
1700822935098922000,73.410921875,-0.04602174833416939,-0.3711284399032593,9.799517631530762
1700822935108886000,73.42088598632813,-0.21700814366340637,-0.3640107214450836,9.797491073608398
1700822935118924000,73.43092407226563,-0.40017831325531006,-0.35435208678245544,9.792073249816895
1700822935128705000,73.440705078125,-0.6039865016937256,-0.3472557067871094,9.781871795654297
1700822935138944000,73.45094409179687,-0.8029825687408447,-0.3427484333515167,9.767709732055664
1700822935148830000,73.46082983398438,-1.014411211013794,-0.3376747965812683,9.748196601867676
1700822935158672000,73.470671875,-1.2228264808654785,-0.33062371611595154,9.724495887756348
1700822935168892000,73.48089184570313,-1.4318901300430298,-0.3213546574115753,9.696227073669434
1700822935178679000,73.49067895507812,-1.652174472808838,-0.311983585357666,9.661437034606934
1700822935192860000,73.50485986328125,-1.8683687448501587,-0.30793723464012146,9.622097969055176
1700822935208615000,73.52061499023438,-2.2495524883270264,-0.3287716507911682,9.539488792419434
1700822935218739000,73.53073901367188,-2.4455997943878174,-0.35930824279785156,9.490013122558594
1700822935228894000,73.54089404296874,-2.6433818340301514,-0.3932075798511505,9.4354829788208
1700822935238860000,73.55086010742187,-2.841616153717041,-0.42451339960098267,9.376321792602539
1700822935248714000,73.5607138671875,-3.028228282928467,-0.4550710618495941,9.316282272338867
1700822935258715000,73.57071484375,-3.191477060317993,-0.4832669198513031,9.260202407836914
1700822935268841000,73.58084106445312,-3.332411050796509,-0.508230984210968,9.209080696105957
1700822935278828000,73.590828125,-3.463923454284668,-0.5326899886131287,9.159032821655273
1700822935289114000,73.60111401367188,-3.5887796878814697,-0.556195080280304,9.109430313110352
1700822935298833000,73.6108330078125,-3.7123520374298096,-0.5797358155250549,9.058296203613281
1700822935308969000,73.62096899414063,-3.839578628540039,-0.6027160286903381,9.0035982131958
1700822935318994000,73.63099389648437,-3.971198558807373,-0.6246396899223328,8.944820404052734
1700822935328854000,73.64085400390626,-4.086919784545898,-0.6443707942962646,8.891134262084961
1700822935338867000,73.65086694335938,-4.173194408416748,-0.6578106880187988,8.849981307983398
1700822935348863000,73.66086303710938,-4.245692729949951,-0.6669935584068298,8.814738273620605
1700822935359126000,73.6711259765625,-4.305016994476318,-0.6733201146125793,8.785432815551758
1700822935368958000,73.6809580078125,-4.353843688964844,-0.677615761756897,8.761008262634277
1700822935378911000,73.69091088867188,-4.393720626831055,-0.6832844614982605,8.740639686584473
1700822935388864000,73.70086401367188,-4.425816535949707,-0.6936284899711609,8.723612785339355
1700822935398758000,73.7107578125,-4.448821544647217,-0.704943060874939,8.7109956741333
1700822935408657000,73.72065698242187,-4.46075439453125,-0.7124193906784058,8.704282760620117
1700822935418784000,73.73078393554688,-4.4614057540893555,-0.7172025442123413,8.703556060791016
1700822935428790000,73.7407900390625,-4.444230556488037,-0.7150202393531799,8.712517738342285
1700822935438763000,73.75076293945312,-4.397043228149414,-0.7053560018539429,8.737213134765625
1700822935448809000,73.76080908203124,-4.307965278625488,-0.6951935291290283,8.782288551330566
1700822935458782000,73.77078198242188,-4.18836784362793,-0.6859639286994934,8.840669631958008
1700822935468752000,73.780751953125,-4.063974857330322,-0.6745853424072266,8.899405479431152
1700822935478887000,73.79088696289062,-3.9299850463867188,-0.6591594815254211,8.960530281066895
1700822935489338000,73.80133813476563,-3.76412034034729,-0.6400365829467773,9.0328369140625
1700822935498916000,73.810916015625,-3.5713889598846436,-0.618579089641571,9.112242698669434
1700822935508831000,73.8208310546875,-3.2640914916992188,-0.5762134790420532,9.229520797729492
1700822935518848000,73.83084790039062,-2.9967923164367676,-0.5368097424507141,9.322093963623047
1700822935528869000,73.840869140625,-2.693639039993286,-0.4935512840747833,9.416535377502441
1700822935538692000,73.85069213867187,-2.3928585052490234,-0.4563070237636566,9.499283790588379
1700822935548703000,73.86070288085938,-2.086113929748535,-0.4275485575199127,9.572654724121094
1700822935558836000,73.8708359375,-1.7963857650756836,-0.4056280851364136,9.63217830657959
1700822935568797000,73.880796875,-1.5020426511764526,-0.3829810917377472,9.683367729187012
1700822935578850000,73.89085009765626,-1.2221636772155762,-0.3600315749645233,9.723530769348145
1700822935589000000,73.901,-0.9713807106018066,-0.3372440040111542,9.752593994140625
1700822935598855000,73.91085498046876,-0.7675821781158447,-0.31877076625823975,9.771366119384766
1700822935608953000,73.920953125,-0.5685612559318542,-0.29612287878990173,9.785676002502441
1700822935618848000,73.93084790039063,-0.36118221282958984,-0.2621472477912903,9.796488761901855
1700822935628848000,73.94084814453124,-0.1806400567293167,-0.2237842082977295,9.8024320602417
1700822935638752000,73.950751953125,-0.06963292509317398,-0.18844693899154663,9.804593086242676
1700822935648828000,73.96082788085937,-0.04152648150920868,-0.15748277306556702,9.805298805236816
1700822935658654000,73.97065405273437,-0.07882657647132874,-0.12998948991298676,9.805473327636719
1700822935668837000,73.98083715820313,-0.14013533294200897,-0.11610914021730423,9.804963111877441
1700822935678856000,73.99085595703124,-0.2124062031507492,-0.11675561964511871,9.803655624389648
1700822935688920000,74.00092016601562,-0.29014119505882263,-0.13041502237319946,9.80148983001709
1700822935698896000,74.01089575195313,-0.39197394251823425,-0.15414661169052124,9.797602653503418
1700822935708795000,74.020794921875,-0.5461798906326294,-0.1891854852437973,9.789602279663086
1700822935718868000,74.03086791992187,-0.7146803140640259,-0.22498160600662231,9.777985572814941
1700822935728858000,74.04085815429687,-0.9230872392654419,-0.26637306809425354,9.759475708007812
1700822935739120000,74.0511201171875,-1.146451711654663,-0.30888473987579346,9.73450756072998
1700822935748922000,74.06092211914063,-1.364232063293457,-0.3530634939670563,9.704874992370605
1700822935759094000,74.07109399414063,-1.5539730787277222,-0.3961576819419861,9.674638748168945
1700822935768877000,74.080876953125,-1.701780915260315,-0.431620329618454,9.648213386535645
1700822935778796000,74.09079614257813,-1.802817463874817,-0.45649054646492004,9.62869930267334
1700822935788837000,74.10083715820312,-1.894152283668518,-0.47781187295913696,9.610114097595215
1700822935798816000,74.11081591796875,-2.0091726779937744,-0.500642716884613,9.585561752319336
1700822935808649000,74.12064892578125,-2.1506006717681885,-0.5261874794960022,9.553451538085938
1700822935818855000,74.13085498046875,-2.3016881942749023,-0.5635726451873779,9.516040802001953
1700822935828820000,74.14082006835937,-2.419224500656128,-0.6046881675720215,9.484308242797852
1700822935838838000,74.15083813476562,-2.5080976486206055,-0.642915666103363,9.4586763381958
1700822935848811000,74.16081103515624,-2.569838047027588,-0.671005129814148,9.440131187438965
1700822935858784000,74.17078393554688,-2.618195056915283,-0.6904802322387695,9.425427436828613
1700822935868829000,74.18082885742187,-2.6806604862213135,-0.7107082009315491,9.406347274780273
1700822935878860000,74.19086010742187,-2.751599073410034,-0.7351134419441223,9.383959770202637
1700822935888854000,74.20085400390624,-2.807049036026001,-0.7549842596054077,9.365942001342773
1700822935898839000,74.21083911132813,-2.8375606536865234,-0.7654308676719666,9.355895042419434
1700822935908905000,74.22090502929687,-2.842862844467163,-0.7671241760253906,9.354145050048828
1700822935918902000,74.23090209960938,-2.8415017127990723,-0.7668214440345764,9.354584693908691
1700822935928896000,74.24089599609376,-2.857914686203003,-0.7685650587081909,9.34943962097168
1700822935938914000,74.2509140625,-2.870246171951294,-0.7703297138214111,9.345516204833984
1700822935948905000,74.26090502929688,-2.838266611099243,-0.7686185240745544,9.355420112609863
1700822935958901000,74.27090087890625,-2.777653217315674,-0.758923351764679,9.374382972717285
1700822935968918000,74.28091796875,-2.7254505157470703,-0.740848183631897,9.391138076782227
1700822935978901000,74.29090087890626,-2.685676097869873,-0.7180790305137634,9.4043550491333
1700822935988882000,74.3008818359375,-2.6367757320404053,-0.6987655162811279,9.419634819030762
1700822935998887000,74.31088696289062,-2.5717623233795166,-0.6829036474227905,9.438753128051758
1700822936008868000,74.3208681640625,-2.505105972290039,-0.66607266664505,9.457863807678223
1700822936018904000,74.33090405273437,-2.426689624786377,-0.6430740356445312,9.479876518249512
1700822936028679000,74.34067895507812,-2.31868839263916,-0.615467369556427,9.508694648742676
1700822936039036000,74.35103588867187,-2.1998403072357178,-0.584918200969696,9.538813591003418
1700822936048715000,74.36071508789063,-2.072035074234009,-0.5482502579689026,9.569560050964355
1700822936058782000,74.37078198242187,-1.9461387395858765,-0.513315737247467,9.597887992858887
1700822936068668000,74.38066796875,-1.8426588773727417,-0.4794634282588959,9.620037078857422
1700822936078846000,74.39084594726563,-1.7472572326660156,-0.4401172399520874,9.63969898223877
1700822936088780000,74.40078002929687,-1.6573888063430786,-0.39871203899383545,9.657355308532715
1700822936098848000,74.41084790039062,-1.55906343460083,-0.3610381484031677,9.675191879272461
1700822936108844000,74.42084399414063,-1.4342855215072632,-0.3212745785713196,9.69587516784668
1700822936118838000,74.43083813476562,-1.2971388101577759,-0.27953794598579407,9.71646499633789
1700822936128860000,74.44085986328125,-1.156500220298767,-0.24014584720134735,9.73525619506836
1700822936138735000,74.45073510742188,-1.0269473791122437,-0.19979630410671234,9.75068473815918
1700822936148906000,74.46090600585937,-0.9104805588722229,-0.1618283987045288,9.76294994354248
1700822936158949000,74.47094921875,-0.7941974997520447,-0.13211363554000854,9.773545265197754
1700822936168941000,74.48094116210937,-0.6737707853317261,-0.10953589528799057,9.78286361694336
1700822936178876000,74.4908759765625,-0.5411410331726074,-0.08950433135032654,9.791300773620605
1700822936188914000,74.50091381835938,-0.398445188999176,-0.07128799706697464,9.798294067382812
1700822936198893000,74.51089306640625,-0.2574509084224701,-0.054211776703596115,9.803120613098145
1700822936208765000,74.52076489257813,-0.12217004597187042,-0.03342530131340027,9.805830955505371
1700822936218745000,74.5307451171875,0.003446925664320588,-0.006036942359060049,9.806648254394531
1700822936228848000,74.54084814453125,0.12097674608230591,0.025781506672501564,9.80587100982666
1700822936238825000,74.55082495117188,0.2354123890399933,0.05863982066512108,9.803650856018066
1700822936248760000,74.56076000976563,0.3503299951553345,0.09239128232002258,9.799957275390625
1700822936258659000,74.5706591796875,0.45881783962249756,0.1236170306801796,9.79513168334961
1700822936268856000,74.58085595703125,0.5618845224380493,0.14952829480171204,9.789397239685059
1700822936278828000,74.590828125,0.6575526595115662,0.17057722806930542,9.783092498779297
1700822936288853000,74.60085302734375,0.7440124750137329,0.18879327178001404,9.776564598083496
1700822936298945000,74.61094506835937,0.8205459713935852,0.2012193202972412,9.770190238952637
1700822936308870000,74.62086987304687,0.8908601999282837,0.20706425607204437,9.763907432556152
1700822936318806000,74.63080590820313,0.952298104763031,0.2133580893278122,9.75797176361084
1700822936328758000,74.64075805664062,1.008553385734558,0.21502777934074402,9.752280235290527
1700822936338704000,74.65070385742187,1.0586940050125122,0.2170037478208542,9.74692153930664
1700822936349038000,74.6610380859375,1.1124769449234009,0.22234423458576202,9.740809440612793
1700822936358825000,74.67082495117188,1.1672954559326172,0.23004677891731262,9.734212875366211
1700822936368945000,74.68094482421876,1.2202239036560059,0.2371937334537506,9.727546691894531
1700822936378818000,74.69081811523438,1.269361972808838,0.24227117002010345,9.721132278442383
1700822936388821000,74.70082104492188,1.5387687683105469,0.33886808156967163,9.679244041442871
1700822936398665000,74.7106650390625,1.6357890367507935,0.41561055183410645,9.660324096679688
1700822936408792000,74.7207919921875,1.6527470350265503,0.40938979387283325,9.657702445983887
1700822936418747000,74.73074682617188,1.659294843673706,0.4082561135292053,9.656627655029297
1700822936428780000,74.74078002929687,1.653739333152771,0.4141463339328766,9.657330513000488
1700822936438790000,74.75078979492187,1.6390513181686401,0.42488518357276917,9.659368515014648
1700822936448727000,74.76072705078126,1.620577335357666,0.43140989542007446,9.662195205688477
1700822936458804000,74.77080395507812,1.6074775457382202,0.43564534187316895,9.664193153381348
1700822936468794000,74.78079418945312,1.598491907119751,0.4374208152294159,9.665603637695312
1700822936478810000,74.79081005859375,1.589017629623413,0.4367378056049347,9.667196273803711
1700822936488922000,74.80092211914062,1.5807186365127563,0.4356006383895874,9.668608665466309
1700822936499160000,74.81116015625,1.572150468826294,0.4336439371109009,9.670092582702637
1700822936508845000,74.82084497070312,1.56915283203125,0.4361477494239807,9.670465469360352
1700822936518925000,74.83092504882812,1.5758291482925415,0.4431219696998596,9.66906452178955
1700822936528856000,74.84085595703125,1.5855214595794678,0.4514782726764679,9.667092323303223
1700822936538652000,74.85065185546875,1.5925363302230835,0.46039167046546936,9.665520668029785
1700822936548738000,74.86073803710937,1.6015055179595947,0.4687357246875763,9.66363525390625
1700822936558808000,74.87080810546875,1.616647720336914,0.4751429557800293,9.660801887512207
1700822936568694000,74.88069409179687,1.6317285299301147,0.4784729778766632,9.658100128173828
1700822936578875000,74.890875,1.8500901460647583,0.5585863590240479,9.614341735839844
1700822936588969000,74.90096899414063,2.0437474250793457,0.6346960663795471,9.570301055908203
1700822936598866000,74.91086596679688,2.162416934967041,0.6558353304862976,9.542757987976074
1700822936608963000,74.92096313476563,2.171602964401245,0.6572349667549133,9.54057502746582
1700822936618900000,74.93089990234375,2.1839590072631836,0.662044107913971,9.537422180175781
1700822936628852000,74.94085205078125,2.11873722076416,0.4666057229042053,9.5636625289917
1700822936638838000,74.95083813476562,2.029073476791382,0.34131401777267456,9.58836555480957
1700822936648895000,74.96089501953125,1.9512888193130493,0.2807677984237671,9.60645866394043
1700822936658998000,74.970998046875,1.99655282497406,0.2968061864376068,9.596670150756836
1700822936669058000,74.98105810546875,2.043588876724243,0.3126385509967804,9.586261749267578
1700822936678873000,74.990873046875,2.0909194946289062,0.3287038505077362,9.575510025024414
1700822936688866000,75.00086596679688,2.131930112838745,0.3440849483013153,9.565922737121582
1700822936698848000,75.01084790039063,2.1610281467437744,0.35796529054641724,9.558881759643555
1700822936708803000,75.02080297851562,2.182493209838867,0.3707394301891327,9.55351734161377
1700822936718909000,75.03090893554688,2.197709798812866,0.381257027387619,9.549612998962402
1700822936728810000,75.04081005859375,2.2135605812072754,0.3911857306957245,9.545548439025879
1700822936738649000,75.05064916992187,2.2321829795837402,0.40125149488449097,9.540794372558594
1700822936748643000,75.06064306640624,2.279919147491455,0.4207514226436615,9.528657913208008
1700822936761075000,75.07307495117188,2.2729461193084717,0.41899025440216064,9.530401229858398
1700822936778763000,75.09076293945313,1.891534447669983,0.3367348909378052,9.616605758666992
1700822936788733000,75.10073291015625,1.8062890768051147,0.31021687388420105,9.633871078491211
1700822936799273000,75.11127294921874,1.7564185857772827,0.2739867568016052,9.644186019897461
1700822936808760000,75.12076000976562,1.7398406267166138,0.2374626100063324,9.648158073425293
1700822936818820000,75.13082006835937,1.737238883972168,0.20421704649925232,9.649388313293457
1700822936828797000,75.140796875,1.753792643547058,0.19484423100948334,9.646588325500488
1700822936838753000,75.1507529296875,1.7951595783233643,0.20816519856452942,9.638694763183594
1700822936848795000,75.160794921875,1.8456348180770874,0.2251841425895691,9.628775596618652
1700822936858859000,75.17085888671875,1.9023429155349731,0.2430877536535263,9.617295265197754
1700822936868691000,75.18069091796875,1.9225083589553833,0.2533639371395111,9.613019943237305
1700822936878819000,75.19081909179687,1.9665099382400513,0.2701405882835388,9.603658676147461
1700822936888837000,75.20083715820313,2.00675892829895,0.28649988770484924,9.594854354858398
1700822936898807000,75.21080712890625,1.8342139720916748,0.3339671790599823,9.627799034118652
1700822936909739000,75.22173901367188,1.82230806350708,0.35814008116722107,9.629191398620605
1700822936918676000,75.23067602539062,1.8578640222549438,0.375227689743042,9.621743202209473
1700822936928870000,75.24086987304688,1.9283641576766968,0.37420448660850525,9.607902526855469
1700822936938701000,75.250701171875,2.0164737701416016,0.363500714302063,9.590208053588867
1700822936948940000,75.26093994140625,2.048597812652588,0.3733054995536804,9.583019256591797
1700822936958831000,75.2708310546875,2.0744361877441406,0.3778039813041687,9.577284812927246
1700822936968848000,75.28084790039063,2.1005353927612305,0.38015082478523254,9.571501731872559
1700822936978830000,75.290830078125,2.1280128955841064,0.3815881609916687,9.565372467041016
1700822936988838000,75.300837890625,2.1558773517608643,0.38360798358917236,9.559050559997559
1700822936998831000,75.3108310546875,2.1840851306915283,0.38668227195739746,9.552519798278809
1700822937008849000,75.32084887695312,2.2100987434387207,0.39068010449409485,9.546372413635254
1700822937018882000,75.33088208007813,2.2313003540039062,0.3956681489944458,9.54123306274414
1700822937028766000,75.34076586914063,2.2468936443328857,0.4000663757324219,9.53739070892334
1700822937038878000,75.3508779296875,2.2594056129455566,0.40282678604125977,9.534317970275879
1700822937048781000,75.36078100585938,2.2720437049865723,0.40346449613571167,9.531286239624023
1700822937058875000,75.370875,2.286973476409912,0.4013175368309021,9.527806282043457
1700822937068724000,75.38072387695313,2.3067212104797363,0.400864839553833,9.523063659667969
1700822937079042000,75.3910419921875,2.3300621509552,0.4036255180835724,9.51726245880127
1700822937088906000,75.40090600585937,2.354879379272461,0.41014206409454346,9.510873794555664
1700822937099040000,75.4110400390625,2.3805975914001465,0.4187503159046173,9.504093170166016
1700822937109266000,75.42126586914063,2.402695417404175,0.427245169878006,9.498153686523438
1700822937119035000,75.43103491210937,2.4154274463653564,0.43138039112091064,9.494736671447754
1700822937129027000,75.44102709960937,2.4235668182373047,0.4332546591758728,9.492575645446777
1700822937138890000,75.45088989257812,2.4302399158477783,0.43244653940200806,9.490907669067383
1700822937149094000,75.46109399414063,2.4374237060546875,0.4307502508163452,9.489142417907715
1700822937159014000,75.47101391601562,2.4430792331695557,0.4281216561794281,9.487807273864746
1700822937168959000,75.480958984375,2.4501428604125977,0.4252952039241791,9.486112594604492
1700822937178961000,75.4909609375,2.4601471424102783,0.42179420590400696,9.483678817749023
1700822937189001000,75.5010009765625,2.468820333480835,0.417839914560318,9.481599807739258
1700822937198769000,75.51076879882812,2.473304510116577,0.4138108193874359,9.480607032775879
1700822937209630000,75.5216298828125,2.475905179977417,0.40839463472366333,9.480164527893066
1700822937218884000,75.53088403320312,2.4797985553741455,0.4008621871471405,9.479467391967773
1700822937229021000,75.54102099609375,2.485710382461548,0.3940858244895935,9.478203773498535
1700822937238963000,75.550962890625,2.4921505451202393,0.39138856530189514,9.47662353515625
1700822937248783000,75.560783203125,2.4979257583618164,0.39191725850105286,9.475080490112305
1700822937258928000,75.57092822265625,2.503220319747925,0.3947925269603729,9.473565101623535
1700822937268883000,75.58088305664063,2.5081186294555664,0.3988455832004547,9.472098350524902
1700822937278628000,75.59062817382812,2.5133209228515625,0.40467357635498047,9.470473289489746
1700822937290045000,75.602044921875,2.5189261436462402,0.41211336851119995,9.468663215637207
1700822937299105000,75.61110498046875,2.523707151412964,0.4180068075656891,9.467130661010742
1700822937308902000,75.62090185546874,2.5279946327209473,0.42185792326927185,9.465816497802734
1700822937318652000,75.63065185546876,2.5313668251037598,0.4216150641441345,9.464925765991211
1700822937328724000,75.64072387695313,2.532474994659424,0.41770637035369873,9.464802742004395
1700822937338644000,75.65064404296875,2.5315403938293457,0.41296911239624023,9.46526050567627
1700822937348776000,75.66077587890625,2.5308704376220703,0.4095943570137024,9.465584754943848
1700822937358624000,75.6706240234375,2.5312955379486084,0.4079223573207855,9.465544700622559
1700822937368877000,75.680876953125,2.5328361988067627,0.4068930149078369,9.465177536010742
1700822937378745000,75.6907451171875,2.5347158908843994,0.4061833918094635,9.464703559875488
1700822937388728000,75.70072802734374,2.5390193462371826,0.40757104754447937,9.46349048614502
1700822937398740000,75.71073999023437,2.5471138954162598,0.4121478497982025,9.461116790771484
1700822937408768000,75.72076806640625,2.55869197845459,0.42112523317337036,9.457598686218262
1700822937418727000,75.73072680664062,2.5700762271881104,0.429855078458786,9.454117774963379
1700822937428743000,75.74074291992187,2.577914237976074,0.4351789057254791,9.451738357543945
1700822937438751000,75.7507509765625,2.578752040863037,0.43486645817756653,9.451526641845703
1700822937448757000,75.76075708007812,2.5743887424468994,0.43135613203048706,9.452876091003418
1700822937458810000,75.77081005859375,2.570526123046875,0.426721453666687,9.454136848449707
1700822937469010000,75.78101000976562,2.569139242172241,0.42389002442359924,9.45464038848877
1700822937478850000,75.79085009765625,2.5689504146575928,0.42558541893959045,9.454617500305176
1700822937488848000,75.80084790039062,2.569413423538208,0.43205490708351135,9.454197883605957
1700822937498842000,75.81084204101562,2.5718581676483154,0.4427803158760071,9.453036308288574
1700822937508830000,75.82082983398438,2.577028512954712,0.4550035297870636,9.45104694366455
1700822937518868000,75.83086791992187,2.583667516708374,0.46624594926834106,9.448687553405762
1700822937528822000,75.84082202148437,2.589010000228882,0.4751724600791931,9.446778297424316
1700822937538711000,75.8507109375,2.5933070182800293,0.4808887839317322,9.445311546325684
1700822937548837000,75.86083715820313,2.598567008972168,0.48422202467918396,9.443694114685059
1700822937558900000,75.87089990234375,2.6041183471679688,0.4853332042694092,9.442109107971191
1700822937568722000,75.88072192382812,2.6089935302734375,0.4834039807319641,9.440862655639648
1700822937578869000,75.89086889648438,2.614211082458496,0.4786597192287445,9.439659118652344
1700822937588830000,75.90082983398437,2.6187856197357178,0.4737333655357361,9.438640594482422
1700822937598854000,75.91085400390625,2.6220545768737793,0.4735325872898102,9.437744140625
1700822937608940000,75.92093994140625,2.626840829849243,0.4790998697280884,9.436129570007324
1700822937618912000,75.930912109375,2.632596969604492,0.4880170524120331,9.43406867980957
1700822937628905000,75.94090502929687,2.6364550590515137,0.5014616250991821,9.432287216186523
1700822937638953000,75.95095288085938,2.638179063796997,0.513575553894043,9.431154251098633
1700822937649051000,75.96105078125,2.6392548084259033,0.5214478969573975,9.430419921875
1700822937659231000,75.97123095703125,2.640774965286255,0.5275763273239136,9.42965316772461
1700822937668917000,75.9809169921875,2.643862724304199,0.5321993231773376,9.428528785705566
1700822937679019000,75.99101904296874,2.6490325927734375,0.5375993847846985,9.426772117614746
1700822937688914000,76.00091381835938,2.654589891433716,0.544003427028656,9.424840927124023
1700822937698865000,76.01086499023438,2.6589393615722656,0.5510630011558533,9.423202514648438
1700822937709065000,76.02106494140625,2.662761926651001,0.5611313581466675,9.421528816223145
1700822937718715000,76.03071484375,2.666175127029419,0.5731669664382935,9.419840812683105
1700822937729063000,76.04106298828125,2.6695587635040283,0.5852911472320557,9.418135643005371
1700822937738869000,76.05086889648437,2.6721575260162354,0.5945557951927185,9.416818618774414
1700822937748748000,76.060748046875,2.673935651779175,0.6012287139892578,9.415889739990234
1700822937758941000,76.07094091796876,2.6760008335113525,0.6066218018531799,9.414957046508789
1700822937768914000,76.08091381835938,2.6785733699798584,0.6122583150863647,9.413862228393555
1700822937778819000,76.09081909179687,2.6808488368988037,0.6188341975212097,9.412782669067383
1700822937788853000,76.10085302734375,2.6812493801116943,0.6246338486671448,9.412284851074219
1700822937798757000,76.11075708007813,2.6800930500030518,0.629741370677948,9.412275314331055
1700822937808968000,76.12096801757812,2.679288864135742,0.6341139078140259,9.412210464477539
1700822937818864000,76.13086401367187,2.6803228855133057,0.6388528943061829,9.411595344543457
1700822937828956000,76.14095581054687,2.682629346847534,0.6444301605224609,9.410558700561523
1700822937838987000,76.15098706054688,2.683743476867676,0.6502256393432617,9.409841537475586
1700822937848965000,76.16096508789063,2.6833038330078125,0.6558318138122559,9.409578323364258
1700822937858894000,76.17089404296875,2.681290864944458,0.6615443229675293,9.409751892089844
1700822937868895000,76.18089501953125,2.6786081790924072,0.6670148968696594,9.41012954711914
1700822937879027000,76.19102685546875,2.675597667694092,0.671841561794281,9.410642623901367
1700822937888924000,76.200923828125,2.671151638031006,0.6761845946311951,9.411595344543457
1700822937899292000,76.2112919921875,2.6662721633911133,0.6796543002128601,9.412729263305664
1700822937908861000,76.22086083984375,2.662649154663086,0.6827011108398438,9.413533210754395
1700822937919024000,76.23102416992188,2.6620519161224365,0.684684693813324,9.413558006286621
1700822937928921000,76.24092114257813,2.6647558212280273,0.6850157976150513,9.41277027130127
1700822937938861000,76.25086108398438,2.6701531410217285,0.6829878091812134,9.411386489868164
1700822937948934000,76.26093383789062,2.6779041290283203,0.679057776927948,9.409469604492188
1700822937958843000,76.2708427734375,2.6895434856414795,0.674267053604126,9.406493186950684
1700822937968832000,76.28083203125,2.702012062072754,0.6713429689407349,9.403128623962402
1700822937979161000,76.2911611328125,2.7127835750579834,0.6699623465538025,9.400124549865723
1700822937988858000,76.30085815429688,2.722604274749756,0.6661930680274963,9.397553443908691
1700822937998895000,76.31089501953124,2.7344424724578857,0.6600938439369202,9.394546508789062
1700822938008858000,76.32085815429687,2.7485015392303467,0.650735080242157,9.391095161437988
1700822938018870000,76.3308701171875,2.759216547012329,0.6409078240394592,9.388628005981445
1700822938028787000,76.34078686523438,2.766134262084961,0.6304071545600891,9.387303352355957
1700822938038906000,76.35090600585937,2.772092580795288,0.6203434467315674,9.38621711730957
1700822938048729000,76.36072900390624,2.7794454097747803,0.6124669909477234,9.384559631347656
1700822938058857000,76.37085693359376,2.789733648300171,0.6075912117958069,9.381824493408203
1700822938068691000,76.38069091796875,2.801734447479248,0.6061740517616272,9.378337860107422
1700822938078962000,76.3909619140625,2.814629077911377,0.606835126876831,9.374432563781738
1700822938089063000,76.40106298828125,2.8266143798828125,0.6077978610992432,9.370763778686523
1700822938098903000,76.41090307617188,2.8368139266967773,0.6075897812843323,9.367695808410645
1700822938108849000,76.42084887695313,2.8452279567718506,0.6051540374755859,9.365301132202148
1700822938118870000,76.4308701171875,2.8505120277404785,0.6001338958740234,9.36401653289795
1700822938128960000,76.4409599609375,2.8536458015441895,0.5926023125648499,9.363542556762695
1700822938138845000,76.45084497070313,2.8560445308685303,0.584450900554657,9.363324165344238
1700822938148892000,76.46089184570313,2.8584213256835938,0.5772823095321655,9.363042831420898
1700822938158851000,76.47085107421876,2.8605706691741943,0.5720955729484558,9.36270523071289
1700822938168832000,76.48083203125,2.8619544506073,0.5684258937835693,9.362504959106445
1700822938178911000,76.49091088867188,2.8628315925598145,0.5650026798248291,9.362444877624512
1700822938188969000,76.50096899414062,2.8634848594665527,0.5605515241622925,9.362512588500977
1700822938198833000,76.5108330078125,2.863433599472046,0.5548509955406189,9.36286735534668
1700822938208943000,76.52094311523437,2.863319158554077,0.5471864342689514,9.363353729248047
1700822938221889000,76.53388891601563,2.864217519760132,0.5363929271697998,9.363702774047852
1700822938238768000,76.55076806640625,2.8588404655456543,0.5200026631355286,9.366270065307617
1700822938248800000,76.56080004882813,2.856741428375244,0.5143812894821167,9.36722183227539
1700822938258783000,76.57078295898438,2.8550875186920166,0.5126522779464722,9.367820739746094
1700822938268943000,76.58094311523438,2.852771520614624,0.5147618651390076,9.368409156799316
1700822938278960000,76.59096020507812,2.8489723205566406,0.519995927810669,9.369277000427246
1700822938288910000,76.60091015625,2.843862771987915,0.525242030620575,9.370535850524902
1700822938299224000,76.61122412109376,2.8376872539520264,0.5280898213386536,9.372247695922852
1700822938308738000,76.62073803710938,2.8322091102600098,0.5264288783073425,9.37399959564209
1700822938318919000,76.6309189453125,2.8293228149414062,0.5247913599014282,9.37496280670166
1700822938328930000,76.64092993164063,2.826383113861084,0.5243213772773743,9.375875473022461
1700822938338848000,76.65084790039063,2.8205933570861816,0.5263336300849915,9.377506256103516
1700822938349668000,76.66166821289063,2.8090150356292725,0.5309025645256042,9.380722999572754
1700822938358672000,76.670671875,2.7934138774871826,0.5358385443687439,9.385100364685059
1700822938368663000,76.6806630859375,2.77775502204895,0.5439832806587219,9.38927936553955
1700822938378655000,76.69065502929688,2.764274835586548,0.552946925163269,9.392731666564941
1700822938388722000,76.70072192382813,2.753415822982788,0.5606704950332642,9.395463943481445
1700822938398973000,76.71097290039063,2.745131731033325,0.5661044716835022,9.397562026977539
1700822938408834000,76.720833984375,2.7391977310180664,0.5692524313926697,9.399103164672852
1700822938418884000,76.73088403320313,2.7343528270721436,0.5704042315483093,9.400444984436035
1700822938428866000,76.74086596679687,2.7279906272888184,0.5710717439651489,9.402251243591309
1700822938438774000,76.75077392578125,2.7194507122039795,0.5729252696037292,9.40461254119873
1700822938449144000,76.76114404296875,2.709880828857422,0.577315628528595,9.407106399536133
1700822938458880000,76.7708798828125,2.6995482444763184,0.5835536122322083,9.40969181060791
1700822938468746000,76.78074609375,2.688429594039917,0.5908660292625427,9.412418365478516
1700822938478746000,76.79074609375,2.6775755882263184,0.5977917313575745,9.415075302124023
1700822938488782000,76.80078198242188,2.6669857501983643,0.6042492389678955,9.417668342590332
1700822938498770000,76.81077001953125,2.657820463180542,0.6095438003540039,9.419917106628418
1700822938508775000,76.82077490234374,2.650468111038208,0.613491952419281,9.421731948852539
1700822938518846000,76.83084594726563,2.646881341934204,0.6158052086830139,9.422590255737305
1700822938528942000,76.84094213867188,2.6452765464782715,0.6157330274581909,9.423046112060547
1700822938538845000,76.85084497070312,2.6437206268310547,0.6131275296211243,9.423652648925781
1700822938548882000,76.8608818359375,2.641892910003662,0.6086141467094421,9.424456596374512
1700822938558934000,76.87093408203125,2.6394968032836914,0.6032993793487549,9.425469398498535
1700822938568722000,76.88072192382812,2.63629412651062,0.5984764695167542,9.426671981811523
1700822938578924000,76.89092407226562,2.632260322570801,0.5952438116073608,9.42800521850586
1700822938588760000,76.90076000976562,2.6273691654205322,0.5949114561080933,9.429389953613281
1700822938598936000,76.91093603515625,2.6226837635040283,0.5974336862564087,9.430535316467285
1700822938608770000,76.92077001953125,2.6185262203216553,0.6010776162147522,9.431459426879883
1700822938618819000,76.93081909179688,2.6137943267822266,0.6045870780944824,9.432546615600586
1700822938628634000,76.94063403320312,2.609988212585449,0.606965184211731,9.43344783782959
1700822938638846000,76.95084594726562,2.6053965091705322,0.6087038516998291,9.434605598449707
1700822938649010000,76.96101000976563,2.6025619506835938,0.6083154678344727,9.43541431427002
1700822938658676000,76.97067602539063,2.6034555435180664,0.6060293912887573,9.435314178466797
1700822938668908000,76.98090795898437,2.6079282760620117,0.6055676341056824,9.434107780456543
1700822938678785000,76.99078491210938,2.6120758056640625,0.6069657802581787,9.432870864868164
1700822938688970000,77.00096997070312,2.6112730503082275,0.6102882027626038,9.432878494262695
1700822938698894000,77.01089404296874,2.606948137283325,0.6133139729499817,9.433879852294922
1700822938708732000,77.02073193359375,2.6005914211273193,0.6160609722137451,9.435454368591309
1700822938718856000,77.03085595703125,2.595363140106201,0.6186626553535461,9.436722755432129
1700822938728750000,77.04075,2.593536615371704,0.6197136044502258,9.437156677246094
1700822938738853000,77.05085302734375,2.5942904949188232,0.6185428500175476,9.437026977539062
1700822938748865000,77.06086499023438,2.595917224884033,0.6151970028877258,9.436797142028809
1700822938758845000,77.07084497070312,2.5983171463012695,0.6098454594612122,9.436484336853027
1700822938768846000,77.08084619140625,2.6012191772460938,0.6034846901893616,9.4360933303833
1700822938778879000,77.09087890625,2.6047821044921875,0.5961594581604004,9.435575485229492
1700822938788885000,77.10088500976562,2.6088058948516846,0.5873121023178101,9.435019493103027
1700822938798898000,77.11089794921875,2.6131813526153564,0.5783694982528687,9.434361457824707
1700822938808884000,77.12088403320313,2.6188971996307373,0.5697358250617981,9.433300971984863
1700822938818832000,77.13083178710937,2.625366687774658,0.5610617995262146,9.432023048400879
1700822938828837000,77.14083715820313,2.631582498550415,0.5519245862960815,9.430829048156738
1700822938838842000,77.15084204101562,2.636943817138672,0.5416287779808044,9.429929733276367
1700822938848940000,77.16093994140626,2.6399314403533936,0.5318713784217834,9.429648399353027
1700822938858825000,77.17082495117188,2.6409149169921875,0.5235100984573364,9.429841041564941
1700822938869160000,77.18115991210938,2.641083240509033,0.5176289081573486,9.4301176071167
1700822938878838000,77.19083813476563,2.6417183876037598,0.5135319828987122,9.43016529083252
1700822938888839000,77.2008388671875,2.643810987472534,0.5101909041404724,9.429759979248047
1700822938898858000,77.21085791015625,2.6479694843292236,0.5073220729827881,9.428746223449707
1700822938908831000,77.2208310546875,2.6539933681488037,0.5043836832046509,9.427210807800293
1700822938918878000,77.2308779296875,2.660555839538574,0.5014140009880066,9.425518035888672
1700822938928830000,77.24082983398438,2.6663031578063965,0.49944064021110535,9.42400074005127
1700822938938845000,77.25084497070313,2.6729047298431396,0.5008280277252197,9.422057151794434
1700822938948930000,77.26092993164062,2.6779298782348633,0.5067459940910339,9.420312881469727
1700822938958867000,77.27086694335938,2.6784632205963135,0.5160995125770569,9.419652938842773
1700822938968732000,77.28073193359376,2.6742706298828125,0.5257274508476257,9.420312881469727
1700822938978819000,77.29081909179688,2.667693614959717,0.5337751507759094,9.421723365783691
1700822938988986000,77.30098608398437,2.6636855602264404,0.5392311215400696,9.422547340393066
1700822938998857000,77.31085693359375,2.66503643989563,0.5421481728553772,9.421998977661133
1700822939008735000,77.32073486328125,2.6705589294433594,0.5430959463119507,9.420380592346191
1700822939018827000,77.33082690429687,2.6828441619873047,0.5392872095108032,9.417107582092285
1700822939028831000,77.3408310546875,2.69696307182312,0.5316329002380371,9.413508415222168
1700822939038767000,77.35076708984376,2.705766439437866,0.5245923399925232,9.411376953125
1700822939049104000,77.36110375976563,2.709782838821411,0.5191556811332703,9.410524368286133
1700822939058846000,77.37084594726562,2.7134742736816406,0.5158823728561401,9.409640312194824
1700822939068969000,77.38096899414063,2.7180440425872803,0.5148173570632935,9.408379554748535
1700822939078933000,77.39093310546875,2.7230052947998047,0.5161380767822266,9.40687084197998
1700822939088840000,77.40083984375,2.726839303970337,0.5199334025382996,9.405550956726074
1700822939098893000,77.41089306640625,2.729339122772217,0.526222288608551,9.404476165771484
1700822939109195000,77.42119506835938,2.7301878929138184,0.533752977848053,9.403806686401367
1700822939118855000,77.43085498046875,2.7301459312438965,0.5413093566894531,9.403386116027832
1700822939128800000,77.44080004882812,2.73283314704895,0.546679675579071,9.402295112609863
1700822939138683000,77.45068286132812,2.7405548095703125,0.5510720610618591,9.399791717529297
1700822939148852000,77.46085205078126,2.7533962726593018,0.5544999837875366,9.395834922790527
1700822939158668000,77.47066796875,2.7685132026672363,0.5575549602508545,9.39121150970459
1700822939168765000,77.48076489257812,2.7833728790283203,0.5611886382102966,9.386602401733398
1700822939178632000,77.4906318359375,2.7957348823547363,0.5659195184707642,9.382643699645996
1700822939188882000,77.5008818359375,2.8073806762695312,0.5706950426101685,9.378875732421875
1700822939198789000,77.5107890625,2.8168349266052246,0.5746849775314331,9.375798225402832
1700822939208810000,77.52081005859375,2.824627161026001,0.57912677526474,9.37317943572998
1700822939218836000,77.5308359375,2.830919027328491,0.5827128291130066,9.37105941772461
1700822939228700000,77.54069995117187,2.834073066711426,0.5854924917221069,9.369932174682617
1700822939238923000,77.55092309570313,2.8261051177978516,0.5848226547241211,9.372379302978516
1700822939249270000,77.56127001953125,2.811716318130493,0.5819836258888245,9.376883506774902
1700822939258873000,77.570873046875,2.7947614192962646,0.5788877010345459,9.382142066955566
1700822939268782000,77.58078198242187,2.7763965129852295,0.5759115815162659,9.387776374816895
1700822939278770000,77.59077001953125,2.760676383972168,0.5725728273391724,9.392614364624023
1700822939289023000,77.60102294921874,2.7473978996276855,0.5677861571311951,9.396797180175781
1700822939298833000,77.6108330078125,2.738203287124634,0.5617144107818604,9.399847030639648
1700822939308830000,77.62082983398437,2.730325698852539,0.5521136522293091,9.402706146240234
1700822939318760000,77.63076000976562,2.7224130630493164,0.5389993190765381,9.40576171875
1700822939328801000,77.64080102539063,2.7097039222717285,0.5250409245491028,9.410219192504883
1700822939338833000,77.6508330078125,2.6914749145507812,0.5130728483200073,9.416109085083008
1700822939349267000,77.66126684570312,2.659653663635254,0.5035977363586426,9.425657272338867
1700822939358852000,77.67085205078125,2.6305758953094482,0.49920448660850525,9.434046745300293
1700822939368886000,77.68088598632812,2.609192371368408,0.5012295842170715,9.439876556396484
1700822939379129000,77.69112915039062,2.5959606170654297,0.5097334980964661,9.443070411682129
1700822939389103000,77.70110302734375,2.5922842025756836,0.5210293531417847,9.443462371826172
1700822939399417000,77.7114169921875,2.5905396938323975,0.5302896499633789,9.443426132202148
1700822939408849000,77.72084887695313,2.585860252380371,0.5358321070671082,9.4443941116333
1700822939418902000,77.73090209960938,2.579176664352417,0.5354153513908386,9.446246147155762
1700822939428635000,77.740634765625,2.5602023601531982,0.5208429098129272,9.452221870422363
1700822939438701000,77.750701171875,2.5469274520874023,0.5042585730552673,9.456705093383789
1700822939449358000,77.76135815429687,2.5374021530151367,0.4822980761528015,9.460410118103027
1700822939458764000,77.77076391601562,2.530311107635498,0.45928749442100525,9.463455200195312
1700822939468796000,77.7807958984375,2.5181307792663574,0.4376005530357361,9.467730522155762
1700822939478708000,77.7907080078125,2.4998762607574463,0.422282874584198,9.473260879516602
1700822939488735000,77.80073486328125,2.4799435138702393,0.4126426577568054,9.478924751281738
1700822939498879000,77.81087890625,2.4606893062591553,0.40165072679519653,9.48441219329834
1700822939508769000,77.82076904296875,2.4101037979125977,0.3801233470439911,9.498279571533203
1700822939518759000,77.83075903320312,2.3925347328186035,0.3562804162502289,9.503643035888672
1700822939528835000,77.8408349609375,2.3903398513793945,0.3206947147846222,9.505461692810059
1700822939538815000,77.85081494140626,2.376232147216797,0.2893441915512085,9.510004997253418
1700822939550834000,77.862833984375,2.3206851482391357,0.28519728779792786,9.523837089538574
1700822939558908000,77.87090795898438,2.245008707046509,0.3147287964820862,9.541031837463379
1700822939568654000,77.88065405273437,2.2186172008514404,0.3065326511859894,9.547469139099121
1700822939578665000,77.8906650390625,2.1950676441192627,0.2968094050884247,9.553217887878418
1700822939588720000,77.90072021484374,2.176724433898926,0.29225364327430725,9.557554244995117
1700822939598810000,77.91081005859375,2.165442943572998,0.2947603762149811,9.560040473937988
1700822939609268000,77.92126806640626,2.1601738929748535,0.3033306300640106,9.560965538024902
1700822939618664000,77.93066381835938,2.1601123809814453,0.30934271216392517,9.560786247253418
1700822939628795000,77.940794921875,2.161316156387329,0.31304216384887695,9.560392379760742
1700822939638928000,77.95092797851562,2.1593446731567383,0.31284022331237793,9.560845375061035
1700822939648808000,77.96080786132812,2.148975372314453,0.3084127604961395,9.563324928283691
1700822939658672000,77.97067211914063,2.1274590492248535,0.3015817403793335,9.568352699279785
1700822939668816000,77.98081591796876,2.0975048542022705,0.2958262264728546,9.575141906738281
1700822939678961000,77.9909609375,2.0659866333007812,0.29297056794166565,9.58207893371582
1700822939688832000,78.00083203125,2.0366029739379883,0.29245588183403015,9.588383674621582
1700822939698687000,78.01068701171874,2.014523506164551,0.2930871844291687,9.59302806854248
1700822939710067000,78.02206689453125,1.9925198554992676,0.2930664122104645,9.597622871398926
1700822939719107000,78.03110717773437,1.9511055946350098,0.29647475481033325,9.606023788452148
1700822939728950000,78.04094995117188,1.9110801219940186,0.2825877070426941,9.614483833312988
1700822939739029000,78.05102905273438,1.8647593259811401,0.20040889084339142,9.625638008117676
1700822939749006000,78.06100610351562,1.8350462913513184,0.01194382831454277,9.633424758911133
1700822939758936000,78.07093603515625,1.8063229322433472,-0.127220019698143,9.638019561767578
1700822939768955000,78.08095483398438,1.774597406387329,-0.19991876184940338,9.64267635345459
1700822939778890000,78.09088989257812,1.746032953262329,-0.23011282086372375,9.647216796875
1700822939788956000,78.10095581054688,1.7227625846862793,-0.23630467057228088,9.651249885559082
1700822939798851000,78.11085107421874,1.6981006860733032,-0.22584201395511627,9.655871391296387
1700822939808965000,78.12096508789062,1.6575027704238892,-0.18342998623847961,9.66382122039795
1700822939818972000,78.13097192382813,1.6384011507034302,-0.18553777039051056,9.667037963867188
1700822939828854000,78.14085400390626,1.6199276447296143,-0.19049686193466187,9.67005443572998
1700822939839006000,78.151005859375,1.6017454862594604,-0.20007219910621643,9.672887802124023
1700822939848968000,78.16096801757813,1.583463430404663,-0.2115805596113205,9.675654411315918
1700822939858962000,78.1709619140625,1.5680817365646362,-0.21839316189289093,9.678007125854492
1700822939868954000,78.1809541015625,1.5412135124206543,-0.21922200918197632,9.682303428649902
1700822939878943000,78.19094287109375,1.4987889528274536,-0.2142798900604248,9.689071655273438
1700822939888829000,78.20082885742187,1.4521552324295044,-0.2069336175918579,9.696330070495605
1700822939898865000,78.21086499023437,1.4044188261032104,-0.1994008719921112,9.70351791381836
1700822939908960000,78.2209599609375,1.3596651554107666,-0.19546617567539215,9.709967613220215
1700822939919009000,78.23100903320312,1.3270289897918701,-0.19950346648693085,9.714401245117188
1700822939929080000,78.241080078125,1.3001254796981812,-0.20709611475467682,9.717880249023438
1700822939939015000,78.25101489257813,1.281938076019287,-0.2173585593700409,9.720070838928223
1700822939949011000,78.26101098632813,1.2736022472381592,-0.22799977660179138,9.720924377441406
1700822939958913000,78.2709130859375,1.2677605152130127,-0.23763562738895416,9.721457481384277
1700822939968910000,78.28091015625,1.2648299932479858,-0.24261662364006042,9.72171401977539
1700822939979065000,78.29106518554687,1.2557204961776733,-0.2523033320903778,9.722649574279785
1700822939989750000,78.30175,1.2466697692871094,-0.26099544763565063,9.723584175109863
1700822939998733000,78.31073315429687,1.3698803186416626,-0.063813716173172,9.710290908813477
1700822940010571000,78.32257104492187,1.4736796617507935,0.014806232415139675,9.695279121398926
1700822940019024000,78.33102392578125,1.5117484331130981,0.011105331592261791,9.689420700073242
1700822940028858000,78.34085815429688,1.5772560834884644,-0.0033408349845558405,9.678979873657227
1700822940042262000,78.35426196289062,1.6386200189590454,-0.012351824901998043,9.668773651123047
1700822940058650000,78.37065014648438,1.687461495399475,-0.011896481737494469,9.660368919372559
1700822940068896000,78.38089599609376,1.7268604040145874,-0.0023936170618981123,9.653411865234375
1700822940078673000,78.3906728515625,1.8011103868484497,0.023496611043810844,9.639805793762207
1700822940088632000,78.40063208007813,1.8946059942245483,0.05473083257675171,9.621739387512207
1700822940098891000,78.41089111328125,1.9236356019973755,0.045672494918107986,9.616025924682617
1700822940108769000,78.42076904296874,1.9573032855987549,0.03665361553430557,9.609267234802246
1700822940118764000,78.43076391601562,1.9957091808319092,0.025448622182011604,9.601401329040527
1700822940128840000,78.44083984375,2.036635637283325,0.011590484529733658,9.592830657958984
1700822940138791000,78.450791015625,2.0747008323669434,-0.003727496135979891,9.584674835205078
1700822940148923000,78.4609228515625,2.1173503398895264,-0.016168752685189247,9.57533073425293
1700822940160303000,78.47230322265625,2.1708602905273438,-0.027797816321253777,9.563314437866211
1700822940168738000,78.48073803710938,2.2128071784973145,-0.03608546033501625,9.553668022155762
1700822940179295000,78.491294921875,2.248960018157959,-0.04291676729917526,9.545193672180176
1700822940188743000,78.50074291992188,2.2863123416900635,-0.05100128799676895,9.536275863647461
1700822940198762000,78.51076196289063,2.3177974224090576,-0.0585349015891552,9.528630256652832
1700822940208764000,78.52076391601562,2.3482043743133545,-0.06860475242137909,9.521114349365234
1700822940218854000,78.53085400390626,2.373838186264038,-0.08369330316781998,9.51463508605957
1700822940229096000,78.54109594726563,2.388579845428467,-0.10433394461870193,9.5107421875
1700822940238829000,78.5508291015625,2.386298418045044,-0.1310296505689621,9.51098346710205
1700822940248722000,78.56072192382813,2.3604774475097656,-0.16234073042869568,9.516942024230957
1700822940258837000,78.5708369140625,2.3081932067871094,-0.19713644683361053,9.529101371765137
1700822940268845000,78.58084497070313,2.2377450466156006,-0.23195086419582367,9.5451078414917
1700822940278715000,78.59071484375,2.157587766647339,-0.2641366720199585,9.562710762023926
1700822940288942000,78.60094213867187,2.073201894760132,-0.29410305619239807,9.580486297607422
1700822940298974000,78.61097387695312,1.9903435707092285,-0.32049277424812317,9.597198486328125
1700822940308843000,78.62084301757812,1.8992537260055542,-0.348854660987854,9.614652633666992
1700822940318970000,78.63097021484376,1.8014304637908936,-0.3811217248439789,9.632238388061523
1700822940329431000,78.64143115234376,1.6958065032958984,-0.41388124227523804,9.650042533874512
1700822940339013000,78.65101318359375,1.57340407371521,-0.44207799434661865,9.669508934020996
1700822940348768000,78.66076806640625,1.4281740188598633,-0.46753013134002686,9.690827369689941
1700822940358682000,78.67068212890625,1.2711893320083618,-0.4928630292415619,9.711413383483887
1700822940368742000,78.68074194335938,1.1053078174591064,-0.5134621858596802,9.730624198913574
1700822940378986000,78.69098608398437,0.9404255747795105,-0.5267229080200195,9.747234344482422
1700822940388805000,78.70080517578126,0.7838497161865234,-0.5338853597640991,9.760683059692383
1700822940398785000,78.71078491210938,0.6177034378051758,-0.5364049077033997,9.772467613220215
1700822940408736000,78.72073608398438,0.4451458752155304,-0.5350079536437988,9.78192138671875
1700822940418743000,78.73074291992188,0.25897565484046936,-0.5262708067893982,9.789095878601074
1700822940428790000,78.7407900390625,0.05250351130962372,-0.5081444978713989,9.793336868286133
1700822940438889000,78.75088891601563,-0.16952216625213623,-0.4801502525806427,9.793420791625977
1700822940448870000,78.76086987304687,-0.39967358112335205,-0.44350335001945496,9.788460731506348
1700822940458701000,78.770701171875,-0.6290683150291443,-0.41285833716392517,9.777742385864258
1700822940468686000,78.78068603515625,-0.8706594109535217,-0.3892781436443329,9.760164260864258
1700822940478682000,78.79068212890625,-1.116119384765625,-0.3692243695259094,9.735931396484375
1700822940488669000,78.8006689453125,-1.3081053495407104,-0.35078591108322144,9.71268367767334
1700822940498776000,78.81077612304688,-1.5283201932907104,-0.33021190762519836,9.681196212768555
1700822940508753000,78.8207529296875,-1.7573332786560059,-0.3111763596534729,9.642892837524414
1700822940518793000,78.83079296875,-1.9733693599700928,-0.29828941822052,9.60141658782959
1700822940529263000,78.84126318359375,-2.17655086517334,-0.2967044711112976,9.557458877563477
1700822940538894000,78.85089404296875,-2.3890328407287598,-0.3070598840713501,9.506239891052246
1700822940548729000,78.86072900390624,-2.5980560779571533,-0.3262546956539154,9.450613021850586
1700822940558859000,78.87085888671875,-2.8022050857543945,-0.3509533703327179,9.391214370727539
1700822940568796000,78.8807958984375,-3.0062174797058105,-0.37989482283592224,9.326775550842285
1700822940578852000,78.89085205078125,-3.2100815773010254,-0.411726713180542,9.25722885131836
1700822940588778000,78.90077807617187,-3.397986650466919,-0.44517040252685547,9.18835735321045
1700822940598870000,78.9108701171875,-3.570138454437256,-0.47859397530555725,9.12115478515625
1700822940608839000,78.9208388671875,-3.726109266281128,-0.5107380151748657,9.056800842285156
1700822940618867000,78.93086694335938,-3.864068031311035,-0.5418345332145691,8.996989250183105
1700822940628847000,78.94084716796876,-3.9832794666290283,-0.5696066617965698,8.943121910095215
1700822940638870000,78.9508701171875,-4.082400321960449,-0.5957245826721191,8.896601676940918
1700822940648838000,78.960837890625,-4.168805122375488,-0.6212208271026611,8.854693412780762
1700822940659075000,78.97107495117187,-4.2427496910095215,-0.6449760794639587,8.817791938781738
1700822940668831000,78.9808310546875,-4.313775062561035,-0.6711688041687012,8.781302452087402
1700822940678851000,78.99085107421875,-4.384687423706055,-0.7016028165817261,8.743721961975098
1700822940688849000,79.00084887695313,-4.456955909729004,-0.7375722527503967,8.704132080078125
1700822940698723000,79.01072314453126,-4.534327507019043,-0.781641960144043,8.660213470458984
1700822940709062000,79.02106176757812,-4.61625337600708,-0.8354013562202454,8.611776351928711
1700822940718838000,79.03083813476563,-4.693938255310059,-0.893657386302948,8.563802719116211
1700822940728858000,79.04085815429687,-4.753718852996826,-0.940138578414917,8.525765419006348
1700822940738877000,79.050876953125,-4.799113750457764,-0.9755308032035828,8.496307373046875
1700822940748842000,79.06084204101562,-4.816561698913574,-0.9959081411361694,8.484063148498535
1700822940758853000,79.07085302734374,-4.815243244171143,-1.002813696861267,8.483997344970703
1700822940768799000,79.08079907226562,-4.801947593688965,-1.0000742673873901,8.491848945617676
1700822940778852000,79.09085205078125,-4.77156925201416,-0.9908175468444824,8.510040283203125
1700822940788890000,79.10089013671875,-4.722500324249268,-0.9774761199951172,8.538907051086426
1700822940798887000,79.11088696289063,-4.661103248596191,-0.9652911424636841,8.573957443237305
1700822940808828000,79.12082788085938,-4.611635684967041,-0.9490195512771606,8.602473258972168
1700822940818787000,79.130787109375,-4.553147315979004,-0.9278700351715088,8.635872840881348
1700822940828864000,79.14086401367187,-4.458529949188232,-0.9086229205131531,8.6871337890625
1700822940838881000,79.15088110351563,-4.295355796813965,-0.891335129737854,8.770739555358887
1700822940848856000,79.16085595703125,-4.0775651931762695,-0.8738284111022949,8.875826835632324
1700822940858875000,79.170875,-3.839573860168457,-0.8508832454681396,8.983546257019043
1700822940868882000,79.1808818359375,-3.5963544845581055,-0.8210515975952148,9.086389541625977
1700822940878868000,79.19086791992187,-3.356449842453003,-0.7865078449249268,9.180744171142578
1700822940888901000,79.20090112304688,-3.101060628890991,-0.7461214661598206,9.273463249206543
1700822940898866000,79.21086596679687,-2.8412153720855713,-0.7046849727630615,9.359559059143066
1700822940908828000,79.22082788085937,-2.5595898628234863,-0.6628364324569702,9.443493843078613
1700822940918842000,79.23084204101562,-2.2611703872680664,-0.6245891451835632,9.521944999694824
1700822940929061000,79.24106103515625,-1.960363745689392,-0.5910258889198303,9.5905179977417
1700822940938884000,79.25088403320312,-1.6577554941177368,-0.560823917388916,9.649231910705566
1700822940948867000,79.2608671875,-1.3709765672683716,-0.5338461995124817,9.695658683776855
1700822940958947000,79.27094702148437,-1.1256874799728394,-0.510056734085083,9.72846794128418
1700822940968891000,79.28089086914062,-0.9159581065177917,-0.48836979269981384,9.75156021118164
1700822940978907000,79.29090698242187,-0.7383514046669006,-0.47063687443733215,9.767481803894043
1700822940988874000,79.3008740234375,-0.5835086107254028,-0.4539969861507416,9.778741836547852
1700822940998788000,79.3107880859375,-0.43414661288261414,-0.431379497051239,9.787532806396484
1700822941008861000,79.32086083984375,-0.26424071192741394,-0.40383946895599365,9.794769287109375
1700822941018861000,79.33086108398437,-0.10238105803728104,-0.3756345212459564,9.798917770385742
1700822941028869000,79.340869140625,0.011949380859732628,-0.3540738523006439,9.800250053405762
1700822941038778000,79.35077807617188,0.06513415277004242,-0.3471013903617859,9.80029010772705
1700822941048736000,79.36073608398438,0.05609539896249771,-0.3557429611682892,9.80003547668457
1700822941058788000,79.3707880859375,-0.007305939216166735,-0.37512627243995667,9.799470901489258
1700822941068770000,79.38077001953125,-0.11756868660449982,-0.39747869968414307,9.79788589477539
1700822941078754000,79.39075415039062,-0.24992111325263977,-0.41577568650245667,9.794642448425293
1700822941088770000,79.40077001953125,-0.3861459791660309,-0.4277849793434143,9.789703369140625
1700822941098820000,79.41082006835937,-0.5469397902488708,-0.4328840672969818,9.781813621520996
1700822941109082000,79.42108203125,-0.6984732747077942,-0.44272828102111816,9.771719932556152
1700822941118874000,79.4308740234375,-0.8404869437217712,-0.46071138978004456,9.759698867797852
1700822941128884000,79.44088403320312,-0.9719216823577881,-0.4865618646144867,9.746231079101562
1700822941138766000,79.45076611328125,-1.0970813035964966,-0.5180044770240784,9.731315612792969
1700822941148833000,79.4608330078125,-1.2183829545974731,-0.5537322163581848,9.714902877807617
1700822941159270000,79.47126977539062,-1.3523468971252441,-0.5895826816558838,9.695049285888672
1700822941168836000,79.48083618164063,-1.5134706497192383,-0.6185445785522461,9.669395446777344
1700822941178834000,79.490833984375,-1.6693392992019653,-0.6313701868057251,9.642876625061035
1700822941188850000,79.50084985351563,-1.8223116397857666,-0.6283917427062988,9.615336418151855
1700822941198934000,79.51093408203126,-1.9614851474761963,-0.6237500309944153,9.588215827941895
1700822941208892000,79.52089184570312,-2.0873303413391113,-0.633825421333313,9.560948371887207
1700822941218916000,79.530916015625,-2.2101686000823975,-0.660682737827301,9.531478881835938
1700822941228872000,79.54087182617188,-2.325695037841797,-0.6910714507102966,9.501787185668945
1700822941238878000,79.5508779296875,-2.4099130630493164,-0.7202794551849365,9.478604316711426
1700822941248831000,79.5608310546875,-2.4595372676849365,-0.7419941425323486,9.4641695022583
1700822941258975000,79.57097509765624,-2.4909942150115967,-0.7464683651924133,9.455588340759277
1700822941268853000,79.58085302734375,-2.5102410316467285,-0.7496250867843628,9.450246810913086
1700822941278944000,79.59094409179687,-2.535945415496826,-0.7625204920768738,9.44234848022461
1700822941288813000,79.60081298828125,-2.5733141899108887,-0.7765402793884277,9.431087493896484
1700822941298735000,79.61073510742187,-2.5980422496795654,-0.7813365459442139,9.423912048339844
1700822941308794000,79.62079418945312,-2.5995588302612305,-0.7753869891166687,9.423983573913574
1700822941318874000,79.6308740234375,-2.5932998657226562,-0.7595829963684082,9.426993370056152
1700822941328953000,79.640953125,-2.5917747020721436,-0.7372589111328125,9.42918586730957
1700822941338698000,79.65069799804688,-2.577239751815796,-0.7128311991691589,9.43504810333252
1700822941348964000,79.66096411132813,-2.536041736602783,-0.6939160227775574,9.447610855102539
1700822941361178000,79.67317822265625,-2.4860663414001465,-0.6785156726837158,9.462002754211426
1700822941378786000,79.6907861328125,-2.3992528915405273,-0.6270061135292053,9.487931251525879
1700822941388731000,79.70073095703125,-2.338818311691284,-0.589325487613678,9.50542163848877
1700822941398810000,79.71081005859375,-2.269038677215576,-0.5489212870597839,9.52473258972168
1700822941408777000,79.72077685546876,-2.1925816535949707,-0.5099959373474121,9.544780731201172
1700822941418844000,79.73084399414063,-2.122199773788452,-0.49423927068710327,9.561504364013672
1700822941428804000,79.74080419921874,-2.047407865524292,-0.4781023859977722,9.578619003295898
1700822941438624000,79.7506240234375,-1.9554036855697632,-0.4560965895652771,9.598895072937012
1700822941448782000,79.76078198242188,-1.8580831289291382,-0.43058833479881287,9.619383811950684
1700822941458788000,79.7707880859375,-1.7548905611038208,-0.4001169204711914,9.640054702758789
1700822941468746000,79.78074609375,-1.6369255781173706,-0.368070513010025,9.662059783935547
1700822941478725000,79.79072509765625,-1.5108531713485718,-0.34261077642440796,9.683507919311523
1700822941488759000,79.80075903320312,-1.3748650550842285,-0.32009559869766235,9.704519271850586
1700822941498658000,79.81065795898438,-1.2404893636703491,-0.29959583282470703,9.723262786865234
1700822941509562000,79.82156201171875,-1.1055173873901367,-0.279349148273468,9.740132331848145
1700822941518644000,79.83064404296876,-0.9663231372833252,-0.25839871168136597,9.755501747131348
1700822941528856000,79.84085595703125,-0.8093576431274414,-0.23205052316188812,9.770441055297852
1700822941538770000,79.85077001953125,-0.645246148109436,-0.19806671142578125,9.783395767211914
1700822941548995000,79.8609951171875,-0.4873378276824951,-0.1617056429386139,9.793198585510254
1700822941558782000,79.87078198242187,-0.3369876742362976,-0.12808190286159515,9.800023078918457
1700822941568818000,79.88081787109375,-0.19407734274864197,-0.10145780444145203,9.804205894470215
1700822941578819000,79.89081909179687,-0.0567389577627182,-0.0817839652299881,9.806144714355469
1700822941588724000,79.90072387695312,0.08629501610994339,-0.06290741264820099,9.806068420410156
1700822941598825000,79.91082495117188,0.23188012838363647,-0.039396777749061584,9.803829193115234
1700822941608815000,79.92081518554687,0.37303370237350464,-0.011384733021259308,9.799546241760254
1700822941618841000,79.93084106445312,0.5038517117500305,0.018975041806697845,9.793678283691406
1700822941628753000,79.9407529296875,0.6196154356002808,0.048736557364463806,9.786935806274414
1700822941638778000,79.95077807617187,0.7240718007087708,0.07541793584823608,9.77959156036377
1700822941648776000,79.96077587890625,0.8260437250137329,0.09736819565296173,9.771313667297363
1700822941658808000,79.97080810546875,0.9234651327133179,0.11335019767284393,9.762415885925293
1700822941668759000,79.98075903320313,1.0188956260681152,0.12795768678188324,9.752737045288086
1700822941678823000,79.99082299804688,1.0985902547836304,0.14343319833278656,9.743866920471191
1700822941688863000,80.00086303710937,1.1716574430465698,0.16092267632484436,9.735077857971191
1700822941698872000,80.0108720703125,1.2384628057479858,0.17682459950447083,9.726527214050293
1700822941708839000,80.0208388671875,1.3053040504455566,0.1900917887687683,9.717531204223633
1700822941718850000,80.03085009765626,1.3724325895309448,0.20114625990390778,9.708057403564453
1700822941729087000,80.0410869140625,1.4225404262542725,0.20893238484859467,9.700675964355469
1700822941739081000,80.0510810546875,1.4667580127716064,0.21565642952919006,9.693941116333008
1700822941748947000,80.06094702148438,1.501764178276062,0.21845278143882751,9.688518524169922
1700822941759004000,80.07100390625,1.5273586511611938,0.21898528933525085,9.684503555297852
1700822941768848000,80.08084790039062,1.5482497215270996,0.22051352262496948,9.681151390075684
1700822941778895000,80.09089501953125,1.5701584815979004,0.2200382947921753,9.677633285522461
1700822941788899000,80.10089916992187,1.5883342027664185,0.2147776037454605,9.674784660339355
1700822941798773000,80.11077294921876,1.600795030593872,0.20751725137233734,9.672889709472656
1700822941809147000,80.12114697265625,1.6112182140350342,0.20200638473033905,9.67127513885498
1700822941818865000,80.13086499023437,1.6216723918914795,0.2004261314868927,9.669561386108398
1700822941829096000,80.14109594726563,1.626673698425293,0.203098863363266,9.66866397857666
1700822941838860000,80.15086010742188,1.6319032907485962,0.20779986679553986,9.667684555053711
1700822941848859000,80.16085888671876,1.630650281906128,0.21139000356197357,9.667816162109375
1700822941858735000,80.17073510742188,1.6188864707946777,0.21732378005981445,9.669661521911621
1700822941868881000,80.180880859375,1.5958260297775269,0.2237289696931839,9.673348426818848
1700822941878649000,80.19064916992187,1.5741816759109497,0.23107612133026123,9.676722526550293
1700822941888776000,80.20077587890626,1.5597140789031982,0.23782706260681152,9.678900718688965
1700822941898948000,80.21094799804688,1.5468260049819946,0.24136312305927277,9.680882453918457
1700822941908772000,80.22077221679687,1.5288218259811401,0.23781360685825348,9.683829307556152
1700822941918791000,80.230791015625,1.5159021615982056,0.23984716832637787,9.685811042785645
1700822941929042000,80.2410419921875,1.5105509757995605,0.24654199182987213,9.686476707458496
1700822941938805000,80.25080493164063,1.512682557106018,0.2574447691440582,9.685860633850098
1700822941948800000,80.26080004882813,1.5689723491668701,0.2773836851119995,9.676352500915527
1700822941958823000,80.27082299804688,1.577208161354065,0.29155629873275757,9.674595832824707
1700822941968897000,80.28089697265625,1.5910173654556274,0.3072337806224823,9.671850204467773
1700822941978633000,80.29063305664063,1.6105151176452637,0.3222130239009857,9.668134689331055
1700822941988765000,80.30076489257813,1.636549949645996,0.33351534605026245,9.66337776184082
1700822941998775000,80.31077514648437,1.670027494430542,0.3405895233154297,9.657402038574219
1700822942008813000,80.32081298828125,1.712570071220398,0.3466603457927704,9.649731636047363
1700822942018815000,80.33081494140625,1.7607823610305786,0.3542906939983368,9.64077377319336
1700822942028821000,80.34082104492188,1.808050274848938,0.3639484643936157,9.631660461425781
1700822942038808000,80.35080810546874,1.8556848764419556,0.37848961353302,9.62203598022461
1700822942048988000,80.36098779296876,1.8990799188613892,0.3924015462398529,9.613007545471191
1700822942058857000,80.37085693359376,1.9419423341751099,0.4061638116836548,9.603869438171387
1700822942068838000,80.380837890625,1.8490549325942993,0.37491437792778015,9.623453140258789
1700822942078868000,80.39086791992187,1.7849926948547363,0.36759763956069946,9.635822296142578
1700822942088860000,80.40085986328126,1.767309308052063,0.36935967206954956,9.63901424407959
1700822942098868000,80.41086791992187,1.7609984874725342,0.36419397592544556,9.640365600585938
1700822942109367000,80.42136694335937,1.7569586038589478,0.3421817421913147,9.641907691955566
1700822942118875000,80.430875,1.7702018022537231,0.311781644821167,9.640518188476562
1700822942128867000,80.4408671875,1.783750295639038,0.26181116700172424,9.639506340026855
1700822942138856000,80.45085595703125,1.8006404638290405,0.20495647192001343,9.63774299621582
1700822942148835000,80.4608349609375,1.8244633674621582,0.16412732005119324,9.634042739868164
1700822942158963000,80.470962890625,1.860743522644043,0.1726195514202118,9.626953125
1700822942168937000,80.48093701171875,1.9008677005767822,0.18438655138015747,9.618892669677734
1700822942178848000,80.49084790039062,1.9411327838897705,0.1974693238735199,9.610587120056152
1700822942191285000,80.50328491210938,1.972493290901184,0.21027766168117523,9.603928565979004
1700822942208815000,80.52081518554688,1.995845079421997,0.23311756551265717,9.598575592041016
1700822942218934000,80.53093408203125,2.0054919719696045,0.24177929759025574,9.596349716186523
1700822942228860000,80.54085986328126,2.0139319896698,0.25219371914863586,9.594314575195312
1700822942238863000,80.55086303710938,2.030041456222534,0.26609131693840027,9.590543746948242
1700822942248961000,80.5609609375,2.04963755607605,0.27932432293891907,9.585997581481934
1700822942258907000,80.57090698242187,2.0801498889923096,0.29769057035446167,9.578869819641113
1700822942268807000,80.58080688476562,2.1097731590270996,0.3161778450012207,9.571796417236328
1700822942278862000,80.59086206054687,2.13480806350708,0.3444993793964386,9.565265655517578
1700822942288951000,80.60095092773437,2.173220634460449,0.36232495307922363,9.555952072143555
1700822942299028000,80.61102807617188,2.220160722732544,0.3740551471710205,9.544703483581543
1700822942308909000,80.62090893554688,2.2397568225860596,0.38644495606422424,9.539629936218262
1700822942319017000,80.63101684570313,2.264645576477051,0.3980866074562073,9.533273696899414
1700822942328859000,80.64085888671875,2.2925803661346436,0.4074138104915619,9.526199340820312
1700822942338870000,80.6508701171875,2.3130784034729004,0.41572219133377075,9.52088451385498
1700822942348896000,80.66089599609376,2.3426666259765625,0.43947336077690125,9.512579917907715
1700822942358913000,80.6709130859375,2.360666036605835,0.45411622524261475,9.507440567016602
1700822942368732000,80.68073193359375,2.3719875812530518,0.46437400579452515,9.50412654876709
1700822942378982000,80.69098193359375,2.383174180984497,0.4711185097694397,9.500995635986328
1700822942388851000,80.70085083007812,2.399418354034424,0.47315967082977295,9.496805191040039
1700822942399010000,80.71101000976563,2.397566318511963,0.48455551266670227,9.496698379516602
1700822942409011000,80.72101098632812,2.3937318325042725,0.4936918616294861,9.49719524383545
1700822942418697000,80.73069702148437,2.386794328689575,0.50145024061203,9.498534202575684
1700822942428926000,80.74092602539062,2.3787331581115723,0.5070815086364746,9.50025749206543
1700822942438768000,80.75076806640625,2.455188751220703,0.4413713216781616,9.4840726852417
1700822942448758000,80.76075805664063,2.4920828342437744,0.3861679136753082,9.476855278015137
1700822942458639000,80.77063916015625,2.497281551361084,0.33995646238327026,9.477256774902344
1700822942468885000,80.78088500976563,2.47945237159729,0.3063698410987854,9.483081817626953
1700822942478757000,80.79075708007812,2.445748805999756,0.28665947914123535,9.492445945739746
1700822942488648000,80.80064794921876,2.391803503036499,0.2856476604938507,9.506211280822754
1700822942498739000,80.81073901367188,2.322232484817505,0.3254983127117157,9.522168159484863
1700822942508755000,80.8207548828125,2.2647829055786133,0.40423840284347534,9.532981872558594
1700822942518829000,80.8308291015625,2.2312357425689697,0.47493016719818115,9.537631034851074
1700822942528891000,80.84089086914062,2.226238965988159,0.5033317804336548,9.53734302520752
1700822942538814000,80.85081396484375,2.2290258407592773,0.5101227760314941,9.536331176757812
1700822942548754000,80.86075390625,2.2320055961608887,0.5141329169273376,9.535419464111328
1700822942558817000,80.87081713867188,2.2323696613311768,0.5123375654220581,9.535430908203125
1700822942569209000,80.881208984375,2.225968599319458,0.5049582123756409,9.537320137023926
1700822942578878000,80.8908779296875,2.2118141651153564,0.4949938952922821,9.54113483428955
1700822942588879000,80.90087915039062,2.192739248275757,0.485078364610672,9.546045303344727
1700822942598833000,80.9108330078125,2.1713829040527344,0.4764440953731537,9.551361083984375
1700822942608750000,80.92075,2.141664743423462,0.4761696457862854,9.558082580566406
1700822942618799000,80.93079907226563,2.1046457290649414,0.4846726953983307,9.565874099731445
1700822942628788000,80.9407880859375,2.067570209503174,0.4962061941623688,9.573366165161133
1700822942638940000,80.95093994140625,2.036468982696533,0.5067155957221985,9.579479217529297
1700822942648846000,80.96084619140625,2.0127005577087402,0.5142685174942017,9.584099769592285
1700822942658716000,80.9707158203125,2.005201816558838,0.5167661905288696,9.58553695678711
1700822942668734000,80.98073388671875,1.926487684249878,0.5855973958969116,9.5977144241333
1700822942678779000,80.99077880859375,1.8554354906082153,0.6606412529945374,9.606837272644043
1700822942688888000,81.00088818359374,1.7926925420761108,0.7568687796592712,9.611648559570312
1700822942698798000,81.01079809570312,1.7389814853668213,0.8683955669403076,9.61208724975586
1700822942708792000,81.0207919921875,1.6987637281417847,0.9606143832206726,9.610506057739258
1700822942718825000,81.03082495117188,1.6836144924163818,1.0113695859909058,9.607964515686035
1700822942728848000,81.04084790039063,1.6917275190353394,1.0380343198776245,9.603693962097168
1700822942738808000,81.05080810546875,1.7201679944992065,1.0478358268737793,9.597576141357422
1700822942748847000,81.06084716796875,1.7556861639022827,1.0360206365585327,9.592425346374512
1700822942758949000,81.07094921875,1.745397686958313,1.0277323722839355,9.595194816589355
1700822942768803000,81.08080297851562,1.731975793838501,1.0186793804168701,9.598591804504395
1700822942778853000,81.09085302734375,1.7181310653686523,1.0128837823867798,9.601692199707031
1700822942788827000,81.10082690429688,1.7042936086654663,1.0121678113937378,9.604232788085938
1700822942798798000,81.11079809570313,1.6937531232833862,1.0169874429702759,9.60558795928955
1700822942808840000,81.12083984375,1.6897813081741333,1.0258636474609375,9.605342864990234
1700822942818804000,81.13080395507812,1.693405270576477,1.0347262620925903,9.603754043579102
1700822942828985000,81.14098510742187,1.704779028892517,1.040213704109192,9.601149559020996
1700822942838704000,81.1507041015625,1.720712661743164,1.039919376373291,9.598339080810547
1700822942848795000,81.160794921875,1.7382593154907227,1.0333830118179321,9.595882415771484
1700822942858761000,81.17076098632812,1.7534838914871216,1.021590232849121,9.594376564025879
1700822942868829000,81.18082885742187,1.765794038772583,1.005178689956665,9.593851089477539
1700822942878854000,81.19085400390625,1.776741862297058,0.9865618944168091,9.593761444091797
1700822942889514000,81.20151391601563,1.78790283203125,0.9675564765930176,9.593624114990234
1700822942898796000,81.21079614257812,1.7979135513305664,0.9517399072647095,9.593337059020996
1700822942908901000,81.22090112304687,1.8098698854446411,0.9400593638420105,9.592238426208496
1700822942918787000,81.230787109375,1.8208588361740112,0.931549072265625,9.59099006652832
1700822942928727000,81.24072705078125,1.8299345970153809,0.9261360764503479,9.589786529541016
1700822942940091000,81.2520908203125,1.8353822231292725,0.9229355454444885,9.589054107666016
1700822942948888000,81.26088818359375,1.8338918685913086,0.9213985204696655,9.589486122131348
1700822942958807000,81.27080712890626,1.8300254344940186,0.9191586375236511,9.590439796447754
1700822942968849000,81.28084887695313,1.8309404850006104,0.9130915999412537,9.590846061706543
1700822942978723000,81.29072314453126,1.836148977279663,0.9037603139877319,9.59073257446289
1700822942989022000,81.30102197265624,1.8457101583480835,0.8910890221595764,9.59008502960205
1700822942998840000,81.31084008789063,1.857987642288208,0.8774281740188599,9.588972091674805
1700822943008744000,81.32074389648437,1.8681559562683105,0.8660405278205872,9.588031768798828
1700822943018834000,81.330833984375,1.8719161748886108,0.8578838109970093,9.588032722473145
1700822943028752000,81.340751953125,1.8714090585708618,0.852450966835022,9.588615417480469
1700822943038906000,81.35090600585937,1.8702938556671143,0.8500187397003174,9.58905029296875
1700822943048878000,81.36087817382813,1.8707700967788696,0.8511965870857239,9.588850021362305
1700822943058883000,81.37088305664062,1.8738363981246948,0.8559490442276001,9.587830543518066
1700822943068880000,81.3808798828125,1.8770705461502075,0.8619388937950134,9.586660385131836
1700822943078859000,81.39085888671875,1.8780579566955566,0.8639321327209473,9.586287498474121
1700822943088720000,81.40071997070312,1.8760825395584106,0.859355628490448,9.587085723876953
1700822943098863000,81.41086303710938,1.871752381324768,0.8490440845489502,9.588850021362305
1700822943108638000,81.42063793945313,1.867626667022705,0.837574303150177,9.590664863586426
1700822943118675000,81.43067504882812,1.8653717041015625,0.8272767663002014,9.591997146606445
1700822943128788000,81.4407880859375,1.8637651205062866,0.8189382553100586,9.593025207519531
1700822943138757000,81.45075708007812,1.8630588054656982,0.8130515217781067,9.593663215637207
1700822943148786000,81.46078588867188,1.864433765411377,0.8093299269676208,9.593710899353027
1700822943158772000,81.47077197265625,1.8669848442077637,0.8065899610519409,9.593445777893066
1700822943168657000,81.48065698242188,1.8685003519058228,0.8032590746879578,9.593428611755371
1700822943178718000,81.49071801757813,1.8673359155654907,0.79762864112854,9.594125747680664
1700822943188765000,81.50076489257812,1.8629353046417236,0.7891963124275208,9.595678329467773
1700822943198752000,81.510751953125,1.856153130531311,0.7788202166557312,9.59783935546875
1700822943209146000,81.52114599609375,1.848270058631897,0.7683648467063904,9.600204467773438
1700822943218772000,81.53077197265625,1.8405336141586304,0.7602636814117432,9.602335929870605
1700822943228788000,81.5407880859375,1.8337786197662354,0.7550108432769775,9.604042053222656
1700822943238867000,81.55086694335938,1.8288195133209229,0.7525105476379395,9.605182647705078
1700822943248673000,81.56067309570312,1.825608491897583,0.7527759671211243,9.605772972106934
1700822943258779000,81.57077880859374,1.8238176107406616,0.7554258704185486,9.605904579162598
1700822943268635000,81.580634765625,1.8230534791946411,0.7574865818023682,9.605889320373535
1700822943278979000,81.59097900390626,1.8205012083053589,0.756794810295105,9.606427192687988
1700822943288838000,81.600837890625,1.8155797719955444,0.7536094784736633,9.607609748840332
1700822943298819000,81.61081909179687,1.8081282377243042,0.7480895519256592,9.609445571899414
1700822943308974000,81.62097412109375,1.8025485277175903,0.7425880432128906,9.610920906066895
1700822943318686000,81.63068603515624,1.7987264394760132,0.7371847033500671,9.612051010131836
1700822943328974000,81.64097412109375,1.7948583364486694,0.7345832586288452,9.6129732131958
1700822943338751000,81.6507509765625,1.791900873184204,0.7346695065498352,9.613519668579102
1700822943348696000,81.66069604492188,1.7950642108917236,0.7341259121894836,9.612970352172852
1700822943358753000,81.6707529296875,1.804508090019226,0.7292124032974243,9.611576080322266
1700822943368827000,81.68082690429688,1.8149561882019043,0.718120813369751,9.610444068908691
1700822943378844000,81.69084399414062,1.822272777557373,0.7025678753852844,9.610209465026855
1700822943388965000,81.70096508789062,1.8240935802459717,0.6880810856819153,9.610912322998047
1700822943398903000,81.71090307617187,1.8188862800598145,0.6779042482376099,9.612622261047363
1700822943408943000,81.72094311523438,1.8081079721450806,0.6698699593544006,9.615217208862305
1700822943418654000,81.73065405273438,1.7948030233383179,0.663644552230835,9.618142127990723
1700822943428775000,81.74077490234374,1.7833002805709839,0.6602581143379211,9.620514869689941
1700822943438875000,81.750875,1.7782814502716064,0.6596829295158386,9.621481895446777
1700822943448769000,81.76076904296875,1.7800103425979614,0.6605991721153259,9.621100425720215
1700822943458797000,81.77079711914062,1.7844957113265991,0.6615875959396362,9.620201110839844
1700822943468775000,81.78077490234375,1.78658127784729,0.6624573469161987,9.619754791259766
1700822943478839000,81.79083911132813,1.781843662261963,0.662430465221405,9.620635032653809
1700822943488853000,81.80085302734375,1.7720215320587158,0.662156343460083,9.622467041015625
1700822943498811000,81.81081079101563,1.7572462558746338,0.6610097885131836,9.625255584716797
1700822943508840000,81.82083984375,1.7434508800506592,0.6599667072296143,9.627835273742676
1700822943518870000,81.8308701171875,1.7333122491836548,0.660270094871521,9.629644393920898
1700822943528845000,81.84084497070313,1.727926254272461,0.6628633141517639,9.6304349899292
1700822943538853000,81.85085302734375,1.730332851409912,0.6670175194740295,9.629716873168945
1700822943548696000,81.86069604492188,1.7393416166305542,0.6710954308509827,9.627809524536133
1700822943558856000,81.87085595703125,1.7541168928146362,0.6737924218177795,9.624939918518066
1700822943568827000,81.88082690429688,1.7705453634262085,0.6752683520317078,9.621828079223633
1700822943578816000,81.89081591796875,1.7871981859207153,0.6736354827880859,9.618863105773926
1700822943588703000,81.90070288085937,1.8014450073242188,0.6724360585212708,9.616289138793945
1700822943598815000,81.91081494140624,1.8139703273773193,0.6724827885627747,9.613930702209473
1700822943608837000,81.92083715820313,1.8247877359390259,0.6734086871147156,9.611818313598633
1700822943618853000,81.93085302734374,1.8348697423934937,0.6754305362701416,9.609758377075195
1700822943628720000,81.94072021484375,1.8451697826385498,0.6789224743843079,9.607540130615234
1700822943639004000,81.95100390625,1.8552892208099365,0.6826485395431519,9.605326652526855
1700822943648895000,81.96089501953125,1.8636956214904785,0.68451988697052,9.603565216064453
1700822943658867000,81.97086694335937,1.8707700967788696,0.6833417415618896,9.602273941040039
1700822943668654000,81.98065405273438,1.8751338720321655,0.6789484620094299,9.601733207702637
1700822943678638000,81.99063818359375,1.8765180110931396,0.6723060011863708,9.60193157196045
1700822943688701000,82.00070092773437,1.8789350986480713,0.6655275821685791,9.601930618286133
1700822943698645000,82.01064501953125,1.8850442171096802,0.6615551710128784,9.601009368896484
1700822943708870000,82.02086987304688,1.892539620399475,0.6629542112350464,9.59943675994873
1700822943718881000,82.03088110351563,1.89798104763031,0.6695847511291504,9.597901344299316
1700822943728870000,82.04086987304687,1.9008638858795166,0.6789154410362244,9.596675872802734
1700822943738881000,82.05088110351562,1.9028807878494263,0.6891855001449585,9.595544815063477
1700822943748889000,82.06088916015625,1.9044488668441772,0.6984457969665527,9.594563484191895
1700822943758808000,82.07080810546876,1.9041846990585327,0.7074229121208191,9.593957901000977
1700822943768771000,82.08077099609375,1.9002647399902344,0.7147223949432373,9.594193458557129
1700822943778940000,82.09093994140625,1.89156973361969,0.7209060788154602,9.595449447631836
1700822943788668000,82.10066796875,1.8785629272460938,0.7265665531158447,9.597578048706055
1700822943798635000,82.11063500976563,1.8621103763580322,0.7328928709030151,9.600302696228027
1700822943808724000,82.12072387695312,1.843262791633606,0.7401175498962402,9.603385925292969
1700822943818619000,82.13061889648438,1.823816180229187,0.747599720954895,9.606518745422363
1700822943828729000,82.14072900390624,1.8053343296051025,0.7546148300170898,9.609460830688477
1700822943838779000,82.15077880859376,1.7900352478027344,0.7608298063278198,9.611832618713379
1700822943848916000,82.160916015625,1.7748116254806519,0.7692857384681702,9.613982200622559
1700822943858662000,82.17066186523438,1.7585123777389526,0.7792176604270935,9.61617660522461
1700822943868841000,82.18084106445312,1.7399251461029053,0.7887620329856873,9.618779182434082
1700822943878976000,82.19097607421875,1.7209901809692383,0.7957614064216614,9.621607780456543
1700822943888827000,82.20082690429687,1.7020246982574463,0.8002753853797913,9.624608039855957
1700822943898833000,82.2108330078125,1.6820632219314575,0.8030754923820496,9.62788200378418
1700822943908927000,82.22092700195313,1.6620784997940063,0.8029828667640686,9.63136100769043
1700822943918983000,82.23098291015626,1.642350435256958,0.7980185151100159,9.635156631469727
1700822943928816000,82.24081616210937,1.6227413415908813,0.7883762717247009,9.639272689819336
1700822943938833000,82.2508330078125,1.6035637855529785,0.7757169604301453,9.643508911132812
1700822943948820000,82.26082006835938,1.5826716423034668,0.7625582218170166,9.648008346557617
1700822943958823000,82.27082299804688,1.5590183734893799,0.7505512237548828,9.652798652648926
1700822943969015000,82.28101513671875,1.5367724895477295,0.7418871521949768,9.657034873962402
1700822943978831000,82.2908310546875,1.518686056137085,0.7367737889289856,9.660287857055664
1700822943989033000,82.30103295898438,1.5030708312988281,0.7320441007614136,9.663087844848633
1700822943999066000,82.31106616210937,1.4848527908325195,0.7244392037391663,9.66647720336914
1700822944008826000,82.320826171875,1.4594603776931763,0.7100634574890137,9.67141056060791
1700822944018966000,82.33096606445312,1.4300049543380737,0.691531777381897,9.677152633666992
1700822944028845000,82.34084497070313,1.396107792854309,0.672141432762146,9.683465957641602
1700822944038961000,82.3509609375,1.3604151010513306,0.6519804000854492,9.689922332763672
1700822944048723000,82.36072290039063,1.325945496559143,0.6329103708267212,9.695961952209473
1700822944058862000,82.37086206054687,1.2896815538406372,0.6148948073387146,9.702011108398438
1700822944068926000,82.38092602539062,1.2510192394256592,0.5997262001037598,9.70802116394043
1700822944078813000,82.39081298828125,1.2105584144592285,0.5891498327255249,9.713797569274902
1700822944088961000,82.4009609375,1.1767692565917969,0.5833926200866699,9.71829605102539
1700822944098956000,82.4109560546875,1.1427178382873535,0.5791293978691101,9.722613334655762
1700822944108955000,82.42095483398438,1.113149881362915,0.5754311084747314,9.726263046264648
1700822944118844000,82.43084399414063,1.0882662534713745,0.5719348192214966,9.729284286499023
1700822944128972000,82.44097192382813,1.0665252208709717,0.5686073899269104,9.731884956359863
1700822944138700000,82.45069995117187,1.0458194017410278,0.5656841993331909,9.73430347442627
1700822944148979000,82.46097900390625,1.0240185260772705,0.5625967979431152,9.736799240112305
1700822944158955000,82.470955078125,1.0024750232696533,0.5597708821296692,9.739204406738281
1700822944169887000,82.48188696289063,0.9804124236106873,0.5574547648429871,9.741581916809082
1700822944178747000,82.49074682617187,0.9559214115142822,0.5553916692733765,9.744135856628418
1700822944188714000,82.5007138671875,0.9269134998321533,0.5529273152351379,9.747076988220215
1700822944198797000,82.51079711914062,0.901083767414093,0.5493094325065613,9.749703407287598
1700822944208757000,82.52075708007813,0.8866559863090515,0.5432277917861938,9.751367568969727
1700822944218960000,82.5309599609375,0.8816112875938416,0.5377253890037537,9.752128601074219
1700822944228764000,82.54076391601562,0.8826847672462463,0.5317705273628235,9.752358436584473
1700822944238845000,82.55084497070312,0.8921835422515869,0.5251736640930176,9.751850128173828
1700822944248846000,82.56084619140626,0.9091033935546875,0.5170078873634338,9.750725746154785
1700822944258806000,82.57080590820313,0.9244623184204102,0.5051628351211548,9.749900817871094
1700822944268862000,82.58086206054688,0.9351043701171875,0.4877718389034271,9.749773025512695
1700822944278838000,82.59083813476562,0.9390507936477661,0.46465954184532166,9.750520706176758
1700822944288853000,82.60085302734375,0.9386004209518433,0.4356216788291931,9.75190544128418
1700822944298867000,82.61086694335937,0.9497405290603638,0.3871314823627472,9.752873420715332
1700822944308858000,82.62085815429687,0.948300302028656,0.3575102388858795,9.754143714904785
1700822944319014000,82.63101391601562,0.9515417218208313,0.34433016180992126,9.754302024841309
1700822944328848000,82.64084790039063,0.961922824382782,0.3454550802707672,9.753244400024414
1700822944338860000,82.65086010742188,0.9678276777267456,0.34908145666122437,9.752530097961426
1700822944348868000,82.6608681640625,0.9731924533843994,0.3509180247783661,9.75192928314209
1700822944358871000,82.67087109375,0.9825877547264099,0.34846359491348267,9.751075744628906
1700822944369022000,82.68102197265625,0.9953837990760803,0.3387254774570465,9.750121116638184
1700822944378865000,82.69086499023437,1.0095254182815552,0.3225485384464264,9.749216079711914
1700822944388858000,82.70085815429688,1.0214099884033203,0.3060600459575653,9.748509407043457
1700822944398856000,82.71085595703126,1.1365084648132324,0.3208347260951996,9.735285758972168
1700822944408988000,82.72098779296876,1.1731863021850586,0.3287643492221832,9.730670928955078
1700822944420128000,82.7321279296875,1.1820143461227417,0.3347235321998596,9.729398727416992
1700822944428748000,82.740748046875,1.1811466217041016,0.34065642952919006,9.72929859161377
1700822944438777000,82.75077709960938,1.1727415323257446,0.3484209477901459,9.730039596557617
1700822944448731000,82.76073095703126,1.1571861505508423,0.35523995757102966,9.731657028198242
1700822944458790000,82.77078979492188,1.1275523900985718,0.36243632435798645,9.734869003295898
1700822944468947000,82.78094702148438,1.1007493734359741,0.37136897444725037,9.73759937286377
1700822944478804000,82.79080395507812,1.0912293195724487,0.37697774171829224,9.738454818725586
1700822944488775000,82.80077490234375,1.0987193584442139,0.37910160422325134,9.737529754638672
1700822944498820000,82.81082006835938,1.1084262132644653,0.38441142439842224,9.736222267150879
1700822944508780000,82.82078002929687,1.1177531480789185,0.38854631781578064,9.734992027282715
1700822944519094000,82.83109399414063,1.1289242506027222,0.38893064856529236,9.733687400817871
1700822944528902000,82.84090185546874,1.1410081386566162,0.38722237944602966,9.732345581054688
1700822944538807000,82.85080712890625,1.1499773263931274,0.38739100098609924,9.731284141540527
1700822944548763000,82.86076293945312,1.157004952430725,0.38609805703163147,9.730502128601074
1700822944558892000,82.87089208984375,1.1604160070419312,0.3852551579475403,9.730128288269043
1700822944568742000,82.88074194335937,1.1589680910110474,0.38653966784477234,9.730250358581543
1700822944578881000,82.89088110351562,1.1523463726043701,0.39158496260643005,9.7308349609375
1700822944588838000,82.900837890625,1.1750602722167969,0.40877047181129456,9.727412223815918
1700822944598883000,82.91088305664063,1.21989107131958,0.4245937764644623,9.721212387084961
1700822944608877000,82.920876953125,1.249013066291809,0.4370972812175751,9.716959953308105
1700822944618949000,82.93094921875,1.2475862503051758,0.4557192921638489,9.716287612915039
1700822944628877000,82.940876953125,1.244083285331726,0.47295302152633667,9.715912818908691
1700822944638889000,82.95088891601563,1.2417718172073364,0.4849699139595032,9.715617179870605
1700822944648862000,82.96086206054687,1.2402634620666504,0.4914435148239136,9.715483665466309
1700822944658759000,82.97075903320312,1.2404990196228027,0.49169719219207764,9.715439796447754
1700822944668939000,82.98093896484374,1.2430042028427124,0.4856693148612976,9.715424537658691
1700822944678869000,82.99086889648437,1.2485610246658325,0.4755898118019104,9.7152099609375
1700822944688833000,83.0008330078125,1.2532461881637573,0.4656316041946411,9.715089797973633
1700822944698815000,83.01081494140625,1.2560323476791382,0.4607768654823303,9.714961051940918
1700822944708807000,83.02080688476562,1.2579145431518555,0.4655243456363678,9.71449089050293
1700822944720542000,83.0325419921875,1.1987427473068237,0.46990329027175903,9.721758842468262
1700822944728826000,83.040826171875,1.1995172500610352,0.49254941940307617,9.720541954040527
1700822944738660000,83.05066015625,1.2022480964660645,0.5208867788314819,9.718727111816406
1700822944748826000,83.060826171875,1.2079452276229858,0.5492673516273499,9.716459274291992
1700822944758703000,83.070703125,1.2175339460372925,0.5711386799812317,9.71399974822998
1700822944768842000,83.08084204101563,1.230116367340088,0.5838602185249329,9.71165943145752
1700822944778877000,83.090876953125,1.24446702003479,0.5868997573852539,9.709649085998535
1700822944788872000,83.10087182617187,1.261731743812561,0.5824146866798401,9.707688331604004
1700822944798736000,83.11073583984376,1.2811559438705444,0.5701938271522522,9.705869674682617
1700822944808731000,83.12073095703126,1.2977163791656494,0.5490738749504089,9.704888343811035
1700822944818768000,83.13076782226562,1.3019229173660278,0.524985134601593,9.705657005310059
1700822944828801000,83.14080102539063,1.2933529615402222,0.5070344805717468,9.707757949829102
1700822944838796000,83.15079614257813,1.2805684804916382,0.5015884637832642,9.709733963012695
1700822944848769000,83.16076904296875,1.2648781538009644,0.5095844268798828,9.711374282836914
1700822944858897000,83.17089697265625,1.2504700422286987,0.5290180444717407,9.712201118469238
1700822944868809000,83.18080908203125,1.2464724779129028,0.5511342883110046,9.71148681640625
1700822944878802000,83.19080200195313,1.2564724683761597,0.5723334550857544,9.708970069885254
1700822944888840000,83.20083984375,1.273854374885559,0.5901800990104675,9.705636978149414
1700822944898843000,83.2108427734375,1.2943161725997925,0.5992571115493774,9.702371597290039
1700822944908844000,83.22084399414062,1.3155150413513184,0.6000193357467651,9.69947338104248
1700822944918922000,83.230921875,1.336421012878418,0.5953133702278137,9.696905136108398
1700822944928940000,83.24093994140625,1.3551266193389893,0.5870993733406067,9.69481086730957
1700822944938872000,83.2508720703125,1.368800401687622,0.5801999568939209,9.693304061889648
1700822944948894000,83.26089404296874,1.3795652389526367,0.5767524242401123,9.691983222961426
1700822944958895000,83.27089501953125,1.3888392448425293,0.5758169293403625,9.690715789794922
1700822944968989000,83.28098901367187,1.3878177404403687,0.5470423698425293,9.692527770996094
1700822944978879000,83.29087890625,1.4238816499710083,0.4993181824684143,9.689871788024902
1700822944988971000,83.30097094726563,1.51372492313385,0.4469429850578308,9.678804397583008
1700822944998967000,83.31096704101563,1.6022955179214478,0.431320458650589,9.66524887084961
1700822945008995000,83.3209951171875,1.6425211429595947,0.4406318962574005,9.658072471618652
1700822945018874000,83.3308740234375,1.6640923023223877,0.45375120639801025,9.65377140045166
1700822945028812000,83.34081201171875,1.658043384552002,0.4912126362323761,9.652978897094727
1700822945038843000,83.3508427734375,1.6276681423187256,0.5680655837059021,9.653932571411133
1700822945048705000,83.360705078125,1.6127440929412842,0.6336231827735901,9.652356147766113
1700822945058967000,83.37096704101563,1.6192262172698975,0.656892716884613,9.649714469909668
1700822945069659000,83.38165893554688,1.6378198862075806,0.6521247625350952,9.646899223327637
1700822945078863000,83.39086303710937,1.6596155166625977,0.6493299007415771,9.643362045288086
1700822945089436000,83.40143579101563,1.677141547203064,0.6411392688751221,9.64087963104248
1700822945098874000,83.4108740234375,1.6896072626113892,0.6307388544082642,9.639388084411621
1700822945108963000,83.42096313476563,1.6938798427581787,0.616494357585907,9.639559745788574
1700822945118952000,83.43095190429688,1.693798303604126,0.5973874926567078,9.640775680541992
1700822945128891000,83.44089086914063,1.6860942840576172,0.5771691799163818,9.643357276916504
1700822945138860000,83.45086010742187,1.6735098361968994,0.5587713718414307,9.646634101867676
1700822945148820000,83.46082006835937,1.660361886024475,0.5418205261230469,9.649871826171875
1700822945158944000,83.47094409179688,1.651917576789856,0.5263903141021729,9.65217399597168
1700822945168808000,83.48080786132813,1.6509116888046265,0.511971652507782,9.653121948242188
1700822945178953000,83.49095288085938,1.6539467573165894,0.4977101683616638,9.653347969055176
1700822945188965000,83.50096508789062,1.656935453414917,0.48477381467819214,9.653493881225586
1700822945198866000,83.51086596679687,1.657875657081604,0.4743298888206482,9.653852462768555
1700822945209533000,83.52153295898438,1.653883934020996,0.4673173725605011,9.654877662658691
1700822945218825000,83.53082495117188,1.6453052759170532,0.4659907817840576,9.656408309936523
1700822945228976000,83.54097607421875,1.6333357095718384,0.4697311520576477,9.658258438110352
1700822945238869000,83.55086889648437,1.6234625577926636,0.4781847894191742,9.65950870513916
1700822945248819000,83.56081884765625,1.6217589378356934,0.4924725592136383,9.659076690673828
1700822945258951000,83.57095092773437,1.6249449253082275,0.5038245320320129,9.65795612335205
1700822945268853000,83.58085302734375,1.6322036981582642,0.5092974305152893,9.656444549560547
1700822945278870000,83.5908701171875,1.649767518043518,0.489587664604187,9.654479026794434
1700822945289027000,83.60102709960937,1.682091474533081,0.45775020122528076,9.650463104248047
1700822945298869000,83.61086889648438,1.729815125465393,0.41044485569000244,9.64415168762207
1700822945308819000,83.62081884765625,1.7726129293441772,0.35823681950569153,9.638460159301758
1700822945318937000,83.63093701171876,1.7879559993743896,0.3211880624294281,9.636931419372559
1700822945328917000,83.6409169921875,1.7815563678741455,0.3055541515350342,9.63862419128418
1700822945339041000,83.651041015625,1.768471598625183,0.3014785647392273,9.641161918640137
1700822945349116000,83.66111596679687,1.7549209594726562,0.3014598488807678,9.643638610839844
1700822945358861000,83.67086108398438,1.7402777671813965,0.30547553300857544,9.64616584777832
1700822945369322000,83.68132202148438,1.7225725650787354,0.3111041784286499,9.649165153503418
1700822945379046000,83.6910458984375,1.704428791999817,0.3158230185508728,9.652231216430664
1700822945389068000,83.70106811523438,1.641834020614624,0.37548136711120605,9.660942077636719
1700822945398850000,83.71085009765625,1.6343176364898682,0.37790656089782715,9.66212272644043
1700822945408821000,83.72082104492188,1.6353917121887207,0.3693418502807617,9.662270545959473
1700822945418914000,83.7309140625,1.6333786249160767,0.35341566801071167,9.663206100463867
1700822945428831000,83.7408310546875,1.6227222681045532,0.33336159586906433,9.665715217590332
1700822945438831000,83.7508310546875,1.6038395166397095,0.3122252821922302,9.669571876525879
1700822945448781000,83.76078100585937,1.5741931200027466,0.29377779364585876,9.675020217895508
1700822945458642000,83.77064184570312,1.5449466705322266,0.28105801343917847,9.680109977722168
1700822945468796000,83.7807958984375,1.52176034450531,0.2768099904060364,9.683905601501465
1700822945478925000,83.79092504882813,1.5069127082824707,0.28015637397766113,9.686131477355957
1700822945488767000,83.80076708984375,1.5001068115234375,0.28745734691619873,9.686973571777344
1700822945498723000,83.81072314453125,1.4950605630874634,0.2944917678833008,9.687541961669922
1700822945508777000,83.82077685546875,1.693426251411438,0.5758774280548096,9.64215087890625
1700822945518831000,83.8308310546875,1.7473117113113403,0.7636191248893738,9.619468688964844
1700822945528805000,83.84080517578126,1.728803277015686,0.850989043712616,9.615478515625
1700822945538789000,83.8507890625,1.707197666168213,0.8864300847053528,9.616138458251953
1700822945548727000,83.86072705078125,1.7103458642959595,0.8832871317863464,9.61586856842041
1700822945558862000,83.87086206054687,1.7187998294830322,0.8837611675262451,9.614316940307617
1700822945568849000,83.88084887695312,1.7293481826782227,0.8865218758583069,9.612170219421387
1700822945578861000,83.89086108398438,1.7425874471664429,0.8908432126045227,9.609380722045898
1700822945588951000,83.90095092773437,1.7600667476654053,0.896206796169281,9.605694770812988
1700822945598940000,83.91093994140626,1.7822628021240234,0.9020768404006958,9.601052284240723
1700822945608948000,83.92094799804687,1.8041331768035889,0.9069684147834778,9.596505165100098
1700822945618988000,83.93098803710937,1.8163877725601196,0.9083946943283081,9.5940580368042
1700822945628972000,83.94097192382813,1.64249849319458,0.787724494934082,9.635978698730469
1700822945642928000,83.95492822265625,1.4798598289489746,0.6812900900840759,9.670379638671875
1700822945658998000,83.970998046875,1.391631841659546,0.5902461409568787,9.689445495605469
1700822945668954000,83.9809541015625,1.3657543659210205,0.5372089147567749,9.696210861206055
1700822945678704000,83.9907041015625,1.4049696922302246,0.5389119386672974,9.690512657165527
1700822945688779000,84.00077905273437,1.4439102411270142,0.5376385450363159,9.684858322143555
1700822945698770000,84.01077001953125,1.4743720293045044,0.5353001952171326,9.68039608001709
1700822945708777000,84.02077685546875,1.4920392036437988,0.5293897986412048,9.67801284790039
1700822945718797000,84.03079711914063,1.4970359802246094,0.5234296917915344,9.677567481994629
1700822945728678000,84.04067797851563,1.4922540187835693,0.5180106163024902,9.678597450256348
1700822945738770000,84.05077001953126,1.4779961109161377,0.5125102400779724,9.681077003479004
1700822945748715000,84.06071508789063,1.458022117614746,0.506581723690033,9.684417724609375
1700822945758946000,84.07094604492187,1.4419529438018799,0.5008513927459717,9.68712043762207
1700822945768792000,84.0807919921875,1.4279426336288452,0.49507805705070496,9.689493179321289
1700822945778671000,84.09067114257813,1.4103542566299438,0.4867316782474518,9.692490577697754
1700822945788665000,84.1006650390625,1.3864567279815674,0.475031316280365,9.696517944335938
1700822945798757000,84.11075708007813,0.9376195669174194,0.09561813622713089,9.76125717163086
1700822945808668000,84.12066796875,0.9052014350891113,0.0826578289270401,9.764434814453125
1700822945818648000,84.13064794921875,0.7309960722923279,-0.026589317247271538,9.779332160949707
1700822945828821000,84.14082104492188,0.6663196086883545,-0.06331395357847214,9.783783912658691
1700822945838669000,84.1506689453125,0.6313111186027527,-0.08135931193828583,9.785970687866211
1700822945848740000,84.16073999023438,0.6058537364006042,-0.09431172907352448,9.78746509552002
1700822945858768000,84.17076782226563,0.5912047624588013,-0.10503537207841873,9.788250923156738
1700822945868886000,84.18088598632812,0.6021247506141663,-0.10945552587509155,9.787537574768066
1700822945878817000,84.19081713867187,0.6487757563591003,-0.10050678998231888,9.784649848937988
1700822945888866000,84.20086596679687,0.715043306350708,-0.07634352892637253,9.780248641967773
1700822945898826000,84.21082592773438,0.7147846221923828,-0.08442746847867966,9.78020191192627
1700822945908837000,84.22083715820312,0.7204086184501648,-0.09015022963285446,9.779738426208496
1700822945918820000,84.23082006835938,0.7302958369255066,-0.09452303498983383,9.778962135314941
1700822945928787000,84.24078686523437,0.7456713914871216,-0.09827157855033875,9.777766227722168
1700822945938802000,84.25080200195312,0.7666040062904358,-0.10215923190116882,9.776108741760254
1700822945949234000,84.26123388671876,0.7903648018836975,-0.10748305916786194,9.774157524108887
1700822945958713000,84.27071313476563,0.8113850951194763,-0.1148354634642601,9.772351264953613
1700822945968963000,84.28096313476563,0.8317933678627014,-0.12377367913722992,9.770526885986328
1700822945978891000,84.29089111328125,0.9075193405151367,-0.06906506419181824,9.764324188232422
1700822945988787000,84.30078686523437,0.9394500255584717,-0.06612871587276459,9.761323928833008
1700822945999536000,84.3115361328125,0.9781439304351807,-0.06119389086961746,9.75755500793457
1700822946008670000,84.320669921875,1.0162749290466309,-0.05976268649101257,9.753665924072266
1700822946018762000,84.33076196289062,1.0791723728179932,-0.030857495963573456,9.747042655944824
1700822946028657000,84.34065698242188,1.1547651290893555,0.014368132688105106,9.738412857055664
1700822946038814000,84.35081396484375,1.234464406967163,0.06207125633955002,9.728446006774902
1700822946048849000,84.36084887695313,1.32224440574646,0.10680472105741501,9.716514587402344
1700822946058724000,84.37072412109374,1.4134306907653809,0.14557254314422607,9.703166007995605
1700822946068669000,84.3806689453125,1.5108044147491455,0.18055501580238342,9.68789291381836
1700822946078805000,84.39080493164063,1.5570687055587769,0.17684417963027954,9.680633544921875
1700822946088805000,84.40080517578124,1.606684684753418,0.172394797205925,9.672602653503418
1700822946099525000,84.41152514648438,1.6553902626037598,0.16879092156887054,9.664449691772461
1700822946108863000,84.42086303710937,1.703877568244934,0.16426263749599457,9.656097412109375
1700822946119031000,84.43103100585938,1.7435996532440186,0.15969635546207428,9.649080276489258
1700822946128843000,84.44084301757813,1.7825130224227905,0.1536933183670044,9.64206600189209
1700822946138903000,84.45090307617187,1.8199644088745117,0.14766046404838562,9.635160446166992
1700822946148687000,84.46068701171875,1.8602044582366943,0.14242081344127655,9.627551078796387
1700822946158858000,84.47085791015625,1.9037214517593384,0.13858838379383087,9.619097709655762
1700822946168868000,84.4808681640625,1.9489833116531372,0.13542583584785461,9.61007308959961
1700822946178849000,84.49084912109375,1.9923077821731567,0.13076251745224,9.601248741149902
1700822946189018000,84.50101806640625,2.027944326400757,0.12113310396671295,9.593912124633789
1700822946199998000,84.511998046875,2.0494918823242188,0.10289514064788818,9.589546203613281
1700822946208823000,84.52082299804688,2.055978536605835,0.07115063816308975,9.588445663452148
1700822946218860000,84.53086010742187,2.0503058433532715,0.029706863686442375,9.58987808227539
1700822946228717000,84.54071704101563,2.032949924468994,-0.01882832683622837,9.593599319458008
1700822946238853000,84.55085302734375,2.0125889778137207,-0.06637772172689438,9.59768009185791
1700822946248886000,84.56088598632813,1.995116114616394,-0.10459142923355103,9.600988388061523
1700822946258853000,84.57085302734374,1.9711837768554688,-0.132107213139534,9.605591773986816
1700822946268868000,84.5808681640625,1.9294214248657227,-0.14895138144493103,9.613819122314453
1700822946278853000,84.59085302734375,1.8615245819091797,-0.1644885540008545,9.626944541931152
1700822946288944000,84.60094409179688,1.7807883024215698,-0.184260293841362,9.64184856414795
1700822946299350000,84.61135009765626,1.690256953239441,-0.21289455890655518,9.657541275024414
1700822946308970000,84.62096997070313,1.5875427722930908,-0.25266456604003906,9.673999786376953
1700822946318857000,84.63085693359375,1.4741116762161255,-0.3028618395328522,9.690492630004883
1700822946328699000,84.64069897460938,1.3607537746429443,-0.3542749285697937,9.70531940460205
1700822946338941000,84.65094091796875,1.2551462650299072,-0.39337387681007385,9.718038558959961
1700822946348829000,84.66082885742188,1.154636263847351,-0.4130474328994751,9.72967529296875
1700822946358863000,84.67086303710937,1.0428253412246704,-0.4199775159358978,9.741997718811035
1700822946368954000,84.6809541015625,0.9112030267715454,-0.4184340834617615,9.755255699157715
1700822946378734000,84.69073413085937,0.7470926642417908,-0.4139709770679474,9.769383430480957
1700822946389181000,84.70118090820313,0.5909993052482605,-0.41645491123199463,9.779963493347168
1700822946398877000,84.710876953125,0.4498050808906555,-0.4194420874118805,9.787344932556152
1700822946409048000,84.72104809570313,0.3155319392681122,-0.4227072298526764,9.79245376586914
1700822946419230000,84.73122998046875,0.17814619839191437,-0.4294652044773102,9.795622825622559
1700822946429167000,84.7411669921875,0.025737959891557693,-0.43726038932800293,9.796862602233887
1700822946438962000,84.7509619140625,-0.13442513346672058,-0.4481462240219116,9.795482635498047
1700822946448782000,84.76078198242188,-0.2964429259300232,-0.4580366313457489,9.791460990905762
1700822946458881000,84.77088110351562,-0.46500587463378906,-0.4593585133552551,9.784842491149902
1700822946468795000,84.780794921875,-0.6392807960510254,-0.4541846215724945,9.775245666503906
1700822946478751000,84.7907509765625,-0.8291679620742798,-0.4478484094142914,9.76126766204834
1700822946488796000,84.8007958984375,-1.0233516693115234,-0.4418143928050995,9.743097305297852
1700822946499012000,84.81101220703125,-1.2252721786499023,-0.4395189583301544,9.71987247467041
1700822946508886000,84.82088598632812,-1.4386930465698242,-0.4445449709892273,9.690351486206055
1700822946518869000,84.83086889648438,-1.6884914636611938,-0.4606596529483795,9.649206161499023
1700822946528882000,84.8408818359375,-1.908870816230774,-0.4787672758102417,9.607151985168457
1700822946538765000,84.85076513671875,-2.1129496097564697,-0.49378979206085205,9.563578605651855
1700822946548927000,84.86092700195313,-2.32199764251709,-0.5063453316688538,9.514324188232422
1700822946559115000,84.87111499023437,-2.5154995918273926,-0.514927864074707,9.4645414352417
1700822946569083000,84.88108276367187,-2.696009874343872,-0.5189879536628723,9.414485931396484
1700822946579049000,84.89104907226563,-2.883680582046509,-0.5147849321365356,9.358942985534668
1700822946589047000,84.90104711914063,-3.072445869445801,-0.5086895227432251,9.299015045166016
1700822946599194000,84.91119409179687,-3.2600481510162354,-0.5030535459518433,9.235224723815918
1700822946609008000,84.92100805664063,-3.443300485610962,-0.5138672590255737,9.16788101196289
1700822946619153000,84.93115283203124,-3.6206865310668945,-0.5229880809783936,9.09876537322998
1700822946628873000,84.940873046875,-3.803302764892578,-0.5299585461616516,9.02354907989502
1700822946638691000,84.95069116210938,-3.9808716773986816,-0.5327475666999817,8.946464538574219
1700822946648945000,84.96094482421876,-4.121812343597412,-0.531246542930603,8.882502555847168
1700822946658747000,84.97074682617188,-4.252922534942627,-0.5308709740638733,8.820501327514648
1700822946668868000,84.9808681640625,-4.369359493255615,-0.5373056530952454,8.763014793395996
1700822946678783000,84.99078295898437,-4.490841865539551,-0.5486252307891846,8.700675964355469
1700822946688756000,85.000755859375,-4.62896203994751,-0.5623024702072144,8.62710189819336
1700822946698745000,85.0107451171875,-4.7492995262146,-0.5740732550621033,8.56066608428955
1700822946708896000,85.02089599609376,-4.862287998199463,-0.5841805338859558,8.496308326721191
1700822946718822000,85.03082177734375,-4.946984767913818,-0.5871890783309937,8.447066307067871
1700822946728845000,85.04084497070312,-5.005157470703125,-0.5860741138458252,8.412806510925293
1700822946738758000,85.0507578125,-5.038784027099609,-0.5858636498451233,8.39272403717041
1700822946748684000,85.06068408203124,-5.054242134094238,-0.5854220390319824,8.383454322814941
1700822946758766000,85.07076611328125,-5.068762302398682,-0.5835592150688171,8.374814987182617
1700822946768846000,85.08084619140625,-5.089331150054932,-0.5822142362594604,8.36242389678955
1700822946778857000,85.09085693359376,-5.103564739227295,-0.5826160907745361,8.353717803955078
1700822946788839000,85.1008388671875,-5.099730968475342,-0.5750453472137451,8.356581687927246
1700822946798731000,85.11073095703125,-5.063615798950195,-0.5537652373313904,8.379951477050781
1700822946808861000,85.12086083984374,-4.980898857116699,-0.5285352468490601,8.430996894836426
1700822946818887000,85.13088696289063,-4.853974342346191,-0.5069923996925354,8.506013870239258
1700822946828745000,85.14074487304687,-4.697116851806641,-0.49026307463645935,8.594598770141602
1700822946839027000,85.15102685546876,-4.531803131103516,-0.4795239269733429,8.683502197265625
1700822946848915000,85.1609150390625,-4.367190837860107,-0.47326603531837463,8.767786026000977
1700822946858678000,85.17067797851563,-4.1902899742126465,-0.4664405882358551,8.85405445098877
1700822946868938000,85.18093798828124,-3.983827590942383,-0.4547995328903198,8.94945240020752
1700822946878653000,85.19065283203125,-3.742980718612671,-0.4337865710258484,9.05385684967041
1700822946888825000,85.2008251953125,-3.46315598487854,-0.4031584858894348,9.165938377380371
1700822946898866000,85.21086596679687,-3.1658849716186523,-0.3708721399307251,9.27415657043457
1700822946908760000,85.22076000976563,-2.8550972938537598,-0.34237200021743774,9.375584602355957
1700822946918789000,85.2307890625,-2.547110080718994,-0.32410454750061035,9.464542388916016
1700822946928737000,85.24073706054688,-2.245727062225342,-0.31744304299354553,9.540772438049316
1700822946938892000,85.25089208984375,-1.95598304271698,-0.31728169322013855,9.60436725616455
1700822946948676000,85.26067602539062,-1.6779794692993164,-0.31396952271461487,9.656923294067383
1700822946958828000,85.270828125,-1.4219632148742676,-0.3051537573337555,9.698210716247559
1700822946968953000,85.280953125,-1.1774489879608154,-0.2863704264163971,9.731496810913086
1700822946978875000,85.290875,-0.9569263458251953,-0.2564718425273895,9.756481170654297
1700822946988926000,85.30092602539062,-0.7896648049354553,-0.22188276052474976,9.77228832244873
1700822946998793000,85.31079296875,-0.7555273175239563,-0.20052345097064972,9.775446891784668
1700822947008747000,85.3207470703125,-0.7691743969917297,-0.19047260284423828,9.77458381652832
1700822947018776000,85.33077612304687,-0.806834876537323,-0.1903226673603058,9.771549224853516
1700822947028743000,85.34074291992188,-0.8435194492340088,-0.19741906225681305,9.768311500549316
1700822947038732000,85.35073193359375,-0.8798945546150208,-0.20944881439208984,9.764852523803711
1700822947048756000,85.360755859375,-0.9340227246284485,-0.2269119918346405,9.759432792663574
1700822947058815000,85.37081494140625,-1.0245283842086792,-0.2503139078617096,9.749774932861328
1700822947068665000,85.3806650390625,-1.151502251625061,-0.27325931191444397,9.734975814819336
1700822947078811000,85.39081079101562,-1.3191055059432983,-0.2958104610443115,9.713025093078613
1700822947088799000,85.40079907226563,-1.5348577499389648,-0.3160425126552582,9.680636405944824
1700822947098692000,85.41069213867188,-1.7881685495376587,-0.33116206526756287,9.636552810668945
1700822947108916000,85.420916015625,-2.081263542175293,-0.34352001547813416,9.577094078063965
1700822947118660000,85.43066015625,-2.372126340866089,-0.35416093468666077,9.508834838867188
1700822947128797000,85.440796875,-2.6000261306762695,-0.36742550134658813,9.448558807373047
1700822947138736000,85.45073608398438,-2.7310259342193604,-0.38938453793525696,9.410645484924316
1700822947148678000,85.46067797851562,-2.781801700592041,-0.41615620255470276,9.39461612701416
1700822947158684000,85.47068383789062,-2.8226170539855957,-0.448883593082428,9.380924224853516
1700822947168833000,85.4808330078125,-2.8988819122314453,-0.4857964515686035,9.355792045593262
1700822947178854000,85.49085400390625,-3.0282280445098877,-0.5179857611656189,9.312997817993164
1700822947188707000,85.50070703125,-3.1825168132781982,-0.5470259785652161,9.259736061096191
1700822947198869000,85.51086889648437,-3.320814371109009,-0.5743032693862915,9.20938491821289
1700822947208785000,85.52078491210938,-3.431532144546509,-0.6036860346794128,9.166818618774414
1700822947218731000,85.53073095703125,-3.500941276550293,-0.6349331140518188,9.138416290283203
1700822947228908000,85.54090795898438,-3.5316615104675293,-0.6663309931755066,9.124349594116211
1700822947239063000,85.55106298828125,-3.5432519912719727,-0.6954019069671631,9.117684364318848
1700822947248887000,85.56088696289062,-3.555255651473999,-0.7199892401695251,9.111102104187012
1700822947258748000,85.57074780273437,-3.5648622512817383,-0.7479241490364075,9.105095863342285
1700822947268867000,85.5808671875,-3.5609238147735596,-0.7857622504234314,9.103449821472168
1700822947278912000,85.590912109375,-3.5367374420166016,-0.8243719935417175,9.109461784362793
1700822947288884000,85.60088403320313,-3.4959168434143066,-0.8498881459236145,9.122862815856934
1700822947298902000,85.61090209960938,-3.4556884765625,-0.8583464622497559,9.137389183044434
1700822947308785000,85.62078491210937,-3.4333384037017822,-0.8483002781867981,9.146747589111328
1700822947318761000,85.63076098632813,-3.3831145763397217,-0.8391153812408447,9.166285514831543
1700822947328907000,85.64090698242188,-3.2831759452819824,-0.8264835476875305,9.203699111938477
1700822947338878000,85.6508779296875,-3.1543424129486084,-0.8083990216255188,9.250243186950684
1700822947348756000,85.660755859375,-3.0238723754882812,-0.7837904095649719,9.295820236206055
1700822947358887000,85.67088696289062,-2.9103305339813232,-0.7483461499214172,9.334898948669434
1700822947368898000,85.68089794921875,-2.834918737411499,-0.699927568435669,9.361823081970215
1700822947378889000,85.69088891601562,-2.809913396835327,-0.6441358327865601,9.373359680175781
1700822947389032000,85.70103198242188,-2.8209574222564697,-0.5942787528038025,9.373336791992188
1700822947398752000,85.710751953125,-2.8020665645599365,-0.5610311627388,9.381048202514648
1700822947408880000,85.72088012695312,-2.696096658706665,-0.5434343814849854,9.4130859375
1700822947418872000,85.7308720703125,-2.5466151237487793,-0.5245934724807739,9.455683708190918
1700822947429433000,85.74143310546874,-2.3864502906799316,-0.4930579662322998,9.49906063079834
1700822947439122000,85.75112182617187,-2.220590829849243,-0.45527708530426025,9.541075706481934
1700822947448843000,85.76084301757813,-2.04891300201416,-0.4141419529914856,9.581275939941406
1700822947458828000,85.770828125,-1.8799606561660767,-0.3737029731273651,9.617509841918945
1700822947468769000,85.78076904296876,-1.723943829536438,-0.3370516896247864,9.648045539855957
1700822947478788000,85.7907880859375,-1.582021713256836,-0.30272331833839417,9.673465728759766
1700822947488851000,85.80085083007812,-1.4340463876724243,-0.26676732301712036,9.697564125061035
1700822947498704000,85.81070385742187,-1.2904539108276367,-0.23377689719200134,9.7185640335083
1700822947508740000,85.82073999023437,-1.1346429586410522,-0.19771482050418854,9.73878288269043
1700822947518670000,85.83067016601562,-0.9751073122024536,-0.15974487364292145,9.756742477416992
1700822947528745000,85.84074487304687,-0.8010188937187195,-0.12148264795541763,9.773127555847168
1700822947538675000,85.85067504882812,-0.6179194450378418,-0.08360767364501953,9.786806106567383
1700822947548782000,85.86078198242187,-0.4430658519268036,-0.04361088573932648,9.796539306640625
1700822947558784000,85.87078393554688,-0.28497225046157837,-0.0015425533056259155,9.802508354187012
1700822947568822000,85.88082202148438,-0.13913463056087494,0.0409139022231102,9.805577278137207
1700822947578766000,85.89076611328124,0.004816167987883091,0.08474983274936676,9.806282043457031
1700822947588780000,85.90078002929687,0.1396045833826065,0.12619243562221527,9.804845809936523
1700822947598980000,85.91097998046875,0.2717772424221039,0.16475480794906616,9.80150032043457
1700822947608847000,85.92084716796874,0.4039692282676697,0.19865532219409943,9.79631233215332
1700822947618858000,85.93085791015625,0.533531129360199,0.22336627542972565,9.78957748413086
1700822947628776000,85.94077587890625,0.6608479022979736,0.24830374121665955,9.781208038330078
1700822947638730000,85.95072998046875,0.7750453352928162,0.27588731050491333,9.772080421447754
1700822947649088000,85.961087890625,0.8777738809585571,0.3065250515937805,9.762476921081543
1700822947658725000,85.97072509765626,0.9706538319587708,0.3359542489051819,9.752710342407227
1700822947669055000,85.98105493164063,1.0536034107208252,0.36056116223335266,9.743217468261719
1700822947678916000,85.990916015625,1.1311203241348267,0.3786979913711548,9.733835220336914
1700822947689051000,86.00105078125,1.2052356004714966,0.3889671862125397,9.724530220031738
1700822947698970000,86.01097021484375,1.2770771980285645,0.3935472071170807,9.71517276763916
1700822947708854000,86.02085400390625,1.3431737422943115,0.3975953161716461,9.706089973449707
1700822947718790000,86.03078979492187,1.4014482498168945,0.40659868717193604,9.697474479675293
1700822947728857000,86.04085717773438,1.4328067302703857,0.41358110308647156,9.692594528198242
1700822947738869000,86.05086889648437,1.4422295093536377,0.4214937686920166,9.69085693359375
1700822947748933000,86.06093310546875,1.4513880014419556,0.4407087564468384,9.688633918762207
1700822947758898000,86.07089794921875,1.4565318822860718,0.46593087911605835,9.686680793762207
1700822947768919000,86.0809189453125,1.4514868259429932,0.4878387749195099,9.686361312866211
1700822947778902000,86.09090209960938,1.460736632347107,0.5141937136650085,9.68360710144043
1700822947788896000,86.10089599609375,1.4823311567306519,0.5312514901161194,9.679403305053711
1700822947798720000,86.11071997070313,1.5179872512817383,0.5379465818405151,9.673506736755371
1700822947808852000,86.12085205078125,1.560083270072937,0.5381678342819214,9.666793823242188
1700822947818774000,86.13077392578126,1.5892890691757202,0.532137930393219,9.662368774414062
1700822947828847000,86.14084716796874,1.6196571588516235,0.5322314500808716,9.657320976257324
1700822947838843000,86.1508427734375,1.653914451599121,0.539362907409668,9.651117324829102
1700822947849017000,86.16101708984375,1.6943175792694092,0.5517489314079285,9.64340591430664
1700822947858925000,86.17092504882812,1.7356305122375488,0.5675830245018005,9.63513469696045
1700822947869036000,86.1810361328125,1.7793337106704712,0.5834770798683167,9.62621021270752
1700822947879084000,86.191083984375,1.8276878595352173,0.6001271605491638,9.616121292114258
1700822947888936000,86.20093603515625,1.871360182762146,0.6172796487808228,9.606632232666016
1700822947898857000,86.21085693359375,1.9030401706695557,0.6341530680656433,9.5993070602417
1700822947908694000,86.22069409179687,1.9278340339660645,0.6498907208442688,9.593305587768555
1700822947918753000,86.2307529296875,1.9523619413375854,0.6637319326400757,9.587394714355469
1700822947929943000,86.24194311523438,1.9804043769836426,0.6799933314323425,9.580500602722168
1700822947938843000,86.2508427734375,2.008496046066284,0.6982502937316895,9.573336601257324
1700822947948811000,86.26081103515625,2.0376155376434326,0.7181158661842346,9.56571102142334
1700822947959656000,86.27165600585937,2.0703020095825195,0.7401487827301025,9.557010650634766
1700822947968901000,86.28090112304687,2.1028835773468018,0.7621946334838867,9.548158645629883
1700822947978764000,86.29076391601562,2.1328582763671875,0.7837886214256287,9.539758682250977
1700822947988712000,86.3007119140625,2.1599481105804443,0.8044877052307129,9.531936645507812
1700822947998826000,86.31082592773437,2.1849875450134277,0.825140655040741,9.52446174621582
1700822948008801000,86.32080102539062,2.2103357315063477,0.8473910689353943,9.516655921936035
1700822948018793000,86.33079296875,2.2323994636535645,0.8679957389831543,9.50964641571045
1700822948028805000,86.34080517578126,2.262594223022461,0.8423027992248535,9.5048189163208
1700822948038867000,86.35086694335938,2.295567750930786,0.7900444865226746,9.501399993896484
1700822948048703000,86.36070288085938,2.3199315071105957,0.751158595085144,9.498635292053223
1700822948058866000,86.37086596679687,2.332810878753662,0.7453609704971313,9.49593734741211
1700822948068695000,86.38069506835937,2.338083267211914,0.7491934299468994,9.494338989257812
1700822948078806000,86.39080590820312,2.3401265144348145,0.7507394552230835,9.493714332580566
1700822948088819000,86.40081884765625,2.3385679721832275,0.7502911686897278,9.494132041931152
1700822948098853000,86.41085302734375,2.3319571018218994,0.7477902770042419,9.495955467224121
1700822948108823000,86.42082299804687,2.318789005279541,0.7436632513999939,9.499504089355469
1700822948118832000,86.43083203125,2.3004369735717773,0.7390010952949524,9.504328727722168
1700822948128921000,86.44092114257812,2.2820825576782227,0.7343573570251465,9.509111404418945
1700822948138859000,86.45085888671875,2.2631313800811768,0.7306111454963684,9.51392936706543
1700822948148836000,86.46083618164063,2.242492198944092,0.7290253639221191,9.518935203552246
1700822948158861000,86.47086108398437,2.1921610832214355,0.7115575075149536,9.531973838806152
1700822948168692000,86.48069189453125,2.126155376434326,0.7066355347633362,9.547279357910156
1700822948178868000,86.49086791992187,2.087737798690796,0.7069701552391052,9.5557279586792
1700822948188947000,86.50094702148438,1.964411973953247,0.7347705960273743,9.579748153686523
1700822948198876000,86.5108759765625,1.9177961349487305,0.7309101223945618,9.589485168457031
1700822948208829000,86.52082885742188,1.8664581775665283,0.7255033254623413,9.600020408630371
1700822948218815000,86.53081494140625,1.8134765625,0.719912052154541,9.610589981079102
1700822948228790000,86.5407900390625,1.7594538927078247,0.7144003510475159,9.621036529541016
1700822948238831000,86.5508310546875,1.7049109935760498,0.7090043425559998,9.63124942779541
1700822948248855000,86.56085498046875,1.4780480861663818,0.7642629742622375,9.664453506469727
1700822948258852000,86.57085205078126,1.3054934740066528,0.8421879410743713,9.682809829711914
1700822948269004000,86.58100415039063,1.1992548704147339,0.9085428714752197,9.690547943115234
1700822948279122000,86.59112182617187,1.1105457544326782,0.9678323864936829,9.695378303527832
1700822948288895000,86.60089501953125,1.0371967554092407,0.9522408246994019,9.705042839050293
1700822948299121000,86.61112084960938,0.9696730375289917,0.9388439059257507,9.713326454162598
1700822948308879000,86.62087915039062,0.9087702035903931,0.9277195334434509,9.720281600952148
1700822948319021000,86.63102099609375,0.8524219989776611,0.9187901020050049,9.726232528686523
1700822948329204000,86.64120385742187,0.7955635190010071,0.9111682176589966,9.731765747070312
1700822948338916000,86.650916015625,0.7908835411071777,0.7865756154060364,9.743008613586426
1700822948349304000,86.66130395507813,0.7449360489845276,0.7186845541000366,9.751869201660156
1700822948359015000,86.67101489257813,0.6781652569770813,0.6935501098632812,9.758560180664062
1700822948368868000,86.6808681640625,0.6072223782539368,0.687534511089325,9.763656616210938
1700822948379602000,86.69160180664062,0.5511094331741333,0.6824068427085876,9.767343521118164
1700822948388968000,86.70096801757812,0.4974772334098816,0.6775590777397156,9.770559310913086
1700822948399017000,86.71101684570313,0.45906975865364075,0.6757070422172546,9.772567749023438
1700822948409014000,86.72101391601562,0.43445730209350586,0.6740654110908508,9.773804664611816
1700822948418955000,86.730955078125,0.42285218834877014,0.6737038493156433,9.77433967590332
1700822948428852000,86.74085205078126,0.42215633392333984,0.6704384088516235,9.774595260620117
1700822948438883000,86.75088305664063,0.43115562200546265,0.6627238988876343,9.774727821350098
1700822948448713000,86.760712890625,0.44698330760002136,0.6504045128822327,9.774845123291016
1700822948458837000,86.7708369140625,0.4642088711261749,0.6359066367149353,9.774995803833008
1700822948469003000,86.7810029296875,0.4797980785369873,0.6203870177268982,9.775239944458008
1700822948480080000,86.79207983398437,0.49238428473472595,0.6058744788169861,9.775525093078613
1700822948488954000,86.8009541015625,0.5079624056816101,0.5933844447135925,9.775492668151855
1700822948498812000,86.81081201171875,0.5312424302101135,0.5854650139808655,9.774733543395996
1700822948508786000,86.82078588867188,0.5593205094337463,0.5837792754173279,9.773266792297363
1700822948518809000,86.83080908203125,0.5834118723869324,0.5866074562072754,9.771689414978027
1700822948528899000,86.84089916992187,0.5994126200675964,0.5923165082931519,9.770376205444336
1700822948538679000,86.85067895507812,0.6106845140457153,0.599601686000824,9.769233703613281
1700822948548860000,86.86085986328125,0.6220996379852295,0.6064698100090027,9.768089294433594
1700822948558814000,86.87081396484375,0.6321852803230286,0.6149126291275024,9.766915321350098
1700822948568706000,86.8807060546875,0.6368520855903625,0.6222428679466248,9.76614761352539
1700822948578857000,86.89085693359375,0.6602668762207031,0.585694432258606,9.766851425170898
1700822948588753000,86.9007529296875,0.674393892288208,0.5592629313468933,9.767436027526855
1700822948598757000,86.91075708007813,0.6892924904823303,0.5398267507553101,9.76749038696289
1700822948608772000,86.92077221679688,0.7096472978591919,0.5234645009040833,9.766922950744629
1700822948618787000,86.930787109375,0.7351087927818298,0.5243757367134094,9.764989852905273
1700822948628836000,86.94083618164062,0.7590455412864685,0.5275686979293823,9.76298713684082
1700822948638939000,86.95093896484374,0.7775474190711975,0.5312199592590332,9.761332511901855
1700822948648945000,86.96094482421876,0.7860355377197266,0.5337657928466797,9.760515213012695
1700822948658863000,86.97086303710938,0.7891396284103394,0.5353329181671143,9.760177612304688
1700822948668920000,86.98092016601562,0.7943439483642578,0.5360627174377441,9.75971508026123
1700822948678847000,86.99084692382813,0.8059820532798767,0.5351093411445618,9.758814811706543
1700822948688964000,87.00096411132813,0.8228402733802795,0.5323296189308167,9.75755786895752
1700822948698892000,87.01089208984375,0.8393661379814148,0.5278469324111938,9.756393432617188
1700822948708863000,87.02086303710938,0.8561711311340332,0.520918607711792,9.7553071975708
1700822948718868000,87.03086791992187,0.8770338892936707,0.5130100250244141,9.753872871398926
1700822948728873000,87.040873046875,0.9055889844894409,0.506197452545166,9.751619338989258
1700822948738958000,87.0509580078125,0.9374638199806213,0.5018290281295776,9.748831748962402
1700822948748969000,87.06096899414062,0.9656106233596802,0.5004770159721375,9.74615478515625
1700822948758862000,87.07086206054687,0.9898042678833008,0.5018284320831299,9.743657112121582
1700822948769033000,87.08103295898438,1.0117796659469604,0.5044865012168884,9.741262435913086
1700822948780282000,87.0922822265625,1.0338526964187622,0.5072191953659058,9.738801956176758
1700822948788833000,87.1008330078125,1.0535340309143066,0.5101429224014282,9.736538887023926
1700822948798784000,87.11078393554688,1.0789955854415894,0.5121335387229919,9.733647346496582
1700822948808684000,87.12068408203125,1.1040481328964233,0.5155377984046936,9.730658531188965
1700822948818820000,87.13082006835937,1.1268781423568726,0.5204346179962158,9.727778434753418
1700822948829125000,87.141125,1.1480311155319214,0.5264589786529541,9.724982261657715
1700822948838850000,87.15085009765625,1.165210247039795,0.5324848294258118,9.722609519958496
1700822948848826000,87.160826171875,1.1759499311447144,0.5407336354255676,9.720861434936523
1700822948858892000,87.17089208984375,1.1769500970840454,0.5525862574577332,9.720074653625488
1700822948868856000,87.18085595703126,1.1741820573806763,0.5670286417007446,9.719575881958008
1700822948878903000,87.19090307617188,1.171417236328125,0.5817492008209229,9.719039916992188
1700822948888826000,87.200826171875,1.172463297843933,0.5944318771362305,9.718147277832031
1700822948898881000,87.21088110351562,1.1759394407272339,0.6053697466850281,9.717052459716797
1700822948908878000,87.22087817382813,1.1797232627868652,0.6159151196479797,9.71592903137207
1700822948918884000,87.23088403320313,1.185004711151123,0.6267565488815308,9.714594841003418
1700822948928866000,87.24086596679687,1.1926915645599365,0.6372714638710022,9.712969779968262
1700822948938748000,87.25074780273438,1.201084017753601,0.6462763547897339,9.71134090423584
1700822948949719000,87.26171899414062,1.2077207565307617,0.6538947224617004,9.710006713867188
1700822948959510000,87.27151000976562,1.2127189636230469,0.6612392067909241,9.70888614654541
1700822948968703000,87.28070288085938,1.2189478874206543,0.6712076663970947,9.70742130279541
1700822948978661000,87.2906611328125,1.2292311191558838,0.6842381358146667,9.705215454101562
1700822948988907000,87.30090698242188,1.2437351942062378,0.6981193423271179,9.70237922668457
1700822948998980000,87.31097998046874,1.255726933479309,0.7108169198036194,9.699911117553711
1700822949008749000,87.3207490234375,1.2587311267852783,0.7215422987937927,9.698729515075684
1700822949018905000,87.33090502929687,1.2549010515213013,0.7315823435783386,9.69847583770752
1700822949028702000,87.34070190429688,1.251499056816101,0.7438757419586182,9.697979927062988
1700822949038766000,87.35076611328125,1.2541519403457642,0.7587980031967163,9.696480751037598
1700822949048792000,87.3607919921875,1.2618378400802612,0.7746282815933228,9.694230079650879
1700822949058868000,87.37086791992188,1.2703423500061035,0.7920122742652893,9.691715240478516
1700822949068784000,87.3807841796875,1.2754387855529785,0.810232400894165,9.689538955688477
1700822949078786000,87.3907861328125,1.2779719829559326,0.8280830979347229,9.68769645690918
1700822949088899000,87.40089916992187,1.2774468660354614,0.8461512923240662,9.68620491027832
1700822949098691000,87.41069116210937,1.2748593091964722,0.8630854487419128,9.685051918029785
1700822949108793000,87.42079296875,1.2723833322525024,0.8782780766487122,9.684011459350586
1700822949118830000,87.430830078125,1.268920660018921,0.8908838629722595,9.68331241607666
1700822949128825000,87.4408251953125,1.265195369720459,0.900833010673523,9.682880401611328
1700822949138844000,87.45084399414063,1.2615206241607666,0.9094342589378357,9.68255615234375
1700822949148834000,87.460833984375,1.2588549852371216,0.9170277714729309,9.6821870803833
1700822949158772000,87.47077197265625,1.2569162845611572,0.9241934418678284,9.681756973266602
1700822949168683000,87.48068310546876,1.257734775543213,0.9311100840568542,9.680988311767578
1700822949178717000,87.49071704101563,1.2605922222137451,0.9397870302200317,9.679778099060059
1700822949188975000,87.50097509765625,1.2620229721069336,0.9445865154266357,9.67912483215332
1700822949198937000,87.51093701171875,1.2680033445358276,0.9507467746734619,9.677739143371582
1700822949208875000,87.520875,1.276637315750122,0.9576643109321594,9.675921440124512
1700822949218816000,87.53081591796875,1.2859746217727661,0.9652525782585144,9.673932075500488
1700822949228711000,87.5407109375,1.2945337295532227,0.9721867442131042,9.672094345092773
1700822949239011000,87.55101098632812,1.3018189668655396,0.9780609011650085,9.670526504516602
1700822949249020000,87.56102001953126,1.3058358430862427,0.9816679954528809,9.669618606567383
1700822949258848000,87.57084790039063,1.331733226776123,0.9773858189582825,9.666519165039062
1700822949269781000,87.58178100585937,1.3406344652175903,0.9677128195762634,9.66626262664795
1700822949279369000,87.59136889648437,1.3454526662826538,0.9541344046592712,9.666942596435547
1700822949288884000,87.60088403320313,1.3456013202667236,0.9414210319519043,9.668168067932129
1700822949298884000,87.61088403320312,1.3404121398925781,0.9327043294906616,9.669734001159668
1700822949308630000,87.62063012695313,1.3347972631454468,0.9260802865028381,9.671147346496582
1700822949318735000,87.63073510742187,1.3324922323226929,0.9239140152931213,9.671671867370605
1700822949328815000,87.64081518554687,1.3377881050109863,0.9263739585876465,9.670706748962402
1700822949338783000,87.65078295898438,1.3476393222808838,0.9312903881072998,9.668865203857422
1700822949348818000,87.66081787109376,1.35053288936615,0.9343535900115967,9.668166160583496
1700822949358659000,87.6706591796875,1.3491392135620117,0.9314873814582825,9.668638229370117
1700822949368713000,87.680712890625,1.3488490581512451,0.9274845719337463,9.669062614440918
1700822949378792000,87.6907919921875,1.3517436981201172,0.9240093231201172,9.668992042541504
1700822949388840000,87.70083984375,1.359009027481079,0.9217696785926819,9.66818618774414
1700822949398838000,87.71083813476562,1.3687366247177124,0.9201055765151978,9.666972160339355
1700822949408784000,87.72078393554688,1.3788259029388428,0.9189105033874512,9.665651321411133
1700822949418773000,87.73077294921875,1.3861933946609497,0.918717622756958,9.664617538452148
1700822949428812000,87.74081201171875,1.3902984857559204,0.919882595539093,9.66391658782959
1700822949438942000,87.75094189453125,1.3937221765518188,0.9212862849235535,9.663290023803711
1700822949448708000,87.7607080078125,1.3986400365829468,0.920875072479248,9.662617683410645
1700822949458736000,87.77073608398437,1.404868483543396,0.9175781011581421,9.662029266357422
1700822949468649000,87.78064892578125,1.4101306200027466,0.9115817546844482,9.661829948425293
1700822949479717000,87.79171704101563,1.411743402481079,0.9027785658836365,9.662420272827148
1700822949488833000,87.8008330078125,1.4052265882492065,0.8935004472732544,9.66423225402832
1700822949498750000,87.81075,1.3981890678405762,0.8815566301345825,9.666351318359375
1700822949508683000,87.82068310546875,1.3941274881362915,0.8706003427505493,9.667930603027344
1700822949518757000,87.83075708007813,1.393112063407898,0.8615537285804749,9.668886184692383
1700822949528787000,87.84078686523438,1.3919254541397095,0.8549255132675171,9.669645309448242
1700822949538772000,87.85077197265625,1.386622428894043,0.8496642708778381,9.670870780944824
1700822949548917000,87.8609169921875,1.3769763708114624,0.8449965715408325,9.672658920288086
1700822949558677000,87.87067700195313,1.3644298315048218,0.8393985629081726,9.674921989440918
1700822949568812000,87.88081201171875,1.3491817712783813,0.831820547580719,9.677715301513672
1700822949578717000,87.89071704101562,1.336801290512085,0.8232839107513428,9.680163383483887
1700822949588802000,87.90080200195312,1.3319456577301025,0.8146107792854309,9.681567192077637
1700822949598820000,87.91082006835937,1.3344085216522217,0.8080582618713379,9.68177604675293
1700822949608770000,87.92077001953125,1.3414926528930664,0.8047410845756531,9.681074142456055
1700822949618733000,87.93073315429687,1.3519868850708008,0.8057929277420044,9.679525375366211
1700822949628770000,87.94077001953124,1.3651707172393799,0.8119143843650818,9.677164077758789
1700822949638750000,87.95075,1.3786323070526123,0.8193512558937073,9.674629211425781
1700822949648764000,87.96076391601562,1.3921061754226685,0.8256635069847107,9.672162055969238
1700822949658655000,87.97065502929688,1.3985638618469238,0.8250558972358704,9.671282768249512
1700822949668848000,87.98084814453125,1.3984754085540771,0.8142358064651489,9.672212600708008
1700822949678724000,87.99072412109375,1.3936659097671509,0.7932935357093811,9.674646377563477
1700822949688863000,88.00086303710937,1.3830991983413696,0.7650450468063354,9.678437232971191
1700822949698704000,88.01070385742187,1.371469259262085,0.7363412380218506,9.682318687438965
1700822949708677000,88.02067700195313,1.3623156547546387,0.7135019302368164,9.685317993164062
1700822949718833000,88.0308330078125,1.3559917211532593,0.7001765966415405,9.687179565429688
1700822949728821000,88.04082104492187,1.3543983697891235,0.6956228613853455,9.687731742858887
1700822949738823000,88.05082299804687,1.3598755598068237,0.6995730400085449,9.686677932739258
1700822949748839000,88.0608388671875,1.3742717504501343,0.710102915763855,9.683880805969238
1700822949758667000,88.0706669921875,1.3962676525115967,0.7231310606002808,9.679767608642578
1700822949768878000,88.08087817382813,1.41568922996521,0.7321601510047913,9.676268577575684
1700822949778787000,88.090787109375,1.4229925870895386,0.7325637340545654,9.675166130065918
1700822949788771000,88.10077099609374,1.41765558719635,0.7136570811271667,9.677360534667969
1700822949798669000,88.1106689453125,1.417436957359314,0.6890498995780945,9.679177284240723
1700822949808795000,88.120794921875,1.428774356842041,0.6647083759307861,9.67921257019043
1700822949818813000,88.13081298828125,1.4472081661224365,0.6427770853042603,9.677955627441406
1700822949828811000,88.14081103515625,1.473049521446228,0.6268293261528015,9.675102233886719
1700822949838803000,88.15080297851563,1.5055735111236572,0.6175199151039124,9.670694351196289
1700822949848786000,88.16078588867188,1.5370556116104126,0.6154492497444153,9.665872573852539
1700822949858825000,88.17082495117188,1.5628979206085205,0.6192854642868042,9.661482810974121
1700822949868820000,88.18082006835938,1.5859450101852417,0.6269196271896362,9.657233238220215
1700822949878830000,88.190830078125,1.609929084777832,0.6338111162185669,9.652814865112305
1700822949888691000,88.20069091796876,1.6348758935928345,0.6355112195014954,9.648508071899414
1700822949898819000,88.21081909179688,1.6535776853561401,0.6312953233718872,9.645597457885742
1700822949908832000,88.22083203125,1.781396508216858,0.7117074131965637,9.61719799041748
1700822949919181000,88.23118115234375,1.897416591644287,0.761204719543457,9.591182708740234
1700822949928787000,88.24078686523437,2.0077717304229736,0.7847989797592163,9.56678295135498
1700822949938767000,88.25076708984375,2.105829954147339,0.8060121536254883,9.543909072875977
1700822949948766000,88.26076586914063,2.168285369873047,0.8447031378746033,9.52656364440918
1700822949959642000,88.27164208984375,2.2074978351593018,0.9108961224555969,9.511445999145508
1700822949968813000,88.28081298828126,2.225003957748413,0.9682886004447937,9.501692771911621
1700822949978942000,88.29094189453124,2.2422080039978027,0.9855416417121887,9.49587345123291
1700822949988719000,88.30071899414062,2.2555153369903564,1.0057581663131714,9.490601539611816
1700822949998881000,88.31088110351563,2.266706705093384,1.0214178562164307,9.486260414123535
1700822950009692000,88.32169189453126,2.2810893058776855,1.0290502309799194,9.481986999511719
1700822950019023000,88.33102319335937,2.298887014389038,1.0292471647262573,9.477666854858398
1700822950028874000,88.3408740234375,2.3147573471069336,1.0225871801376343,9.47452449798584
1700822950038945000,88.35094506835938,2.3316211700439453,1.0110021829605103,9.47163200378418
1700822950048928000,88.36092797851562,2.350066900253296,0.9956859946250916,9.468694686889648
1700822950058849000,88.37084912109376,2.368072271347046,0.9810384511947632,9.465738296508789
1700822950068888000,88.38088818359375,2.3876545429229736,0.972844660282135,9.461664199829102
1700822950078893000,88.39089306640625,2.4052059650421143,0.9700877666473389,9.457500457763672
1700822950088617000,88.40061694335938,2.415860652923584,0.9699121117591858,9.454801559448242
1700822950098692000,88.41069213867188,2.421936273574829,0.9711804986000061,9.453118324279785
1700822950108880000,88.4208798828125,2.4408507347106934,0.9732763171195984,9.44803524017334
1700822950118784000,88.43078393554687,2.4684619903564453,0.9517936706542969,9.443049430847168
1700822950128685000,88.44068505859374,2.5062785148620605,0.8918529748916626,9.438939094543457
1700822950138867000,88.45086694335937,2.536803960800171,0.8131716847419739,9.437891006469727
1700822950148811000,88.46081103515625,2.5390052795410156,0.7490633726119995,9.442602157592773
1700822950158937000,88.47093701171875,2.5237069129943848,0.6955199837684631,9.450797080993652
1700822950168802000,88.48080200195312,2.516467332839966,0.6775216460227966,9.454033851623535
1700822950178799000,88.49079907226563,2.514683246612549,0.6624456644058228,9.455575942993164
1700822950188755000,88.5007548828125,2.51735520362854,0.6528425812721252,9.455533981323242
1700822950198736000,88.51073583984375,2.5202574729919434,0.6491186022758484,9.45501708984375
1700822950208710000,88.5207099609375,2.478250026702881,0.6255085468292236,9.467704772949219
1700822950218712000,88.53071215820313,2.4373958110809326,0.6113397479057312,9.479228019714355
1700822950228680000,88.54067993164062,2.4329731464385986,0.6183683276176453,9.479907035827637
1700822950238653000,88.55065283203125,2.4274983406066895,0.6262523531913757,9.480792999267578
1700822950248805000,88.56080517578125,2.421060562133789,0.6322115659713745,9.482043266296387
1700822950258859000,88.57085888671875,2.4132730960845947,0.6353294253349304,9.483821868896484
1700822950268826000,88.580826171875,2.4188072681427,0.6085708737373352,9.484166145324707
1700822950278952000,88.59095190429687,2.4095005989074707,0.5748115181922913,9.488640785217285
1700822950288938000,88.60093798828125,2.393087387084961,0.5162304639816284,9.496159553527832
1700822950298875000,88.610875,2.373924970626831,0.42941609025001526,9.505287170410156
1700822950308877000,88.620876953125,2.35817813873291,0.3322264552116394,9.513097763061523
1700822950318947000,88.63094702148437,2.345646858215332,0.25137248635292053,9.51867389678955
1700822950328708000,88.6407080078125,2.339655637741089,0.2010314017534256,9.521344184875488
1700822950338765000,88.65076513671875,2.3413524627685547,0.16847996413707733,9.521559715270996
1700822950348855000,88.66085498046876,2.3446755409240723,0.15411533415317535,9.520984649658203
1700822950358782000,88.67078198242187,2.317547559738159,0.14721477031707764,9.527732849121094
1700822950368750000,88.68075,2.2902348041534424,0.14011837542057037,9.534441947937012
1700822950378793000,88.69079296875,2.2645034790039062,0.13285744190216064,9.540689468383789
1700822950388632000,88.70063208007812,2.2428414821624756,0.12681904435157776,9.545886993408203
1700822950398944000,88.71094409179688,2.2258520126342773,0.12323299795389175,9.549909591674805
1700822950408813000,88.72081298828125,2.2147605419158936,0.1210927739739418,9.55251693725586
1700822950419450000,88.7314501953125,2.2060861587524414,0.11837007105350494,9.554556846618652
1700822950428946000,88.74094580078125,2.1973750591278076,0.11489976197481155,9.556607246398926
1700822950438759000,88.75075903320312,2.1870479583740234,0.10931932926177979,9.559041976928711
1700822950449019000,88.76101879882812,2.1736183166503906,0.10630436986684799,9.562137603759766
1700822950458848000,88.77084790039062,2.1586837768554688,0.10493571311235428,9.565536499023438
1700822950468756000,88.780755859375,2.145815372467041,0.10523848980665207,9.568427085876465
1700822950478753000,88.7907529296875,2.1373095512390137,0.10761398822069168,9.570304870605469
1700822950488769000,88.80076904296875,2.134761333465576,0.11283288896083832,9.570812225341797
1700822950498873000,88.810873046875,2.1376631259918213,0.12100567668676376,9.570064544677734
1700822950508847000,88.82084716796875,2.140808582305908,0.13017740845680237,9.569241523742676
1700822950518793000,88.83079296875,2.136458158493042,0.13880933821201324,9.570093154907227
1700822950528809000,88.84080908203126,2.124039888381958,0.1458139568567276,9.572752952575684
1700822950538784000,88.85078393554687,2.109292984008789,0.14986760914325714,9.575949668884277
1700822950548806000,88.86080590820312,2.099134683609009,0.15338438749313354,9.578125953674316
1700822950560787000,88.87278686523437,2.093956708908081,0.16008944809436798,9.57914924621582
1700822950568848000,88.88084790039062,2.092841863632202,0.16596651077270508,9.579293251037598
1700822950578840000,88.89084008789062,2.090850353240967,0.1807432323694229,9.579462051391602
1700822950588774000,88.90077392578125,2.092691659927368,0.20271365344524384,9.578619003295898
1700822950598665000,88.9106650390625,2.097445487976074,0.23145167529582977,9.57692813873291
1700822950608809000,88.92080908203125,2.097048044204712,0.2658408582210541,9.57612133026123
1700822950618754000,88.93075415039063,2.0898799896240234,0.300553560256958,9.57666301727295
1700822950628869000,88.940869140625,2.0800974369049072,0.3332052528858185,9.577712059020996
1700822950638851000,88.95085107421875,2.072493314743042,0.3626759648323059,9.578289985656738
1700822950648724000,88.96072387695312,2.068737268447876,0.38926732540130615,9.578058242797852
1700822950658910000,88.97090991210938,2.0621631145477295,0.41199615597724915,9.578524589538574
1700822950668868000,88.9808681640625,2.044952392578125,0.4294877052307129,9.581445693969727
1700822950678702000,88.9907021484375,2.0162243843078613,0.4415513575077057,9.586984634399414
1700822950688846000,89.00084619140625,1.9820506572723389,0.45111003518104553,9.593663215637207
1700822950698900000,89.01089990234375,1.9517461061477661,0.45882368087768555,9.599509239196777
1700822950708939000,89.02093896484375,1.9285417795181274,0.4633718430995941,9.603979110717773
1700822950718838000,89.03083813476563,1.9037117958068848,0.45824939012527466,9.609177589416504
1700822950729199000,89.04119921875,1.8693536520004272,0.4505848288536072,9.61628246307373
1700822950738730000,89.05072998046874,1.831528902053833,0.43842241168022156,9.624120712280273
1700822950749035000,89.06103491210938,1.7904820442199707,0.4195496439933777,9.632680892944336
1700822950758925000,89.07092504882813,1.7500190734863281,0.39326632022857666,9.64122200012207
1700822950768712000,89.0807119140625,1.7134044170379639,0.35985037684440613,9.649101257324219
1700822950778849000,89.09084912109375,1.694911003112793,0.3422931134700775,9.65300464630127
1700822950788821000,89.10082104492187,1.6800884008407593,0.3262444734573364,9.656150817871094
1700822950798836000,89.1108359375,1.663234829902649,0.31306204199790955,9.659503936767578
1700822950809087000,89.1210869140625,1.6408315896987915,0.30241847038269043,9.663675308227539
1700822950818675000,89.13067504882812,1.6136492490768433,0.29375118017196655,9.66851806640625
1700822950828810000,89.14081005859374,1.584083914756775,0.2855357229709625,9.673652648925781
1700822950839037000,89.15103686523437,1.5498943328857422,0.27498745918273926,9.679494857788086
1700822950849053000,89.16105297851563,1.4515137672424316,0.22655484080314636,9.695988655090332
1700822950858883000,89.17088305664062,1.3993405103683472,0.1962035447359085,9.704315185546875
1700822950869065000,89.18106494140625,1.362260103225708,0.15715864300727844,9.71030044555664
1700822950878771000,89.19077099609375,1.3389657735824585,0.10820990800857544,9.71420955657959
1700822950888791000,89.200791015625,1.319850206375122,0.060680970549583435,9.71723747253418
1700822950898780000,89.21077978515625,1.3046181201934814,0.03324643522500992,9.719427108764648
1700822950908786000,89.22078588867187,1.2942627668380737,0.023198213428258896,9.720841407775879
1700822950918758000,89.2307578125,1.2870242595672607,0.01595247909426689,9.721816062927246
1700822950928719000,89.24071899414062,1.27249276638031,0.010054361075162888,9.723737716674805
1700822950938668000,89.25066796875,1.1582891941070557,0.13367430865764618,9.737090110778809
1700822950948811000,89.26081103515625,1.1106929779052734,0.16184914112091064,9.742205619812012
1700822950958856000,89.27085595703124,1.0935375690460205,0.1598389744758606,9.744179725646973
1700822950968922000,89.28092211914063,1.1194953918457031,0.1524418443441391,9.741348266601562
1700822950978838000,89.29083813476562,1.1870222091674805,0.14000087976455688,9.733539581298828
1700822950988787000,89.30078686523437,1.2745473384857178,0.13833090662956238,9.722489356994629
1700822950998844000,89.31084399414063,1.355239987373352,0.1602843850851059,9.711230278015137
1700822951009067000,89.32106689453126,1.40752112865448,0.1972615271806717,9.703112602233887
1700822951018705000,89.33070483398437,1.425890564918518,0.23110008239746094,9.699681282043457
1700822951028823000,89.34082299804687,1.433614730834961,0.2567252218723297,9.697897911071777
1700822951038776000,89.35077612304687,1.439431071281433,0.2545619308948517,9.697093963623047
1700822951048796000,89.3607958984375,1.449990153312683,0.24824294447898865,9.695685386657715
1700822951059362000,89.37136206054687,1.4635109901428223,0.24015870690345764,9.69385814666748
1700822951070439000,89.38243896484374,1.520086646080017,0.24006810784339905,9.685150146484375
1700822951078742000,89.39074194335937,1.5379793643951416,0.23179888725280762,9.682525634765625
1700822951092766000,89.40476586914062,1.563381314277649,0.22477059066295624,9.678622245788574
1700822951108945000,89.42094482421875,1.7686715126037598,0.2478419542312622,9.642654418945312
1700822951118696000,89.43069604492187,1.8103700876235962,0.24963176250457764,9.634867668151855
1700822951128677000,89.44067700195312,1.8438763618469238,0.24713234603405,9.628575325012207
1700822951138685000,89.45068481445313,1.8807188272476196,0.23816315829753876,9.621672630310059
1700822951148737000,89.46073706054688,1.9206980466842651,0.22021950781345367,9.614197731018066
1700822951158647000,89.47064697265625,1.957605004310608,0.1988806575536728,9.607216835021973
1700822951168765000,89.48076489257812,1.9952222108840942,0.18128040432929993,9.599823951721191
1700822951178768000,89.49076782226562,2.0342578887939453,0.17348141968250275,9.591772079467773
1700822951188692000,89.50069189453124,2.0729494094848633,0.1768348217010498,9.583423614501953
1700822951198888000,89.51088793945313,2.0969138145446777,0.17956103384494781,9.578158378601074
1700822951208673000,89.52067309570313,2.120509147644043,0.18517127633094788,9.572854995727539
1700822951218821000,89.53082104492188,2.1411027908325195,0.19448213279247284,9.568084716796875
1700822951229048000,89.54104809570312,2.1553213596343994,0.2061263918876648,9.564647674560547
1700822951238982000,89.55098193359375,2.165757656097412,0.21845775842666626,9.562016487121582
1700822951248743000,89.56074291992188,2.1819138526916504,0.22840748727321625,9.558110237121582
1700822951258661000,89.5706611328125,2.204561710357666,0.23207828402519226,9.552824020385742
1700822951268639000,89.58063891601563,2.2197887897491455,0.22569647431373596,9.549450874328613
1700822951278844000,89.59084399414063,2.222036600112915,0.20534692704677582,9.549386978149414
1700822951288873000,89.600873046875,2.217137336730957,0.16916297376155853,9.551234245300293
1700822951298684000,89.61068383789062,2.209977865219116,0.12296587228775024,9.553600311279297
1700822951308949000,89.62094897460938,2.1939101219177246,0.07144669443368912,9.55782699584961
1700822951318707000,89.63070703125,2.1692733764648438,0.028109658509492874,9.563673973083496
1700822951328759000,89.64075903320312,2.133082866668701,-0.011604220606386662,9.571845054626465
1700822951338923000,89.65092309570312,2.072984457015991,-0.04549567773938179,9.584939002990723
1700822951348823000,89.66082299804688,1.991213321685791,-0.08268675953149796,9.602011680603027
1700822951359238000,89.67123779296875,1.9145848751068115,-0.1157899871468544,9.617242813110352
1700822951368716000,89.68071606445312,1.825607180595398,-0.15579116344451904,9.633964538574219
1700822951378875000,89.690875,1.733607530593872,-0.1982864886522293,9.650166511535645
1700822951388892000,89.70089184570313,1.6448901891708374,-0.23652590811252594,9.664822578430176
1700822951398881000,89.71088110351562,1.5642238855361938,-0.26234307885169983,9.677539825439453
1700822951408914000,89.72091381835938,1.4876631498336792,-0.27579963207244873,9.689230918884277
1700822951418897000,89.73089697265625,1.4066922664642334,-0.2856982350349426,9.701029777526855
1700822951428712000,89.7407119140625,1.314085841178894,-0.29899463057518005,9.713606834411621
1700822951438719000,89.75071899414063,1.2097169160842896,-0.3162058889865875,9.726613998413086
1700822951456080000,89.76807983398437,1.079712152481079,-0.3377303183078766,9.741179466247559
1700822951468904000,89.78090405273437,0.7882903218269348,-0.3811740279197693,9.76748275756836
1700822951478764000,89.79076391601562,0.6691837310791016,-0.3959542512893677,9.775777816772461
1700822951488793000,89.80079296875,0.5476017594337463,-0.4060308337211609,9.782925605773926
1700822951498628000,89.81062817382812,0.42460429668426514,-0.41276365518569946,9.788755416870117
1700822951508740000,89.82073999023437,0.3000359535217285,-0.4131532311439514,9.79334831237793
1700822951518747000,89.83074682617188,0.17132249474525452,-0.4054229259490967,9.796768188476562
1700822951528894000,89.84089404296876,0.02549041621387005,-0.3949100077152252,9.798661231994629
1700822951538949000,89.85094921875,-0.12991467118263245,-0.38775634765625,9.798120498657227
1700822951548876000,89.8608759765625,-0.26808395981788635,-0.3828834593296051,9.795507431030273
1700822951558905000,89.87090502929688,-0.3808087110519409,-0.37513184547424316,9.792071342468262
1700822951568879000,89.88087915039063,-0.5148813724517822,-0.3638762831687927,9.786361694335938
1700822951581827000,89.8938271484375,-0.6784642338752747,-0.3554597496986389,9.776694297790527
1700822951598775000,89.91077514648437,-1.036674976348877,-0.35006576776504517,9.745416641235352
1700822951608749000,89.9207490234375,-1.2215373516082764,-0.3443155586719513,9.72418212890625
1700822951618799000,89.93079907226563,-1.4189354181289673,-0.33608078956604004,9.697632789611816
1700822951628742000,89.94074194335937,-1.6152719259262085,-0.32684066891670227,9.667186737060547
1700822951639204000,89.9512041015625,-1.8122245073318481,-0.31737902760505676,9.632523536682129
1700822951648833000,89.9608330078125,-1.9991716146469116,-0.3151736259460449,9.595541000366211
1700822951658841000,89.97084106445313,-2.1677772998809814,-0.3235667645931244,9.55858039855957
1700822951668795000,89.980794921875,-2.327948570251465,-0.34100598096847534,9.52022933959961
1700822951678768000,89.99076806640625,-2.471018075942993,-0.36354660987854004,9.483264923095703
1700822951688831000,90.0008310546875,-2.621586561203003,-0.38975510001182556,9.441703796386719
1700822951698778000,90.01077807617187,-2.7704017162323,-0.41389089822769165,9.39808464050293
1700822951708933000,90.02093310546876,-2.899919271469116,-0.43225452303886414,9.358099937438965
1700822951718860000,90.03086010742187,-3.034010887145996,-0.44523003697395325,9.314879417419434
1700822951728813000,90.04081298828125,-3.1662189960479736,-0.45205608010292053,9.2704439163208
1700822951738803000,90.05080297851562,-3.294172525405884,-0.45857030153274536,9.225430488586426
1700822951748827000,90.06082690429687,-3.409135103225708,-0.4745487868785858,9.182754516601562
1700822951758816000,90.07081591796874,-3.4920027256011963,-0.4971460998058319,9.15036392211914
1700822951768806000,90.08080590820313,-3.5696449279785156,-0.5220633745193481,9.118965148925781
1700822951778828000,90.090828125,-3.6480302810668945,-0.5493468046188354,9.086280822753906
1700822951788793000,90.10079296875,-3.7154293060302734,-0.5765244960784912,9.057241439819336
1700822951798824000,90.11082397460937,-3.772796630859375,-0.6000827550888062,9.031959533691406
1700822951808825000,90.1208251953125,-3.82922625541687,-0.6179813742637634,9.006972312927246
1700822951818845000,90.13084497070312,-3.887863874435425,-0.628311038017273,8.981098175048828
1700822951828828000,90.14082788085938,-3.9547741413116455,-0.6305080056190491,8.951682090759277
1700822951838815000,90.15081494140625,-4.027243614196777,-0.6318073868751526,8.919221878051758
1700822951848807000,90.16080688476562,-4.0927605628967285,-0.634280800819397,8.889175415039062
1700822951858843000,90.1708427734375,-4.147097110748291,-0.6335314512252808,8.864006996154785
1700822951868852000,90.18085205078125,-4.186752796173096,-0.6276213526725769,8.845766067504883
1700822951878741000,90.19074096679688,-4.2025651931762695,-0.6173290610313416,8.838993072509766
1700822951888785000,90.20078491210937,-4.1992621421813965,-0.6027791500091553,8.84156608581543
1700822951898707000,90.21070703125,-4.182560920715332,-0.585405707359314,8.850642204284668
1700822951908821000,90.22082104492188,-4.162764549255371,-0.5654422044754028,8.861268043518066
1700822951918830000,90.230830078125,-4.122467517852783,-0.5456690192222595,8.881324768066406
1700822951928792000,90.2407919921875,-4.069605827331543,-0.5308873653411865,8.906563758850098
1700822951938807000,90.25080712890625,-4.001774311065674,-0.5208578109741211,8.937837600708008
1700822951948822000,90.26082202148437,-3.9118199348449707,-0.5158388018608093,8.977861404418945
1700822951958767000,90.27076708984374,-3.80399489402771,-0.5193269848823547,9.02387523651123
1700822951968820000,90.28082006835938,-3.643079996109009,-0.506982147693634,9.090728759765625
1700822951978877000,90.290876953125,-3.436161994934082,-0.47773441672325134,9.17251205444336
1700822951988992000,90.30099194335938,-3.1919569969177246,-0.44196459650993347,9.262099266052246
1700822951998859000,90.31085888671875,-2.930279493331909,-0.4041586220264435,9.349894523620605
1700822952008940000,90.32093994140625,-2.6605842113494873,-0.370560884475708,9.431563377380371
1700822952018808000,90.33080810546875,-2.3968546390533447,-0.34786680340766907,9.5028657913208
1700822952028670000,90.340669921875,-2.1225504875183105,-0.3359083831310272,9.56829833984375
1700822952038822000,90.35082177734375,-1.8443915843963623,-0.3250567317008972,9.626160621643066
1700822952048702000,90.36070190429687,-1.5496982336044312,-0.303194135427475,9.678682327270508
1700822952058690000,90.37068994140625,-1.2264999151229858,-0.2672518789768219,9.725977897644043
1700822952068688000,90.38068798828125,-0.9361904263496399,-0.22765140235424042,9.759204864501953
1700822952078993000,90.39099291992187,-0.6741899251937866,-0.18787936866283417,9.781645774841309
1700822952088877000,90.400876953125,-0.43209612369537354,-0.14453911781311035,9.796060562133789
1700822952098871000,90.41087109375,-0.24376434087753296,-0.09703589230775833,9.803140640258789
1700822952108867000,90.4208671875,-0.1304924637079239,-0.05593523755669594,9.805622100830078
1700822952118933000,90.43093310546875,-0.06091887131333351,-0.026507191359996796,9.806425094604492
1700822952128974000,90.44097412109375,-0.009734042920172215,-0.010762801393866539,9.806640625
1700822952138844000,90.45084399414063,0.04776829853653908,0.001872515887953341,9.806534767150879
1700822952148859000,90.46085888671875,0.10441373288631439,0.015911562368273735,9.806082725524902
1700822952159078000,90.47107788085937,0.10836159437894821,0.02440875768661499,9.806020736694336
1700822952168673000,90.48067309570312,0.030719256028532982,0.015571370720863342,9.806589126586914
1700822952178833000,90.4908330078125,-0.08509527891874313,-0.012458499521017075,9.806275367736816
1700822952189429000,90.50142895507813,-0.19827304780483246,-0.05087853968143463,9.804513931274414
1700822952198668000,90.51066796875,-0.31966742873191833,-0.09536240994930267,9.800975799560547
1700822952209143000,90.52114306640625,-0.503348171710968,-0.1430690437555313,9.792677879333496
1700822952218717000,90.53071704101562,-0.7673971652984619,-0.1899701952934265,9.774733543395996
1700822952228751000,90.54075122070313,-1.0882740020751953,-0.23017653822898865,9.74336051940918
1700822952238881000,90.55088110351562,-1.3424068689346313,-0.2462611198425293,9.711214065551758
1700822952248760000,90.56076000976563,-1.5128742456436157,-0.2537801265716553,9.685928344726562
1700822952258841000,90.57084106445312,-1.6245979070663452,-0.2826312482357025,9.667016983032227
1700822952268785000,90.58078491210938,-1.6835192441940308,-0.3427984118461609,9.65498161315918
1700822952278709000,90.590708984375,-1.7708497047424316,-0.39611732959747314,9.637300491333008
1700822952288714000,90.6007138671875,-1.9618995189666748,-0.45645782351493835,9.597550392150879
1700822952298721000,90.61072094726562,-2.206254005432129,-0.5156441926956177,9.541327476501465
1700822952308830000,90.62082983398437,-2.412990093231201,-0.5593912601470947,9.488675117492676
1700822952318868000,90.63086791992187,-2.534238815307617,-0.5877589583396912,9.455293655395508
1700822952328792000,90.6407919921875,-2.5803089141845703,-0.6109659671783447,9.441350936889648
1700822952338946000,90.65094604492188,-2.597903251647949,-0.636530339717865,9.434836387634277
1700822952348822000,90.66082202148438,-2.62933611869812,-0.6674106121063232,9.42398738861084
1700822952358962000,90.6709619140625,-2.6836938858032227,-0.7061395645141602,9.405826568603516
1700822952368962000,90.68096215820313,-2.740774393081665,-0.7484066486358643,9.386077880859375
1700822952378897000,90.69089697265625,-2.7944724559783936,-0.7790668606758118,9.367730140686035
1700822952389025000,90.70102490234375,-2.842957019805908,-0.7938613891601562,9.351884841918945
1700822952398865000,90.71086499023437,-2.8622870445251465,-0.7922165393829346,9.346128463745117
1700822952408985000,90.72098510742188,-2.8365836143493652,-0.777826189994812,9.355167388916016
1700822952419224000,90.73122412109375,-2.787846326828003,-0.7542822360992432,9.371729850769043
1700822952429032000,90.74103198242187,-2.7543537616729736,-0.7215610146522522,9.384204864501953
1700822952438928000,90.75092797851562,-2.751879930496216,-0.6826353669166565,9.38784408569336
1700822952448661000,90.76066088867188,-2.7756264209747314,-0.6439306735992432,9.383584022521973
1700822952458893000,90.77089306640624,-2.8049888610839844,-0.6110016107559204,9.377053260803223
1700822952468820000,90.78082006835938,-2.800309658050537,-0.5770543217658997,9.380602836608887
1700822952479012000,90.79101220703124,-2.7497856616973877,-0.538999617099762,9.397794723510742
1700822952488786000,90.80078588867187,-2.662951946258545,-0.4930538535118103,9.425284385681152
1700822952498893000,90.81089306640625,-2.562145471572876,-0.44992929697036743,9.455336570739746
1700822952508893000,90.82089282226562,-2.4708456993103027,-0.4111948013305664,9.481362342834473
1700822952518677000,90.83067700195312,-2.396282911300659,-0.3779992163181305,9.501859664916992
1700822952528756000,90.840755859375,-2.3342933654785156,-0.3543541133403778,9.5181884765625
1700822952538671000,90.85067114257812,-2.274765968322754,-0.3390665352344513,9.5331449508667
1700822952548875000,90.860875,-2.192734718322754,-0.32544076442718506,9.552820205688477
1700822952558796000,90.87079614257813,-2.0834426879882812,-0.3116232454776764,9.577710151672363
1700822952568848000,90.88084790039062,-1.9636446237564087,-0.2939388155937195,9.603546142578125
1700822952578894000,90.89089404296875,-1.8485312461853027,-0.2695426344871521,9.627079010009766
1700822952588795000,90.900794921875,-1.7243895530700684,-0.23247985541820526,9.651053428649902
1700822952598752000,90.910751953125,-1.5891201496124268,-0.19317921996116638,9.675110816955566
1700822952608960000,90.9209599609375,-1.4328376054763794,-0.1521533876657486,9.700218200683594
1700822952618700000,90.93069995117187,-1.2590669393539429,-0.11151596158742905,9.72485065460205
1700822952628919000,90.9409189453125,-1.0860819816589355,-0.07433072477579117,9.746042251586914
1700822952638835000,90.9508349609375,-0.9176742434501648,-0.041483812034130096,9.763531684875488
1700822952648792000,90.9607919921875,-0.761071503162384,-0.014010990038514137,9.77706241607666
1700822952658976000,90.97097607421875,-0.6294763088226318,0.011108254082500935,9.786420822143555
1700822952668807000,90.98080688476563,-0.4978180229663849,0.04151800647377968,9.793919563293457
1700822952678784000,90.99078393554687,-0.37667059898376465,0.07147212326526642,9.799153327941895
1700822952689057000,91.00105712890625,-0.2430608719587326,0.10131313651800156,9.80311393737793
1700822952698847000,91.01084692382813,-0.09433364868164062,0.13064999878406525,9.805325508117676
1700822952708863000,91.02086303710938,0.04931260645389557,0.16028496623039246,9.805216789245605
1700822952718734000,91.03073413085937,0.18279315531253815,0.19042816758155823,9.803095817565918
1700822952728863000,91.04086303710938,0.3111114799976349,0.22035890817642212,9.799238204956055
1700822952738754000,91.05075415039063,0.4253738224506378,0.2448781430721283,9.794361114501953
1700822952748965000,91.06096508789062,0.5392918586730957,0.26498425006866455,9.788224220275879
1700822952758861000,91.07086108398437,0.6385086178779602,0.2815457880496979,9.781791687011719
1700822952768955000,91.08095483398438,0.7234048843383789,0.2968047261238098,9.775425910949707
1700822952778966000,91.09096606445313,0.799451470375061,0.3097837567329407,9.769100189208984
1700822952788831000,91.1008310546875,0.8655527234077454,0.3191054165363312,9.763164520263672
1700822952798913000,91.1109130859375,0.9286489486694336,0.32696372270584106,9.757104873657227
1700822952808975000,91.12097509765626,0.9951614141464233,0.3410378396511078,9.7500638961792
1700822952818698000,91.13069799804687,1.0688049793243408,0.3631269335746765,9.741467475891113
1700822952828826000,91.140826171875,1.1486387252807617,0.3867243528366089,9.73146915435791
1700822952838968000,91.15096801757812,1.2173984050750732,0.40399640798568726,9.72240161895752
1700822952848861000,91.16086083984375,1.2916250228881836,0.4201955497264862,9.712133407592773
1700822952858877000,91.170876953125,1.3591563701629639,0.4354083240032196,9.702242851257324
1700822952868993000,91.18099291992188,1.4208511114120483,0.448712021112442,9.692791938781738
1700822952878964000,91.1909638671875,1.4725244045257568,0.45772624015808105,9.684654235839844
1700822952889098000,91.20109790039062,1.5083470344543457,0.4553259015083313,9.679255485534668
1700822952898822000,91.21082177734375,1.506982445716858,0.45503538846969604,9.67948055267334
1700822952908832000,91.22083203125,1.4970707893371582,0.46047496795654297,9.680760383605957
1700822952918690000,91.23068994140625,1.4780253171920776,0.46748659014701843,9.683351516723633
1700822952928962000,91.24096215820313,1.4584934711456299,0.4772001802921295,9.685837745666504
1700822952938767000,91.25076708984375,1.450878620147705,0.4872928261756897,9.686480522155762
1700822952948975000,91.26097509765626,1.453688383102417,0.49956777691841125,9.685433387756348
1700822952958858000,91.27085791015625,1.4579875469207764,0.5131170153617859,9.684078216552734
1700822952968827000,91.28082690429687,1.4492615461349487,0.5274050235748291,9.684621810913086
1700822952978814000,91.29081396484375,1.4402490854263306,0.5419952869415283,9.685159683227539
1700822952988852000,91.30085205078124,1.6097058057785034,0.6772899031639099,9.649898529052734
1700822952998804000,91.31080395507813,1.7140671014785767,0.7285212278366089,9.628168106079102
1700822953008818000,91.32081787109375,1.792293667793274,0.7331564426422119,9.613560676574707
1700822953018843000,91.3308427734375,1.8643674850463867,0.7103601098060608,9.601558685302734
1700822953028954000,91.3409541015625,1.8857158422470093,0.7118971347808838,9.597274780273438
1700822953038862000,91.35086206054687,1.910352349281311,0.7132493853569031,9.592300415039062
1700822953048789000,91.3607890625,1.939786672592163,0.7154597640037537,9.586225509643555
1700822953058859000,91.37085888671875,1.9747329950332642,0.7214587330818176,9.578639030456543
1700822953069330000,91.38132983398438,2.01269268989563,0.7312853932380676,9.569989204406738
1700822953078725000,91.39072509765624,2.052522897720337,0.7432961463928223,9.560599327087402
1700822953089044000,91.4010439453125,2.094369649887085,0.7574623227119446,9.550406455993652
1700822953098929000,91.41092895507812,2.139000177383423,0.7731684446334839,9.539249420166016
1700822953108949000,91.42094897460937,2.182511568069458,0.7878127694129944,9.528189659118652
1700822953118805000,91.43080493164062,2.0705742835998535,0.6803417205810547,9.561393737792969
1700822953128796000,91.4407958984375,1.931412935256958,0.565873920917511,9.597908020019531
1700822953138814000,91.45081396484375,1.7905945777893066,0.47777679562568665,9.629947662353516
1700822953148807000,91.46080688476563,1.6730828285217285,0.4389873445034027,9.652899742126465
1700822953158752000,91.470751953125,1.6071912050247192,0.4529825448989868,9.663443565368652
1700822953168870000,91.48086987304687,1.5521923303604126,0.4815995693206787,9.671046257019043
1700822953178808000,91.49080810546874,1.5066653490066528,0.5026943683624268,9.677172660827637
1700822953189404000,91.50140380859375,1.5357842445373535,0.5127893686294556,9.672062873840332
1700822953198838000,91.51083813476562,1.5571882724761963,0.5258917212486267,9.667937278747559
1700822953209068000,91.52106811523437,1.5452430248260498,0.5361588597297668,9.669289588928223
1700822953218778000,91.53077807617187,1.5246961116790771,0.543028712272644,9.67216682434082
1700822953228792000,91.5407919921875,1.513930082321167,0.5495055317878723,9.673492431640625
1700822953238830000,91.550830078125,1.5200083255767822,0.5554205775260925,9.672202110290527
1700822953248753000,91.5607529296875,1.5368328094482422,0.5605237483978271,9.6692476272583
1700822953258911000,91.57091088867188,1.5580343008041382,0.5663394927978516,9.665514945983887
1700822953268857000,91.58085717773437,1.5759639739990234,0.5736681818962097,9.662175178527832
1700822953278785000,91.59078491210937,1.585892915725708,0.580176591873169,9.660161018371582
1700822953288910000,91.60091015625,1.5963579416275024,0.5869453549385071,9.658028602600098
1700822953298789000,91.6107890625,1.6141501665115356,0.596042811870575,9.65451431274414
1700822953308907000,91.62090698242187,1.6354299783706665,0.6070283055305481,9.650248527526855
1700822953318838000,91.63083813476563,1.7994524240493774,0.7413421273231506,9.61159610748291
1700822953328834000,91.640833984375,1.8293925523757935,0.7676058411598206,9.603879928588867
1700822953338879000,91.65087890625,1.8501968383789062,0.7770698666572571,9.599130630493164
1700822953348825000,91.6608251953125,1.8725948333740234,0.7850403785705566,9.594138145446777
1700822953358874000,91.6708740234375,1.8780171871185303,0.7841832041740417,9.593149185180664
1700822953368826000,91.680826171875,1.8465526103973389,0.7702028751373291,9.600386619567871
1700822953378745000,91.6907451171875,1.8205586671829224,0.7574053406715393,9.606367111206055
1700822953388796000,91.7007958984375,1.8179388046264648,0.7528709173202515,9.607220649719238
1700822953398824000,91.71082397460937,1.827329158782959,0.7507409453392029,9.605605125427246
1700822953408797000,91.720796875,1.8440297842025757,0.7603867053985596,9.601655006408691
1700822953418796000,91.73079614257813,1.859230875968933,0.7677823901176453,9.598133087158203
1700822953430590000,91.74258984375,1.8726749420166016,0.7727254033088684,9.595122337341309
1700822953438825000,91.75082495117188,1.883072018623352,0.7782222032546997,9.592643737792969
1700822953448821000,91.76082104492187,1.892099380493164,0.7800626158714294,9.590717315673828
1700822953458849000,91.77084912109375,1.9006340503692627,0.7790595293045044,9.589111328125
1700822953469807000,91.78180712890625,1.9092124700546265,0.7749436497688293,9.587739944458008
1700822953478816000,91.79081591796874,1.9192475080490112,0.7697285413742065,9.58615779876709
1700822953488781000,91.80078100585938,1.9301950931549072,0.7624421715736389,9.584540367126465
1700822953500561000,91.81256079101563,1.9374668598175049,0.749774694442749,9.584073066711426
1700822953508798000,91.8207978515625,1.938075304031372,0.7394123077392578,9.584754943847656
1700822953518890000,91.83088989257813,1.9289915561676025,0.724266767501831,9.587742805480957
1700822953528803000,91.84080297851563,1.9212013483047485,0.7107017636299133,9.590322494506836
1700822953538805000,91.85080493164062,1.91357421875,0.7006179094314575,9.592588424682617
1700822953548874000,91.8608740234375,1.902144432067871,0.6969345211982727,9.595131874084473
1700822953558890000,91.87088989257812,1.8997043371200562,0.6821054816246033,9.5966796875
1700822953568910000,91.88091015625,1.8886878490447998,0.6783186793327332,9.59912109375
1700822953578903000,91.89090307617188,1.8770301342010498,0.674555778503418,9.601673126220703
1700822953588887000,91.90088696289062,1.8686800003051758,0.6691182851791382,9.603681564331055
1700822953598900000,91.91089990234374,1.877543330192566,0.6561599969863892,9.6028470993042
1700822953608879000,91.92087915039062,1.9006518125534058,0.6333248019218445,9.599834442138672
1700822953621525000,91.93352490234375,1.9185502529144287,0.6022615432739258,9.598273277282715
1700822953638876000,91.9508759765625,1.9269390106201172,0.5846958160400391,9.597679138183594
1700822953648847000,91.96084716796875,1.9280253648757935,0.5836340188980103,9.597524642944336
1700822953658915000,91.9709150390625,1.9246301651000977,0.5842439532279968,9.598170280456543
1700822953668939000,91.98093896484374,1.9148937463760376,0.5886182188987732,9.599849700927734
1700822953678914000,91.9909140625,1.900495171546936,0.5965685844421387,9.602218627929688
1700822953688939000,92.00093896484375,1.8872791528701782,0.6044996976852417,9.604331016540527
1700822953698918000,92.01091796875,1.8809318542480469,0.6089180707931519,9.60529613494873
1700822953708928000,92.02092797851563,1.8797204494476318,0.6102408766746521,9.605449676513672
1700822953719124000,92.0311240234375,1.8781477212905884,0.6095449924468994,9.60580062866211
1700822953728884000,92.04088403320313,1.8784230947494507,0.6063976287841797,9.60594654083252
1700822953738903000,92.05090307617188,1.8805972337722778,0.6009878516197205,9.60586166381836
1700822953748879000,92.06087915039062,1.8823747634887695,0.595416247844696,9.605860710144043
1700822953758864000,92.07086376953124,1.8817142248153687,0.5919748544692993,9.606202125549316
1700822953768973000,92.08097314453126,1.8792747259140015,0.5911719799041748,9.606729507446289
1700822953778857000,92.09085693359376,1.874225378036499,0.5964329838752747,9.607390403747559
1700822953788807000,92.10080688476563,1.8672757148742676,0.6063087582588196,9.608124732971191
1700822953798719000,92.11071899414063,1.8590943813323975,0.6191717982292175,9.608891487121582
1700822953808833000,92.1208330078125,1.8517730236053467,0.631578266620636,9.6094970703125
1700822953818967000,92.13096704101562,1.8464211225509644,0.6429761648178101,9.609772682189941
1700822953828842000,92.14084204101563,1.8445699214935303,0.6532877087593079,9.609431266784668
1700822953838861000,92.15086108398438,1.844605565071106,0.6650561690330505,9.608616828918457
1700822953848880000,92.16088012695313,1.845410704612732,0.6801926493644714,9.607402801513672
1700822953858894000,92.17089404296875,1.841652512550354,0.6957406401634216,9.607010841369629
1700822953869006000,92.18100610351563,1.8266029357910156,0.7088894844055176,9.608922958374023
1700822953878889000,92.19088891601562,1.8002283573150635,0.7179521918296814,9.613226890563965
1700822953888891000,92.20089086914062,1.7693419456481934,0.7228013873100281,9.618595123291016
1700822953898894000,92.21089404296875,1.7441788911819458,0.7226090431213379,9.623205184936523
1700822953908887000,92.22088696289063,1.7243279218673706,0.7222656607627869,9.62680721282959
1700822953919113000,92.23111303710938,1.7106647491455078,0.7239031791687012,9.629121780395508
1700822953928860000,92.24085986328124,1.6991934776306152,0.728325366973877,9.630819320678711
1700822953938717000,92.25071704101562,1.6887346506118774,0.7312284111976624,9.632437705993652
1700822953948824000,92.26082397460938,1.672838807106018,0.7308566570281982,9.63524055480957
1700822953958861000,92.27086108398437,1.648146629333496,0.7289406061172485,9.639639854431152
1700822953968883000,92.28088305664062,1.6151418685913086,0.7274059653282166,9.645340919494629
1700822953978991000,92.2909912109375,1.569515585899353,0.7297589182853699,9.652693748474121
1700822953988854000,92.30085400390625,1.5252350568771362,0.7257421016693115,9.660090446472168
1700822953998860000,92.31086010742187,1.4830331802368164,0.723069965839386,9.666860580444336
1700822954008951000,92.32095092773437,1.448785424232483,0.7217799425125122,9.672147750854492
1700822954019014000,92.33101391601562,1.4189175367355347,0.7215805649757385,9.676589012145996
1700822954028849000,92.34084887695313,1.4125380516052246,0.719049334526062,9.677711486816406
1700822954038881000,92.35088110351562,1.413540244102478,0.7190437912940979,9.677566528320312
1700822954048809000,92.36080908203125,1.4106717109680176,0.7276391386985779,9.67734146118164
1700822954058799000,92.37079907226563,1.4103292226791382,0.7560513019561768,9.675213813781738
1700822954068982000,92.38098193359374,1.4165236949920654,0.8167980313301086,9.6693696975708
1700822954078850000,92.39085009765626,1.4183294773101807,0.8861638307571411,9.662994384765625
1700822954088708000,92.4007080078125,1.4049159288406372,0.9033560752868652,9.663360595703125
1700822954098873000,92.410873046875,1.3907862901687622,0.9016671180725098,9.66556453704834
1700822954109721000,92.42172119140625,1.3972002267837524,0.8911740779876709,9.665611267089844
1700822954118861000,92.43086108398437,1.4166324138641357,0.87743079662323,9.664039611816406
1700822954128853000,92.44085302734375,1.4037760496139526,0.8785414099693298,9.665815353393555
1700822954138869000,92.45086889648438,1.397472858428955,0.8815882205963135,9.666450500488281
1700822954148809000,92.46080908203125,1.3873103857040405,0.8846583962440491,9.667634963989258
1700822954158809000,92.47080908203125,1.3708090782165527,0.8880375027656555,9.669677734375
1700822954169035000,92.48103491210938,1.3511062860488892,0.8943141102790833,9.67187213897705
1700822954178941000,92.49094091796874,1.3285551071166992,0.9054799675941467,9.673957824707031
1700822954188825000,92.5008251953125,1.305877685546875,0.9210326075553894,9.675577163696289
1700822954198804000,92.51080395507813,1.2875334024429321,0.9354209303855896,9.676654815673828
1700822954208887000,92.52088696289063,1.2664850950241089,0.9491186141967773,9.678098678588867
1700822954218786000,92.5307861328125,1.2445427179336548,0.9602312445640564,9.679849624633789
1700822954228856000,92.54085595703125,1.2227199077606201,0.9684662818908691,9.68181037902832
1700822954238803000,92.55080297851562,1.201983094215393,0.974258303642273,9.683825492858887
1700822954248953000,92.560953125,1.1854214668273926,0.9780167937278748,9.685487747192383
1700822954264672000,92.57667211914062,1.1716861724853516,0.9799982905387878,9.686958312988281
1700822954278733000,92.59073315429687,1.1327651739120483,0.9848644733428955,9.691093444824219
1700822954288779000,92.60077905273438,1.1147478818893433,0.9877870678901672,9.69288444519043
1700822954298689000,92.61068896484375,1.0956748723983765,0.9910212159156799,9.69472885131836
1700822954308791000,92.620791015625,1.0749690532684326,0.9929702877998352,9.696847915649414
1700822954318623000,92.630623046875,1.0536024570465088,0.9918673038482666,9.69930648803711
1700822954328927000,92.64092700195313,1.0321227312088013,0.9872440695762634,9.702085494995117
1700822954339055000,92.65105517578125,1.0137968063354492,0.9810729622840881,9.704644203186035
1700822954348783000,92.660783203125,1.0001227855682373,0.9752207398414612,9.70665168762207
1700822954358783000,92.67078295898438,0.9896546006202698,0.970952570438385,9.708152770996094
1700822954368805000,92.68080517578124,0.9811723232269287,0.967278242111206,9.709380149841309
1700822954378893000,92.69089306640625,0.9773431420326233,0.962476372718811,9.710243225097656
1700822954388820000,92.70082006835938,0.9799261093139648,0.9567682147026062,9.71054744720459
1700822954398640000,92.71064013671875,0.9885787963867188,0.9589236378669739,9.709458351135254
1700822954408796000,92.7207958984375,1.0026516914367676,0.9598580002784729,9.707921981811523
1700822954418826000,92.73082592773437,1.0166033506393433,0.9577622413635254,9.70667839050293
1700822954428792000,92.7407919921875,1.0261644124984741,0.9509469866752625,9.706341743469238
1700822954438857000,92.75085693359375,1.0317401885986328,0.9400106072425842,9.706815719604492
1700822954448797000,92.760796875,1.038987636566162,0.9300453662872314,9.707001686096191
1700822954458850000,92.77085009765625,0.9296689033508301,0.7844046950340271,9.730920791625977
1700822954470638000,92.78263818359375,0.9134572148323059,0.6989256739616394,9.738966941833496
1700822954479057000,92.79105688476562,0.9276020526885986,0.6612973809242249,9.74025821685791
1700822954488918000,92.80091796875,0.9439002871513367,0.6178188920021057,9.741548538208008
1700822954498696000,92.81069604492187,0.9695268869400024,0.5823270082473755,9.741217613220215
1700822954508759000,92.82075903320313,1.004703402519226,0.5552765130996704,9.73923110961914
1700822954518822000,92.83082177734374,1.0420923233032227,0.5383204221725464,9.736255645751953
1700822954529091000,92.84109106445312,1.0738182067871094,0.5280752182006836,9.733366966247559
1700822954538800000,92.85080004882812,1.0992913246154785,0.5215604305267334,9.730874061584473
1700822954548707000,92.86070703125,1.1238614320755005,0.5148655772209167,9.728424072265625
1700822954558637000,92.87063696289063,1.153238296508789,0.5105792880058289,9.725212097167969
1700822954568788000,92.8807880859375,1.1948959827423096,0.509015679359436,9.720263481140137
1700822954578795000,92.890794921875,1.2440353631973267,0.5098854899406433,9.714051246643066
1700822954588781000,92.90078100585937,1.2978875637054443,0.5123629570007324,9.706872940063477
1700822954598745000,92.9107451171875,1.3526517152786255,0.5161351561546326,9.699193954467773
1700822954608746000,92.92074609375,1.402759075164795,0.5194099545478821,9.691898345947266
1700822954619527000,92.93152685546875,1.4456567764282227,0.5195814967155457,9.685583114624023
1700822954628865000,92.94086499023437,1.4809385538101196,0.5158069729804993,9.680451393127441
1700822954638836000,92.9508359375,1.5042119026184082,0.5103288292884827,9.677154541015625
1700822954648846000,92.96084619140625,1.5234838724136353,0.5034300088882446,9.674500465393066
1700822954658852000,92.97085205078125,1.5385493040084839,0.49695584177970886,9.67245101928711
1700822954668855000,92.98085498046875,1.5497552156448364,0.4915481507778168,9.670936584472656
1700822954678741000,92.99074096679688,1.5602484941482544,0.48692983388900757,9.669485092163086
1700822954688734000,93.00073388671875,1.5726724863052368,0.48340457677841187,9.667648315429688
1700822954698820000,93.01082006835938,1.58632230758667,0.48184099793434143,9.665494918823242
1700822954708793000,93.02079296875,1.5996882915496826,0.48336803913116455,9.663216590881348
1700822954718698000,93.03069799804688,1.6084595918655396,0.4890010952949524,9.661476135253906
1700822954728699000,93.04069897460937,1.496727705001831,0.6441539525985718,9.670329093933105
1700822954738896000,93.05089575195312,1.398300290107727,0.7570131421089172,9.676883697509766
1700822954748815000,93.06081518554687,1.320427656173706,0.8232289552688599,9.682413101196289
1700822954758856000,93.07085595703126,1.2538155317306519,0.8618497848510742,9.687908172607422
1700822954768949000,93.08094897460937,1.2115168571472168,0.8787135481834412,9.69177532196045
1700822954778833000,93.0908330078125,1.193137764930725,0.8835799694061279,9.693612098693848
1700822954788839000,93.1008388671875,1.1865005493164062,0.8842042088508606,9.69437026977539
1700822954798712000,93.11071215820313,1.1853253841400146,0.8836527466773987,9.694561958312988
1700822954808832000,93.12083203125,1.1905925273895264,0.8855834007263184,9.693741798400879
1700822954818851000,93.13085107421875,1.22227942943573,0.9024500846862793,9.688241958618164
1700822954828844000,93.14084399414062,1.230464220046997,0.9040607213973999,9.687055587768555
1700822954838835000,93.1508349609375,1.2376140356063843,0.9085951447486877,9.685718536376953
1700822954848828000,93.16082788085937,1.2435834407806396,0.9163710474967957,9.684223175048828
1700822954858838000,93.17083813476563,1.2491642236709595,0.9267910122871399,9.682511329650879
1700822954868846000,93.18084619140625,1.2572139501571655,0.9387623071670532,9.680316925048828
1700822954878839000,93.19083911132813,1.270099401473999,0.9518056511878967,9.677362442016602
1700822954888851000,93.20085083007812,1.2786433696746826,0.9637009501457214,9.67505931854248
1700822954898834000,93.210833984375,1.278760552406311,0.973635196685791,9.674049377441406
1700822954909006000,93.22100610351562,1.2741283178329468,0.9817086458206177,9.673844337463379
1700822954918888000,93.23088793945313,1.2710875272750854,0.988736629486084,9.673528671264648
1700822954928886000,93.24088598632812,1.274246096611023,0.9946390986442566,9.672507286071777
1700822954938969000,93.25096899414062,1.2847607135772705,0.9980947971343994,9.670758247375488
1700822954949194000,93.26119409179688,1.3027101755142212,1.0017086267471313,9.667983055114746
1700822954959156000,93.27115600585938,1.3227604627609253,1.0049588680267334,9.664922714233398
1700822954968736000,93.28073608398438,1.338572382926941,1.0056991577148438,9.66266918182373
1700822954978813000,93.29081298828125,1.3528904914855957,1.0038936138153076,9.66086196899414
1700822954988853000,93.30085302734375,1.3655664920806885,1.0008283853530884,9.65939712524414
1700822954998844000,93.31084399414063,1.3802485466003418,0.9985899329185486,9.657543182373047
1700822955008723000,93.32072290039062,1.396748661994934,0.9984528422355652,9.655183792114258
1700822955018776000,93.33077612304687,1.416654348373413,1.0005650520324707,9.652064323425293
1700822955028869000,93.340869140625,1.444467544555664,1.0083023309707642,9.647136688232422
1700822955038761000,93.35076098632813,1.4752671718597412,1.0225231647491455,9.640976905822754
1700822955048786000,93.36078588867187,1.5005571842193604,1.0384376049041748,9.635371208190918
1700822955059013000,93.37101318359375,1.515775442123413,1.0507938861846924,9.631649017333984
1700822955071080000,93.38307983398437,1.5190885066986084,1.0535436868667603,9.630826950073242
1700822955088852000,93.40085205078125,1.5156389474868774,1.0447367429733276,9.632328987121582
1700822955098614000,93.41061401367188,1.5116163492202759,1.0373892784118652,9.63375473022461
1700822955108765000,93.42076489257812,1.5059171915054321,1.030102014541626,9.635430335998535
1700822955118888000,93.43088793945313,1.499405026435852,1.0231459140777588,9.637187004089355
1700822955128790000,93.4407900390625,1.4952759742736816,1.017938494682312,9.638378143310547
1700822955138803000,93.45080297851563,1.473767876625061,0.9712722897529602,9.646502494812012
1700822955148750000,93.46075,1.4608070850372314,0.9150199294090271,9.653972625732422
1700822955158768000,93.47076806640625,1.45623779296875,0.8773559927940369,9.658157348632812
1700822955168790000,93.4807900390625,1.4550193548202515,0.8645303845405579,9.659499168395996
1700822955178878000,93.4908779296875,1.4517145156860352,0.8600529432296753,9.660394668579102
1700822955188810000,93.50081005859376,1.43196702003479,0.8728197813034058,9.66219711303711
1700822955198808000,93.51080810546875,1.4056068658828735,0.900091826915741,9.663565635681152
1700822955208770000,93.52077001953126,1.398664116859436,0.9183189868927002,9.662858963012695
1700822955218840000,93.53084008789062,1.4163401126861572,0.9275719523429871,9.659399032592773
1700822955228815000,93.54081518554688,1.4153276681900024,0.9264250993728638,9.659658432006836
1700822955238830000,93.550830078125,1.4188774824142456,0.9183076024055481,9.659911155700684
1700822955248796000,93.5607958984375,1.425460696220398,0.9025517702102661,9.66042709350586
1700822955258846000,93.57084594726562,1.4178885221481323,0.8915224671363831,9.662565231323242
1700822955268813000,93.58081298828125,1.4106866121292114,0.8788155317306519,9.664783477783203
1700822955278864000,93.59086376953125,1.4025970697402954,0.8666905164718628,9.667057037353516
1700822955288852000,93.60085205078126,1.3926397562026978,0.8588663935661316,9.669194221496582
1700822955298868000,93.61086791992187,1.3809590339660645,0.8571604490280151,9.6710205078125
1700822955308718000,93.62071801757813,1.3744497299194336,0.8559481501579285,9.672054290771484
1700822955319013000,93.63101318359375,1.3746052980422974,0.8594050407409668,9.671725273132324
1700822955328694000,93.64069409179687,1.3810086250305176,0.8647300004959106,9.67033863067627
1700822955340341000,93.65234106445313,1.414486289024353,0.8781322240829468,9.664291381835938
1700822955348797000,93.660796875,1.4277119636535645,0.8737328052520752,9.66274356842041
1700822955358672000,93.670671875,1.4416475296020508,0.8645192980766296,9.661503791809082
1700822955375913000,93.68791284179687,1.456341028213501,0.8549360632896423,9.660152435302734
1700822955388905000,93.70090502929688,1.3817873001098633,1.0099276304244995,9.656144142150879
1700822955399647000,93.71164697265625,1.3654849529266357,1.0071996450424194,9.658746719360352
1700822955408597000,93.72059692382813,1.3521066904067993,1.0126864910125732,9.660055160522461
1700822955418791000,93.730791015625,1.3497980833053589,1.0242042541503906,9.659163475036621
1700822955428784000,93.7407841796875,1.357558250427246,1.0380825996398926,9.656595230102539
1700822955438805000,93.75080493164063,1.3708479404449463,1.0474860668182373,9.653701782226562
1700822955448768000,93.76076806640626,1.3863176107406616,1.0511842966079712,9.65108871459961
1700822955458800000,93.77080004882812,1.400671124458313,1.0521280765533447,9.648913383483887
1700822955468803000,93.78080297851562,1.4107474088668823,1.0524792671203613,9.647407531738281
1700822955478915000,93.7909150390625,1.418904423713684,1.0521116256713867,9.64625072479248
1700822955488800000,93.80080004882812,1.423149824142456,1.0507564544677734,9.645773887634277
1700822955498942000,93.81094189453125,1.4259604215621948,1.0488911867141724,9.645561218261719
1700822955508813000,93.82081298828125,1.4327318668365479,1.0483520030975342,9.644617080688477
1700822955518885000,93.83088500976562,1.4446146488189697,1.0506260395050049,9.642596244812012
1700822955528774000,93.84077392578125,1.4611194133758545,1.0543100833892822,9.639708518981934
1700822955538897000,93.85089697265624,1.882361888885498,0.7790130972862244,9.592719078063965
1700822955548776000,93.86077587890625,2.070065975189209,0.6737696528434753,9.561969757080078
1700822955558823000,93.87082299804688,2.1368348598480225,0.6635986566543579,9.547983169555664
1700822955568878000,93.88087817382812,2.1774814128875732,0.6696805953979492,9.538371086120605
1700822955578836000,93.8908359375,2.2096283435821533,0.6765411496162415,9.530488967895508
1700822955588804000,93.90080419921875,2.2253572940826416,0.6719880104064941,9.527152061462402
1700822955598870000,93.9108701171875,2.244234085083008,0.6630173325538635,9.523351669311523
1700822955608843000,93.92084301757812,2.26802659034729,0.6471136808395386,9.518808364868164
1700822955618885000,93.93088500976563,2.293898344039917,0.6265367269515991,9.513983726501465
1700822955628836000,93.94083618164062,2.316540002822876,0.6093006730079651,9.509615898132324
1700822955638823000,93.95082299804687,2.3324358463287354,0.5989750623703003,9.506386756896973
1700822955648850000,93.96084985351563,2.340481996536255,0.5962052941322327,9.504582405090332
1700822955658736000,93.97073608398438,2.339078426361084,0.6008943319320679,9.504631996154785
1700822955668886000,93.98088598632812,2.334048271179199,0.6106465458869934,9.505248069763184
1700822955678843000,93.9908427734375,2.3333051204681396,0.6206719279289246,9.504779815673828
1700822955688857000,94.00085717773437,2.3444161415100098,0.6274819374084473,9.501598358154297
1700822955699019000,94.01101904296875,2.3611299991607666,0.6278054714202881,9.4974365234375
1700822955708866000,94.02086596679688,2.379362106323242,0.6219678521156311,9.493271827697754
1700822955718750000,94.03075,2.3930678367614746,0.6134557127952576,9.490379333496094
1700822955728776000,94.04077587890625,2.402669906616211,0.6038684248924255,9.488567352294922
1700822955739032000,94.05103198242188,2.404956817626953,0.5962857007980347,9.488468170166016
1700822955749249000,94.0612490234375,2.397815704345703,0.5935431122779846,9.490447044372559
1700822955759051000,94.07105102539063,2.3827965259552,0.5961117744445801,9.494068145751953
1700822955768908000,94.08090795898437,2.3694379329681396,0.6002551913261414,9.497149467468262
1700822955778712000,94.09071215820312,2.363159418106079,0.60310298204422,9.498533248901367
1700822955788940000,94.10093994140625,2.3634321689605713,0.606382429599762,9.49825668334961
1700822955798809000,94.11080908203125,2.3705081939697266,0.6104550957679749,9.496232986450195
1700822955808940000,94.12093994140625,2.3784327507019043,0.610111653804779,9.494271278381348
1700822955818999000,94.1309990234375,2.376305341720581,0.6024091243743896,9.4952974319458
1700822955829006000,94.14100610351562,2.361515522003174,0.5869780778884888,9.499951362609863
1700822955839072000,94.15107202148438,2.3271310329437256,0.5677490234375,9.509601593017578
1700822955848894000,94.16089404296875,2.3001551628112793,0.550065815448761,9.517200469970703
1700822955858881000,94.17088110351563,2.277259349822998,0.5348702669143677,9.523571014404297
1700822955869009000,94.1810087890625,2.260672092437744,0.5264049172401428,9.527993202209473
1700822955878831000,94.1908310546875,2.2489190101623535,0.5237029790878296,9.530922889709473
1700822955888996000,94.20099609375,2.2463512420654297,0.5257429480552673,9.531415939331055
1700822955898873000,94.210873046875,2.249511241912842,0.5303630232810974,9.530414581298828
1700822955909017000,94.22101708984376,2.250837564468384,0.5350549817085266,9.529838562011719
1700822955918913000,94.2309130859375,2.247908115386963,0.5376514196395874,9.530385971069336
1700822955928866000,94.24086596679687,2.240849256515503,0.5369312763214111,9.532086372375488
1700822955938785000,94.25078491210938,2.233823537826538,0.5509662628173828,9.532936096191406
1700822955948928000,94.26092797851562,2.2160210609436035,0.5457137227058411,9.537391662597656
1700822955958862000,94.27086206054688,2.1824147701263428,0.535079836845398,9.545741081237793
1700822955968881000,94.280880859375,2.149477243423462,0.5238105058670044,9.553834915161133
1700822955978879000,94.29087890625,2.1302366256713867,0.518570601940155,9.558428764343262
1700822955988997000,94.3009970703125,2.1151442527770996,0.527240514755249,9.56130599975586
1700822955998901000,94.31090087890625,2.108717918395996,0.563679575920105,9.560646057128906
1700822956009004000,94.32100415039062,2.1001713275909424,0.6296581029891968,9.55841064453125
1700822956019061000,94.33106103515625,2.1024205684661865,0.6998021602630615,9.5530366897583
1700822956028743000,94.34074291992188,2.091392993927002,0.7004822492599487,9.555407524108887
1700822956038759000,94.35075903320312,2.0878942012786865,0.7009814381599426,9.556136131286621
1700822956048695000,94.36069506835938,2.082655429840088,0.6949588656425476,9.557719230651855
1700822956058780000,94.37077978515624,2.0721099376678467,0.6849503517150879,9.560731887817383
1700822956068767000,94.38076708984374,2.0589418411254883,0.6754632592201233,9.564250946044922
1700822956078793000,94.39079296875,2.042950391769409,0.6664090156555176,9.568316459655762
1700822956088930000,94.40092993164062,2.0278000831604004,0.6598877906799316,9.571989059448242
1700822956098852000,94.41085205078124,2.0213141441345215,0.6589680910110474,9.573423385620117
1700822956108745000,94.42074487304687,2.0198416709899902,0.6660574674606323,9.57324504852295
1700822956118888000,94.43088793945313,2.014131784439087,0.6818450689315796,9.573335647583008
1700822956128866000,94.44086596679688,2.000636577606201,0.7022881507873535,9.574687957763672
1700822956138676000,94.45067602539062,1.9817498922348022,0.7217240929603577,9.577170372009277
1700822956148807000,94.46080688476563,1.9564614295959473,0.7352417707443237,9.581340789794922
1700822956158823000,94.47082299804687,1.9212778806686401,0.7393783926963806,9.588138580322266
1700822956168826000,94.480826171875,1.874709963798523,0.7357850670814514,9.597628593444824
1700822956178901000,94.49090087890625,1.8198668956756592,0.7273197174072266,9.608823776245117
1700822956189021000,94.50102099609374,1.770320177078247,0.7172966599464417,9.618828773498535
1700822956198704000,94.5107041015625,1.7407810688018799,0.7089131474494934,9.624838829040527
1700822956208689000,94.52068896484376,1.7303663492202759,0.7051607966423035,9.626993179321289
1700822956218782000,94.53078198242187,1.7365107536315918,0.7083502411842346,9.625651359558105
1700822956228810000,94.54081005859375,1.7477526664733887,0.7154948711395264,9.623088836669922
1700822956238811000,94.55081079101562,1.7557713985443115,0.722859799861908,9.621078491210938
1700822956248778000,94.56077807617187,1.7597975730895996,0.7276496887207031,9.619979858398438
1700822956258931000,94.57093090820312,1.7551593780517578,0.7270175218582153,9.62087631225586
1700822956268930000,94.58092993164063,1.7429440021514893,0.7207035422325134,9.62357234954834
1700822956278794000,94.5907939453125,1.7194386720657349,0.7069584727287292,9.628817558288574
1700822956288819000,94.60081884765626,1.6875168085098267,0.6907219290733337,9.635642051696777
1700822956298736000,94.61073608398438,1.645822286605835,0.6725775003433228,9.644134521484375
1700822956308842000,94.62084204101562,1.6027508974075317,0.6529638767242432,9.652730941772461
1700822956318848000,94.63084790039062,1.5684922933578491,0.636481523513794,9.65945816040039
1700822956328986000,94.64098608398437,1.53837251663208,0.6196601390838623,9.665390968322754
1700822956338700000,94.65069995117187,1.5063951015472412,0.5981228351593018,9.671784400939941
1700822956349133000,94.66113305664062,1.4797791242599487,0.5794178247451782,9.677031517028809
1700822956358713000,94.67071313476562,1.2815706729888916,0.4318085312843323,9.712956428527832
1700822956368826000,94.680826171875,1.1837900876998901,0.34147563576698303,9.728948593139648
1700822956378814000,94.69081396484376,1.173537254333496,0.333052396774292,9.73048210144043
1700822956388731000,94.70073095703125,1.1641560792922974,0.32684504985809326,9.731821060180664
1700822956399018000,94.71101806640625,1.1575523614883423,0.322702556848526,9.732744216918945
1700822956408666000,94.720666015625,1.1132187843322754,0.2778168320655823,9.739298820495605
1700822956418803000,94.73080297851563,1.1137992143630981,0.277982234954834,9.739228248596191
1700822956428771000,94.74077099609374,1.064746379852295,0.22273850440979004,9.746133804321289
1700822956438897000,94.75089697265625,1.0338517427444458,0.19802871346473694,9.749990463256836
1700822956448829000,94.76082885742187,0.9963558912277222,0.1825833022594452,9.754195213317871
1700822956458907000,94.77090698242188,0.9179536700248718,0.1520019918680191,9.762411117553711
1700822956468907000,94.78090698242187,0.8359487056732178,0.10545622557401657,9.770386695861816
1700822956478805000,94.79080493164062,0.7736375331878662,0.05227379500865936,9.775948524475098
1700822956488767000,94.80076708984375,0.7063269019126892,-0.01171411108225584,9.781174659729004
1700822956498789000,94.8107890625,0.6319599151611328,-0.073353111743927,9.785993576049805
1700822956508752000,94.820751953125,0.5920116901397705,-0.103604756295681,9.788217544555664
1700822956518758000,94.8307578125,0.5776885747909546,-0.11136720329523087,9.788986206054688
1700822956528733000,94.84073291015625,0.5747379064559937,-0.11079320311546326,9.789165496826172
1700822956538748000,94.85074780273438,0.5653417110443115,-0.10888649523258209,9.789735794067383
1700822956548792000,94.8607919921875,0.555073082447052,-0.1044660434126854,9.79037094116211
1700822956558648000,94.87064794921875,0.5463145971298218,-0.09873218089342117,9.790923118591309
1700822956568813000,94.88081298828125,0.5489122271537781,-0.09416443109512329,9.790823936462402
1700822956579143000,94.89114282226562,0.5641536712646484,-0.09420914947986603,9.789956092834473
1700822956588760000,94.90076000976562,0.590568482875824,-0.09812106192111969,9.788360595703125
1700822956598788000,94.9107880859375,0.626017689704895,-0.09993249177932739,9.786139488220215
1700822956608796000,94.9207958984375,0.6666489839553833,-0.10087708383798599,9.783445358276367
1700822956618830000,94.930830078125,0.7045215964317322,-0.09867577254772186,9.78081226348877
1700822956628945000,94.94094482421875,0.7400272488594055,-0.09516279399394989,9.778225898742676
1700822956638728000,94.95072802734374,0.7759019732475281,-0.09199585765600204,9.775474548339844
1700822956648816000,94.96081616210938,0.7981100082397461,-0.09932927042245865,9.773614883422852
1700822956658812000,94.97081201171875,1.0250929594039917,0.019186347723007202,9.752908706665039
1700822956668870000,94.98086987304687,1.059110164642334,0.01367313601076603,9.749281883239746
1700822956679000000,94.991,1.097414493560791,0.00862199068069458,9.745049476623535
1700822956688797000,95.000796875,1.1382759809494019,0.003022562712430954,9.740365982055664
1700822956698701000,95.010701171875,1.1693588495254517,-0.0017787001561373472,9.736681938171387
1700822956708697000,95.02069702148438,1.4025614261627197,0.11960048973560333,9.705097198486328
1700822956718849000,95.03084912109375,1.5951380729675293,0.19551467895507812,9.674073219299316
1700822956728903000,95.04090283203125,1.7545307874679565,0.23657120764255524,9.64552116394043
1700822956739022000,95.05102197265624,1.8880162239074707,0.26000526547431946,9.619677543640137
1700822956748871000,95.06087084960937,1.990112066268921,0.28142303228378296,9.598470687866211
1700822956758960000,95.07096020507812,2.065789222717285,0.31542643904685974,9.58141040802002
1700822956768856000,95.08085595703125,2.119645595550537,0.35289517045021057,9.568330764770508
1700822956778900000,95.09089990234375,2.1712582111358643,0.38337475061416626,9.555577278137207
1700822956788830000,95.10082983398438,2.2235186100006104,0.39979952573776245,9.542877197265625
1700822956798873000,95.110873046875,2.2597646713256836,0.3922548294067383,9.534673690795898
1700822956808718000,95.12071801757813,2.290287733078003,0.3794964551925659,9.527904510498047
1700822956818873000,95.130873046875,2.3099899291992188,0.35888564586639404,9.523946762084961
1700822956828781000,95.14078100585938,2.312080144882202,0.3310103714466095,9.52444839477539
1700822956838964000,95.1509638671875,2.293618679046631,0.2930678725242615,9.530153274536133
1700822956849616000,95.16161596679687,2.267777681350708,0.24531623721122742,9.537684440612793
1700822956858662000,95.17066186523438,2.248236656188965,0.1969219148159027,9.543429374694824
1700822956868756000,95.180755859375,2.2286860942840576,0.1559869796037674,9.548770904541016
1700822956878629000,95.19062915039062,2.201497793197632,0.13151860237121582,9.555442810058594
1700822956888758000,95.20075805664062,2.1641855239868164,0.11584844440221786,9.564166069030762
1700822956898663000,95.21066284179688,2.115516185760498,0.09898936748504639,9.575239181518555
1700822956908845000,95.22084497070313,2.0390701293945312,0.060720134526491165,9.592126846313477
1700822956918902000,95.23090209960938,1.9458365440368652,0.021270751953125,9.611641883850098
1700822956928757000,95.24075708007813,1.8402689695358276,-0.02321399562060833,9.632408142089844
1700822956938756000,95.25075610351563,1.7371593713760376,-0.0622793473303318,9.651363372802734
1700822956948882000,95.2608818359375,1.6327794790267944,-0.09521043300628662,9.669299125671387
1700822956958933000,95.27093310546876,1.5303490161895752,-0.12561754882335663,9.68569278717041
1700822956968787000,95.28078686523438,1.4194281101226807,-0.15555121004581451,9.70213508605957
1700822956978767000,95.29076708984375,1.2964844703674316,-0.18536095321178436,9.718804359436035
1700822956988781000,95.30078100585938,1.1535437107086182,-0.21521249413490295,9.736190795898438
1700822956999186000,95.31118603515625,0.9969111680984497,-0.24170243740081787,9.752853393554688
1700822957008738000,95.32073803710938,0.8384814858436584,-0.263910174369812,9.76717472076416
1700822957018811000,95.33081079101562,0.7024994492530823,-0.2775602340698242,9.777517318725586
1700822957028760000,95.34076000976563,0.5567983388900757,-0.2856421172618866,9.786664009094238
1700822957039208000,95.3512080078125,0.41659197211265564,-0.2922036647796631,9.793440818786621
1700822957049115000,95.36111499023437,0.27477848529815674,-0.3031383156776428,9.798113822937012
1700822957058782000,95.37078198242187,0.11927344650030136,-0.3117518424987793,9.8009672164917
1700822957068804000,95.38080419921874,-0.047173839062452316,-0.3110986351966858,9.801602363586426
1700822957078804000,95.39080395507813,-0.2095779925584793,-0.30495092272758484,9.799668312072754
1700822957088947000,95.40094702148437,-0.3600643277168274,-0.3018120229244232,9.795388221740723
1700822957098880000,95.4108798828125,-0.5225502848625183,-0.3059910833835602,9.78793716430664
1700822957109051000,95.42105078125,-0.704435408115387,-0.3168316185474396,9.77618408203125
1700822957118857000,95.43085693359374,-0.9057981967926025,-0.3325798213481903,9.759062767028809
1700822957128828000,95.44082788085937,-1.1222659349441528,-0.35747721791267395,9.735662460327148
1700822957138652000,95.45065185546875,-1.3306041955947876,-0.39334729313850403,9.707995414733887
1700822957148859000,95.46085888671875,-1.537034273147583,-0.4375394880771637,9.675561904907227
1700822957158790000,95.47078979492187,-1.7451751232147217,-0.48550039529800415,9.637897491455078
1700822957168659000,95.48065893554687,-1.9128915071487427,-0.5241042375564575,9.603988647460938
1700822957178811000,95.49081079101562,-2.077923536300659,-0.5579977631568909,9.567719459533691
1700822957188965000,95.50096508789062,-2.231283664703369,-0.5872530937194824,9.531364440917969
1700822957199558000,95.51155786132813,-2.382047414779663,-0.6166910529136658,9.492940902709961
1700822957208735000,95.52073486328125,-2.5219521522521973,-0.6503802537918091,9.45447826385498
1700822957218774000,95.53077392578125,-2.652311086654663,-0.6909700632095337,9.415850639343262
1700822957228759000,95.54075903320313,-2.7786972522735596,-0.7260086536407471,9.376680374145508
1700822957238773000,95.55077294921875,-2.8894968032836914,-0.7286015748977661,9.342930793762207
1700822957248759000,95.56075903320313,-2.985579490661621,-0.719753086566925,9.313361167907715
1700822957258832000,95.57083178710937,-3.0777804851531982,-0.7075415253639221,9.2842378616333
1700822957268877000,95.580876953125,-3.1827142238616943,-0.7036933302879333,9.249085426330566
1700822957278744000,95.590744140625,-3.304593324661255,-0.7124798893928528,9.205565452575684
1700822957289002000,95.601001953125,-3.421093225479126,-0.7332672476768494,9.161269187927246
1700822957298703000,95.610703125,-3.5454437732696533,-0.7661430835723877,9.111162185668945
1700822957308959000,95.620958984375,-3.668402671813965,-0.8042352199554443,9.059052467346191
1700822957318737000,95.63073681640626,-3.7898921966552734,-0.8377373814582825,9.00584888458252
1700822957329060000,95.64106005859375,-3.8971173763275146,-0.8573492765426636,8.958113670349121
1700822957338846000,95.65084594726562,-4.001559257507324,-0.8697124719619751,8.910755157470703
1700822957348864000,95.66086401367187,-4.093128681182861,-0.8762246370315552,8.868423461914062
1700822957358870000,95.6708701171875,-4.1753249168396,-0.8801941275596619,8.829628944396973
1700822957368863000,95.68086303710938,-4.242062091827393,-0.8846031427383423,8.79731559753418
1700822957378872000,95.6908720703125,-4.307901382446289,-0.8957409262657166,8.764130592346191
1700822957388823000,95.70082299804687,-4.365324020385742,-0.9179843068122864,8.733365058898926
1700822957398911000,95.71091088867188,-4.414179801940918,-0.9425961971282959,8.706144332885742
1700822957408963000,95.72096313476563,-4.4713287353515625,-0.973874568939209,8.67347526550293
1700822957419906000,95.73190600585937,-4.509991645812988,-0.9986188411712646,8.650615692138672
1700822957429134000,95.74113403320312,-4.535571575164795,-1.0153534412384033,8.635279655456543
1700822957438769000,95.75076879882812,-4.532289981842041,-1.01581871509552,8.636946678161621
1700822957448708000,95.7607080078125,-4.505238056182861,-1.0094921588897705,8.65182876586914
1700822957458743000,95.77074291992187,-4.463685035705566,-1.0035834312438965,8.674028396606445
1700822957468661000,95.78066088867187,-4.405063629150391,-0.99969083070755,8.704389572143555
1700822957479490000,95.79148999023438,-4.325038909912109,-0.9988020658493042,8.744531631469727
1700822957488674000,95.80067407226562,-4.235105037689209,-0.9944202303886414,8.788935661315918
1700822957498664000,95.81066381835937,-4.139793395996094,-0.9817320108413696,8.835649490356445
1700822957508721000,95.82072094726563,-4.016551971435547,-0.959739089012146,8.894752502441406
1700822957518647000,95.83064697265625,-3.8322396278381348,-0.9222402572631836,8.979632377624512
1700822957529350000,95.84134985351562,-3.5772483348846436,-0.8670564293861389,9.08966064453125
1700822957538640000,95.85063989257813,-3.2648251056671143,-0.7978299856185913,9.212750434875488
1700822957548864000,95.86086401367187,-2.95112681388855,-0.7284873127937317,9.323655128479004
1700822957558788000,95.8707880859375,-2.6373698711395264,-0.6674649715423584,9.421737670898438
1700822957568766000,95.88076586914063,-2.322700023651123,-0.6146537065505981,9.507767677307129
1700822957578823000,95.89082299804687,-2.0020265579223633,-0.5646349787712097,9.583499908447266
1700822957588753000,95.9007529296875,-1.6652392148971558,-0.5145713090896606,9.650522232055664
1700822957598776000,95.91077612304687,-1.3225313425064087,-0.46817252039909363,9.705778121948242
1700822957609005000,95.92100512695312,-0.9734194874763489,-0.4210027754306793,9.74913215637207
1700822957618767000,95.93076708984376,-0.6408791542053223,-0.3725722134113312,9.778592109680176
1700822957628711000,95.9407109375,-0.340330570936203,-0.32286155223846436,9.79542350769043
1700822957638669000,95.9506689453125,-0.070585697889328,-0.27340835332870483,9.80258560180664
1700822957648851000,95.96085083007813,0.14678455889225006,-0.22511866688728333,9.802966117858887
1700822957658690000,95.97068994140625,0.2939256727695465,-0.17690321803092957,9.80064868927002
1700822957668729000,95.98072900390625,0.37689825892448425,-0.12708646059036255,9.79858112335205
1700822957678797000,95.99079711914062,0.40070730447769165,-0.08289835602045059,9.798110008239746
1700822957688750000,96.00075,0.3969736695289612,-0.03551993519067764,9.798547744750977
1700822957698788000,96.0107880859375,0.3842410147190094,0.005494505632668734,9.799118995666504
1700822957708764000,96.02076391601562,0.361308753490448,0.03182283416390419,9.79994010925293
1700822957718789000,96.0307890625,0.32193711400032043,0.03608663007616997,9.801297187805176
1700822957728812000,96.04081201171876,0.24720658361911774,0.017202479764819145,9.803518295288086
1700822957738843000,96.0508427734375,0.1278112679719925,-0.02355097234249115,9.805788040161133
1700822957748831000,96.0608310546875,-0.020419396460056305,-0.07331541180610657,9.806355476379395
1700822957758841000,96.07084106445312,-0.21547026932239532,-0.12040741741657257,9.803544998168945
1700822957768874000,96.0808740234375,-0.4610399007797241,-0.15652765333652496,9.794557571411133
1700822957778945000,96.09094506835937,-0.7306386232376099,-0.17778408527374268,9.777778625488281
1700822957788944000,96.10094384765625,-1.0003043413162231,-0.1885012984275818,9.753677368164062
1700822957798755000,96.11075512695312,-1.2360907793045044,-0.19109131395816803,9.72655963897705
1700822957808821000,96.12082104492187,-1.4145859479904175,-0.19024872779846191,9.702223777770996
1700822957818852000,96.13085205078124,-1.543070912361145,-0.19625352323055267,9.682498931884766
1700822957828762000,96.14076220703124,-1.6447747945785522,-0.21584084630012512,9.665327072143555
1700822957838925000,96.15092504882813,-1.7577862739562988,-0.24986235797405243,9.644591331481934
1700822957848832000,96.16083203125,-1.879347801208496,-0.27810966968536377,9.620867729187012
1700822957858882000,96.17088208007813,-1.981332540512085,-0.3018108606338501,9.599666595458984
1700822957868833000,96.1808330078125,-2.068971872329712,-0.324388325214386,9.580426216125488
1700822957878971000,96.19097094726563,-2.1327590942382812,-0.34128275513648987,9.565839767456055
1700822957888989000,96.20098901367187,-2.1785337924957275,-0.35684916377067566,9.554947853088379
1700822957898997000,96.2109970703125,-2.2267096042633057,-0.37803778052330017,9.543021202087402
1700822957908870000,96.22086987304688,-2.2810425758361816,-0.39974284172058105,9.529293060302734
1700822957918867000,96.23086694335937,-2.3388290405273438,-0.429874062538147,9.513962745666504
1700822957929235000,96.24123486328125,-2.4015958309173584,-0.4677671492099762,9.496522903442383
1700822957938906000,96.25090600585938,-2.4811899662017822,-0.5066971778869629,9.474034309387207
1700822957949036000,96.2610361328125,-2.542705535888672,-0.534367024898529,9.456188201904297
1700822957959067000,96.27106689453124,-2.548893690109253,-0.5498398542404175,9.453634262084961
1700822957968913000,96.28091284179688,-2.511948347091675,-0.5562915205955505,9.463141441345215
1700822957978895000,96.29089501953125,-2.4678101539611816,-0.5545672178268433,9.474848747253418
1700822957988894000,96.30089404296875,-2.439695119857788,-0.5449053645133972,9.482686042785645
1700822957998904000,96.31090405273437,-2.441744565963745,-0.5339531302452087,9.482783317565918
1700822958008926000,96.32092602539062,-2.472302198410034,-0.5300889015197754,9.475081443786621
1700822958018890000,96.33088989257813,-2.5097546577453613,-0.5355740189552307,9.464920043945312
1700822958029210000,96.34121020507813,-2.5178582668304443,-0.5443804264068604,9.462265014648438
1700822958038909000,96.35090893554687,-2.483293056488037,-0.550709068775177,9.471028327941895
1700822958049051000,96.36105078125,-2.4380829334259033,-0.5490487217903137,9.48286247253418
1700822958059109000,96.37110913085938,-2.4288489818573,-0.5350269079208374,9.486032485961914
1700822958068752000,96.380751953125,-2.4702632427215576,-0.5136240720748901,9.476517677307129
1700822958079275000,96.39127490234375,-2.490652561187744,-0.5017232298851013,9.471818923950195
1700822958088922000,96.40092211914063,-2.411313056945801,-0.4995376765727997,9.492443084716797
1700822958098942000,96.41094189453125,-2.2847750186920166,-0.49622371792793274,9.523860931396484
1700822958108941000,96.42094116210937,-2.165360689163208,-0.48940324783325195,9.55207347869873
1700822958118941000,96.43094091796875,-2.080435276031494,-0.4787023961544037,9.571467399597168
1700822958129043000,96.44104296875,-2.030222177505493,-0.4663456082344055,9.582856178283691
1700822958138901000,96.45090087890625,-1.9989254474639893,-0.4541440010070801,9.590017318725586
1700822958148835000,96.4608349609375,-1.9435776472091675,-0.4439017176628113,9.6018648147583
1700822958158990000,96.47098999023437,-1.8487656116485596,-0.4267585575580597,9.621346473693848
1700822958168915000,96.4809150390625,-1.7389415502548218,-0.41394466161727905,9.642361640930176
1700822958179339000,96.49133911132813,-1.620589256286621,-0.401528537273407,9.663480758666992
1700822958188878000,96.50087817382813,-1.496433973312378,-0.3858470022678375,9.684122085571289
1700822958198792000,96.5107919921875,-1.3581207990646362,-0.3659726679325104,9.705254554748535
1700822958208697000,96.52069702148438,-1.2483943700790405,-0.34960195422172546,9.720580101013184
1700822958218840000,96.53084008789062,-1.1409800052642822,-0.3339826762676239,9.734321594238281
1700822958228875000,96.540875,-1.046806812286377,-0.3207750916481018,9.745343208312988
1700822958238872000,96.5508720703125,-0.9550403952598572,-0.30753976106643677,9.755188941955566
1700822958248854000,96.56085400390624,-0.8595473170280457,-0.29348230361938477,9.764498710632324
1700822958258918000,96.57091796875,-0.7619172930717468,-0.2766396105289459,9.77309513092041
1700822958268872000,96.58087182617187,-0.667397141456604,-0.25361791253089905,9.78062629699707
1700822958279283000,96.59128295898438,-0.5714151859283447,-0.2244926542043686,9.78741455078125
1700822958288999000,96.6009990234375,-0.47361674904823303,-0.19369594752788544,9.793292999267578
1700822958298908000,96.61090795898437,-0.3748793303966522,-0.16244418919086456,9.798136711120605
1700822958308966000,96.6209658203125,-0.273087739944458,-0.13168781995773315,9.80196475982666
1700822958318791000,96.630791015625,-0.17104162275791168,-0.1033446416258812,9.804615020751953
1700822958328824000,96.64082397460938,-0.07631926983594894,-0.08005699515342712,9.80602741241455
1700822958338724000,96.65072412109375,0.01329407375305891,-0.05986293405294418,9.8064603805542
1700822958348861000,96.66086083984375,0.0891217589378357,-0.040888477116823196,9.806159019470215
1700822958358866000,96.67086596679688,0.1576797515153885,-0.018633682280778885,9.805365562438965
1700822958368870000,96.68086987304687,0.2163756936788559,0.005496843717992306,9.8042631149292
1700822958378905000,96.69090502929687,0.27052053809165955,0.02930617518723011,9.802874565124512
1700822958388858000,96.70085815429688,0.32459554076194763,0.05020838603377342,9.801148414611816
1700822958398855000,96.71085498046875,0.3808116316795349,0.06740209460258484,9.79902172088623
1700822958408839000,96.7208388671875,0.4396227300167084,0.08219225704669952,9.796446800231934
1700822958418859000,96.73085888671875,0.5022977590560913,0.09999386966228485,9.793269157409668
1700822958428945000,96.74094482421874,0.5676990747451782,0.1227685958147049,9.789435386657715
1700822958438917000,96.75091723632812,0.6324059367179871,0.14642244577407837,9.78514289855957
1700822958448863000,96.76086303710937,0.6923062801361084,0.1682724505662918,9.78073501586914
1700822958458850000,96.77085009765625,0.7468903660774231,0.18814854323863983,9.776357650756836
1700822958468847000,96.78084716796874,0.7940230369567871,0.2062353938817978,9.772275924682617
1700822958478754000,96.79075415039063,0.8235670924186707,0.22194325923919678,9.769486427307129
1700822958488712000,96.8007119140625,0.8480696678161621,0.2368006408214569,9.76704216003418
1700822958498888000,96.81088793945312,0.8692255616188049,0.25081923604011536,9.764830589294434
1700822958511180000,96.82317993164062,0.8897873163223267,0.26549044251441956,9.762590408325195
1700822958519329000,96.8313291015625,0.9085320234298706,0.2799389362335205,9.76046085357666
1700822958528652000,96.84065209960937,0.9242100715637207,0.2938844561576843,9.75857925415039
1700822958538764000,96.85076391601562,0.9331254959106445,0.30616408586502075,9.757352828979492
1700822958548654000,96.86065405273438,0.9363617300987244,0.31518033146858215,9.756755828857422
1700822958558871000,96.87087109375,0.9334422945976257,0.3213178217411041,9.7568359375
1700822958568812000,96.88081201171875,0.9253501892089844,0.3265501856803894,9.757431030273438
1700822958578837000,96.8908369140625,0.9146876335144043,0.3338227868080139,9.758191108703613
1700822958588823000,96.90082299804688,0.9009233117103577,0.34382015466690063,9.759124755859375
1700822958598763000,96.91076293945312,0.8861547708511353,0.3554533123970032,9.760061264038086
1700822958608727000,96.92072705078125,0.9073883891105652,0.33805328607559204,9.758726119995117
1700822958618844000,96.93084399414063,0.9110384583473206,0.33917585015296936,9.75834846496582
1700822958628852000,96.94085205078125,0.9197694659233093,0.35092443227767944,9.757113456726074
1700822958638743000,96.95074291992188,0.939717173576355,0.3676774203777313,9.754596710205078
1700822958648771000,96.96077099609376,0.9735437035560608,0.3829062581062317,9.750691413879395
1700822958658776000,96.97077612304687,1.0141907930374146,0.39483314752578735,9.746072769165039
1700822958668810000,96.98081005859375,1.0601367950439453,0.40300416946411133,9.740846633911133
1700822958679175000,96.9911748046875,1.1111688613891602,0.40791913866996765,9.734952926635742
1700822958688781000,97.00078100585938,1.159736156463623,0.4113461673259735,9.729141235351562
1700822958698797000,97.01079711914062,1.2008198499679565,0.4155643880367279,9.723977088928223
1700822958708764000,97.02076391601562,1.2314175367355347,0.42157182097435,9.719891548156738
1700822958718792000,97.0307919921875,1.2536206245422363,0.4290820360183716,9.716723442077637
1700822958728898000,97.04089794921875,1.2721084356307983,0.4386521279811859,9.713891983032227
1700822958738790000,97.05078979492187,1.2941758632659912,0.450893759727478,9.710417747497559
1700822958748808000,97.06080786132813,1.3253849744796753,0.4645595848560333,9.705562591552734
1700822958758781000,97.07078100585937,1.3640782833099365,0.47780105471611023,9.699556350708008
1700822958768697000,97.08069702148437,1.4051883220672607,0.48801353573799133,9.693177223205566
1700822958778823000,97.09082299804687,1.4479162693023682,0.49566930532455444,9.68649959564209
1700822958788867000,97.1008671875,1.4907950162887573,0.5013988018035889,9.679697036743164
1700822958798845000,97.11084497070313,1.5293340682983398,0.5080281496047974,9.67333698272705
1700822958808795000,97.120794921875,1.4000675678253174,0.42988839745521545,9.696669578552246
1700822958818871000,97.13087109375,1.3096779584884644,0.3723538815975189,9.711668014526367
1700822958828888000,97.14088818359374,1.246558666229248,0.33440351486206055,9.72135066986084
1700822958838704000,97.1507041015625,1.2017083168029785,0.31549862027168274,9.727628707885742
1700822958848842000,97.16084204101563,1.1693047285079956,0.3116247057914734,9.731701850891113
1700822958858952000,97.17095190429687,1.164231777191162,0.3214171826839447,9.7319917678833
1700822958868868000,97.1808681640625,1.1770389080047607,0.33348581194877625,9.7300443649292
1700822958878901000,97.19090087890625,1.195009708404541,0.34341976046562195,9.727506637573242
1700822958888817000,97.20081689453124,1.220116376876831,0.3541416525840759,9.724005699157715
1700822958899069000,97.21106884765625,1.256159782409668,0.36795681715011597,9.718903541564941
1700822958908861000,97.22086083984375,1.288522720336914,0.38463324308395386,9.714018821716309
1700822958918869000,97.23086889648438,1.3172688484191895,0.40568479895591736,9.709305763244629
1700822958928905000,97.24090502929687,1.335590124130249,0.42905953526496887,9.70579719543457
1700822958938924000,97.25092407226562,1.3413313627243042,0.45245006680488586,9.703944206237793
1700822958948848000,97.26084814453125,1.3370400667190552,0.4732567071914673,9.703543663024902
1700822958958860000,97.27086010742188,1.3250690698623657,0.4909583628177643,9.704306602478027
1700822958968836000,97.28083618164062,1.3091425895690918,0.5061655640602112,9.705686569213867
1700822958978887000,97.29088696289062,1.2969197034835815,0.5209253430366516,9.70654582977295
1700822958988878000,97.30087817382812,1.287138819694519,0.5390937328338623,9.706855773925781
1700822958998887000,97.31088696289062,1.2755082845687866,0.5590466856956482,9.707262992858887
1700822959009057000,97.32105712890625,1.2593971490859985,0.5787719488143921,9.708209991455078
1700822959018902000,97.33090209960938,1.1613695621490479,0.5606728196144104,9.721485137939453
1700822959028944000,97.34094384765625,1.1018790006637573,0.561210572719574,9.728376388549805
1700822959038878000,97.3508779296875,1.0729001760482788,0.573399007320404,9.730903625488281
1700822959048759000,97.36075903320312,1.053209662437439,0.5860901474952698,9.732297897338867
1700822959058988000,97.37098803710937,1.0360153913497925,0.5966586470603943,9.733503341674805
1700822959069625000,97.381625,1.0204159021377563,0.606157124042511,9.734562873840332
1700822959078930000,97.39092993164063,1.0092109441757202,0.6184937357902527,9.734954833984375
1700822959088836000,97.40083618164063,1.0010591745376587,0.6349813342094421,9.734734535217285
1700822959098683000,97.41068286132813,0.9949886798858643,0.6542921662330627,9.734079360961914
1700822959108662000,97.420662109375,0.990051805973053,0.6727780103683472,9.733323097229004
1700822959118672000,97.430671875,0.9831985831260681,0.6901265978813171,9.73280143737793
1700822959128652000,97.44065209960938,0.9800731539726257,0.7037509083747864,9.73214340209961
1700822959138651000,97.45065087890625,0.9818626642227173,0.7149345874786377,9.731144905090332
1700822959148738000,97.46073803710938,0.9891244769096375,0.7262120246887207,9.729575157165527
1700822959158772000,97.47077197265625,0.9987237453460693,0.7366849184036255,9.72780704498291
1700822959168646000,97.48064599609376,1.0076192617416382,0.747769832611084,9.726044654846191
1700822959178842000,97.49084204101563,1.0169274806976318,0.757348358631134,9.724334716796875
1700822959188809000,97.50080908203125,1.028123140335083,0.7658461332321167,9.722490310668945
1700822959198834000,97.510833984375,1.0415865182876587,0.7736591696739197,9.720439910888672
1700822959208885000,97.52088500976562,1.0568643808364868,0.7818959355354309,9.718132019042969
1700822959218873000,97.530873046875,1.072365641593933,0.791252076625824,9.715675354003906
1700822959229084000,97.541083984375,1.0873080492019653,0.8016843795776367,9.713159561157227
1700822959238902000,97.55090209960937,1.100206732749939,0.8125771880149841,9.710800170898438
1700822959248906000,97.56090600585938,1.1139031648635864,0.8224900960922241,9.708404541015625
1700822959258944000,97.57094409179687,1.1283169984817505,0.8309294581413269,9.706022262573242
1700822959268926000,97.58092602539062,1.1425611972808838,0.8383470177650452,9.703716278076172
1700822959278892000,97.59089208984375,1.1592183113098145,0.8447767496109009,9.701183319091797
1700822959288887000,97.60088696289063,1.179316520690918,0.8499731421470642,9.698307037353516
1700822959298860000,97.61086010742187,1.2008572816848755,0.8545032143592834,9.695265769958496
1700822959308824000,97.62082397460938,1.2222613096237183,0.8584432005882263,9.692241668701172
1700822959318849000,97.63084912109375,1.2421318292617798,0.8619537949562073,9.689403533935547
1700822959328896000,97.64089599609375,1.2575799226760864,0.865210771560669,9.687119483947754
1700822959338887000,97.65088696289062,1.2660846710205078,0.8680132627487183,9.685761451721191
1700822959348883000,97.66088305664063,1.2674953937530518,0.8692296743392944,9.685467720031738
1700822959358786000,97.6707861328125,1.268873691558838,0.8693775534629822,9.685275077819824
1700822959368722000,97.68072192382813,1.271921992301941,0.8683575391769409,9.684967041015625
1700822959378711000,97.6907109375,1.2780065536499023,0.8673138618469238,9.684258460998535
1700822959388838000,97.700837890625,1.2857792377471924,0.8663082122802734,9.683319091796875
1700822959398868000,97.71086791992188,1.2898191213607788,0.8647913932800293,9.682917594909668
1700822959408764000,97.72076391601563,1.2865008115768433,0.8603320717811584,9.683756828308105
1700822959418870000,97.7308701171875,1.2718396186828613,0.8549030423164368,9.686172485351562
1700822959428896000,97.74089599609376,1.2558151483535767,0.850192666053772,9.688680648803711
1700822959438917000,97.75091723632812,1.237153172492981,0.8452128171920776,9.691515922546387
1700822959448898000,97.76089794921874,1.2149527072906494,0.8402999043464661,9.694750785827637
1700822959459157000,97.77115698242187,1.1913830041885376,0.8355243802070618,9.698087692260742
1700822959468776000,97.78077587890625,1.1702616214752197,0.8312576413154602,9.701025009155273
1700822959478824000,97.79082397460938,1.154080867767334,0.8273059725761414,9.703302383422852
1700822959488758000,97.80075805664063,1.141361951828003,0.8225196599960327,9.70521354675293
1700822959499031000,97.81103100585938,1.1330474615097046,0.8164382576942444,9.706701278686523
1700822959510222000,97.82222216796875,1.1279288530349731,0.8088523149490356,9.707931518554688
1700822959518792000,97.8307919921875,1.1218918561935425,0.8008216023445129,9.709297180175781
1700822959528820000,97.84082006835938,1.118322730064392,0.7904136180877686,9.710561752319336
1700822959538777000,97.85077709960937,1.1121692657470703,0.7782257199287415,9.712252616882324
1700822959548736000,97.86073608398438,1.0999653339385986,0.7646843791007996,9.714717864990234
1700822959559686000,97.87168579101562,1.077035665512085,0.748641312122345,9.718537330627441
1700822959570577000,97.88257690429687,1.043656587600708,0.7309796810150146,9.723520278930664
1700822959580253000,97.8922529296875,1.001880168914795,0.7137474417686462,9.729192733764648
1700822959588833000,97.9008330078125,0.9562216997146606,0.6980199813842773,9.734928131103516
1700822959598687000,97.91068701171875,0.9229559898376465,0.6880974173545837,9.738842010498047
1700822959613350000,97.92534985351563,0.8881412744522095,0.6795084476470947,9.742683410644531
1700822959628709000,97.94070922851563,0.8272948861122131,0.669404149055481,9.748735427856445
1700822959638760000,97.95076000976563,0.79790860414505,0.6673229336738586,9.751328468322754
1700822959648802000,97.96080200195313,0.7614306807518005,0.6662847995758057,9.754315376281738
1700822959658749000,97.9707490234375,0.7210963368415833,0.6654819846153259,9.75743579864502
1700822959668803000,97.98080297851563,0.6675058603286743,0.6648203134536743,9.761293411254883
1700822959678740000,97.99073999023437,0.5988581776618958,0.6653040051460266,9.765713691711426
1700822959688702000,98.00070190429688,0.5253735184669495,0.6660659313201904,9.769889831542969
1700822959698758000,98.0107578125,0.46458500623703003,0.6658522486686707,9.772984504699707
1700822959708827000,98.02082690429687,0.4196683168411255,0.6634849905967712,9.775176048278809
1700822959719003000,98.0310029296875,0.40645140409469604,0.6660527586936951,9.775559425354004
1700822959728821000,98.04082104492187,0.42575785517692566,0.6693599820137024,9.774510383605957
1700822959738915000,98.0509150390625,0.40837007761001587,0.6652785539627075,9.775531768798828
1700822959748728000,98.06072802734376,0.3946589529514313,0.6610264778137207,9.776384353637695
1700822959758689000,98.07068896484375,0.37827157974243164,0.6562994122505188,9.777350425720215
1700822959768807000,98.08080688476562,0.36457741260528564,0.6522700190544128,9.778141021728516
1700822959778857000,98.09085693359376,0.3519982099533081,0.6501064300537109,9.778743743896484
1700822959788918000,98.10091796875,0.338067889213562,0.6496952176094055,9.779265403747559
1700822959798863000,98.11086303710937,0.3255050480365753,0.65079265832901,9.779617309570312
1700822959808768000,98.12076806640626,0.3688429594039917,0.6466472148895264,9.77835464477539
1700822959818844000,98.13084399414062,0.46697133779525757,0.6311839818954468,9.77517032623291
1700822959828799000,98.14079907226562,0.4859352707862854,0.6403083801269531,9.773651123046875
1700822959838851000,98.15085107421875,0.5129424929618835,0.6515200734138489,9.771531105041504
1700822959848829000,98.16082885742188,0.5392389893531799,0.661432683467865,9.769449234008789
1700822959859214000,98.17121411132813,0.5600321888923645,0.6684130430221558,9.767803192138672
1700822959868835000,98.1808349609375,0.5776829719543457,0.6733154654502869,9.766437530517578
1700822959878886000,98.19088598632813,0.5950924158096313,0.6781617403030396,9.765057563781738
1700822959888979000,98.20097900390626,0.6111801862716675,0.6846937537193298,9.7636079788208
1700822959898931000,98.21093090820312,0.613999605178833,0.6925222277641296,9.762880325317383
1700822959909400000,98.22140014648437,0.598872184753418,0.699039101600647,9.763354301452637
1700822959918931000,98.23093090820312,0.5843397974967957,0.7032707333564758,9.763932228088379
1700822959928922000,98.24092211914062,0.5828928351402283,0.7066270709037781,9.763776779174805
1700822959939022000,98.25102197265625,0.5925701856613159,0.7101271748542786,9.762938499450684
1700822959948886000,98.26088598632812,0.6063879728317261,0.7125701904296875,9.761910438537598
1700822959958929000,98.27092895507812,0.6058703660964966,0.7171987295150757,9.76160717010498
1700822959968869000,98.280869140625,0.5571846961975098,0.7376280426979065,9.762984275817871
1700822959979109000,98.29110913085937,0.5145868062973022,0.772683322429657,9.762609481811523
1700822959989048000,98.30104809570312,0.5265232920646667,0.770855188369751,9.762117385864258
1700822959998813000,98.31081298828126,0.5386539101600647,0.7702651023864746,9.761502265930176
1700822960008867000,98.3208671875,0.5513876676559448,0.7694403529167175,9.760856628417969
1700822960018781000,98.33078100585938,0.5606687068939209,0.7681044340133667,9.760433197021484
1700822960028742000,98.34074194335938,0.5647910833358765,0.7668678760528564,9.760293006896973
1700822960038829000,98.3508291015625,0.5689134001731873,0.7654378414154053,9.76016616821289
1700822960049100000,98.36110009765625,0.5769008994102478,0.7650158405303955,9.759730339050293
1700822960058932000,98.37093188476562,0.5871978402137756,0.7681605815887451,9.758868217468262
1700822960068740000,98.38073999023437,0.5957230925559998,0.7767249941825867,9.757674217224121
1700822960078898000,98.39089794921875,0.6006611585617065,0.7867866158485413,9.75656509399414
1700822960088866000,98.40086596679687,0.6028349995613098,0.7939151525497437,9.755853652954102
1700822960098941000,98.41094091796874,0.6044847965240479,0.7956815958023071,9.755608558654785
1700822960108922000,98.42092211914063,0.6093828082084656,0.7919941544532776,9.755603790283203
1700822960118831000,98.4308310546875,0.6184116005897522,0.785330593585968,9.755574226379395
1700822960128962000,98.44096215820312,0.6285042762756348,0.7794017791748047,9.755404472351074
1700822960139055000,98.45105517578125,0.6408870816230774,0.7746224403381348,9.754979133605957
1700822960148657000,98.46065698242188,0.6510323286056519,0.7720301151275635,9.754511833190918
1700822960158756000,98.47075610351563,0.656996488571167,0.771711528301239,9.754138946533203
1700822960168662000,98.480662109375,0.6583356261253357,0.7727686166763306,9.753962516784668
1700822960178782000,98.49078198242188,0.6580228805541992,0.7734847068786621,9.75393009185791
1700822960188896000,98.50089599609375,0.6603376269340515,0.772588312625885,9.7538423538208
1700822960198901000,98.51090087890626,0.6658326983451843,0.7697770595550537,9.753692626953125
1700822960208854000,98.52085400390625,0.6729463338851929,0.7656331062316895,9.75352954864502
1700822960218898000,98.53089794921875,0.6802233457565308,0.760299026966095,9.753442764282227
1700822960228881000,98.540880859375,0.6865308880805969,0.7545329928398132,9.753446578979492
1700822960238939000,98.55093896484375,0.6916428208351135,0.7491180300712585,9.753503799438477
1700822960249042000,98.5610419921875,0.6939239501953125,0.7448521852493286,9.753670692443848
1700822960258924000,98.57092407226563,0.6924956440925598,0.7427318096160889,9.75393295288086
1700822960268857000,98.58085717773437,0.686530351638794,0.7427385449409485,9.754353523254395
1700822960278900000,98.59089990234375,0.678146243095398,0.7446367740631104,9.75479507446289
1700822960289409000,98.60140893554687,0.6715545654296875,0.7458055019378662,9.755162239074707
1700822960298971000,98.61097094726563,0.66783207654953,0.7451555132865906,9.755465507507324
1700822960308918000,98.62091796875,0.6675219535827637,0.7423872351646423,9.75570011138916
1700822960318904000,98.63090405273438,0.66973876953125,0.7378238439559937,9.75589370727539
1700822960328875000,98.640875,0.672501802444458,0.7336287498474121,9.75601863861084
1700822960338879000,98.65087890625,0.6731657981872559,0.7338295578956604,9.755959510803223
1700822960348872000,98.66087182617187,0.6735215187072754,0.7354366779327393,9.755813598632812
1700822960358889000,98.67088891601563,0.6746177673339844,0.7363561391830444,9.755668640136719
1700822960368723000,98.68072290039062,0.6742974519729614,0.7366417050361633,9.755669593811035
1700822960378899000,98.69089892578126,0.6710186004638672,0.7373939752578735,9.755839347839355
1700822960388780000,98.70078002929688,0.667843759059906,0.7373705506324768,9.756057739257812
1700822960398946000,98.71094604492187,0.6671557426452637,0.7373918890953064,9.756103515625
1700822960408897000,98.72089697265625,0.6708099246025085,0.7378841042518616,9.755817413330078
1700822960418893000,98.73089306640625,0.6776362657546997,0.7390075325965881,9.755257606506348
1700822960428875000,98.740875,0.6824480295181274,0.7392016053199768,9.754908561706543
1700822960438830000,98.750830078125,0.6806748509407043,0.7382301092147827,9.755106925964355
1700822960448865000,98.76086499023438,0.673716127872467,0.7374261021614075,9.755651473999023
1700822960458905000,98.77090502929687,0.6663047075271606,0.7385779023170471,9.756071090698242
1700822960468853000,98.78085302734375,0.6607525944709778,0.7426628470420837,9.756139755249023
1700822960478902000,98.79090209960937,0.6587070822715759,0.7479702830314636,9.75587272644043
1700822960488902000,98.80090185546875,0.6602321267127991,0.7522758841514587,9.755437850952148
1700822960499090000,98.81108984375,0.6630895137786865,0.7549982666969299,9.755033493041992
1700822960508914000,98.82091381835937,0.6648369431495667,0.7568637728691101,9.754770278930664
1700822960518792000,98.8307919921875,0.6626318693161011,0.759196937084198,9.754739761352539
1700822960528750000,98.84075,0.6571394205093384,0.762811005115509,9.754828453063965
1700822960538685000,98.85068481445313,0.6517565250396729,0.7689061164855957,9.754711151123047
1700822960548906000,98.86090600585938,0.6468880772590637,0.7772849202156067,9.75437068939209
1700822960558755000,98.87075512695313,0.64227294921875,0.7866945862770081,9.753921508789062
1700822960568730000,98.88073022460938,0.6385527849197388,0.7969543933868408,9.75333309173584
1700822960578776000,98.89077612304688,0.6390075087547302,0.805496335029602,9.752602577209473
1700822960588904000,98.90090405273438,0.6457780599594116,0.8069336414337158,9.752037048339844
1700822960598794000,98.9107939453125,0.6572790741920471,0.8033002614974976,9.751566886901855
1700822960608776000,98.92077587890626,0.6730226278305054,0.7973203063011169,9.750986099243164
1700822960619041500,98.93104150390624,0.7081602811813354,0.7848907709121704,9.749505043029785
1700822960628859600,98.94085961914062,0.7256003618240356,0.7794494032859802,9.748658180236816
1700822960638755800,98.950755859375,0.7392188310623169,0.7749901413917542,9.747991561889648
1700822960648705500,98.96070556640625,0.74015873670578,0.769314706325531,9.748370170593262
1700822960658676200,98.97067626953125,0.7438733577728271,0.7608782649040222,9.748748779296875
1700822960668713200,98.98071313476562,0.7532122731208801,0.749419629573822,9.748919486999512
1700822960679044000,98.99104418945312,0.7682140469551086,0.7387605905532837,9.748563766479492
1700822960688899600,99.00089965820312,0.7859230041503906,0.7327993512153625,9.747601509094238
1700822960698832600,99.01083251953125,0.8035077452659607,0.729418158531189,9.746421813964844
1700822960708799000,99.02079907226563,0.8157497048377991,0.7276782989501953,9.745534896850586
1700822960718789400,99.03078930664063,0.8201654553413391,0.7268891930580139,9.745223045349121
1700822960729046800,99.041046875,0.8214160799980164,0.7285948395729065,9.744989395141602
1700822960738951000,99.05095092773438,0.8287146687507629,0.7291454672813416,9.744332313537598
1700822960748905000,99.06090502929688,0.8478353023529053,0.7262579202651978,9.742900848388672
1700822960758822000,99.07082177734375,0.8749433755874634,0.7194374203681946,9.741011619567871
1700822960768788000,99.0807880859375,0.9013105630874634,0.7081637978553772,9.739432334899902
1700822960778848500,99.0908486328125,0.921772301197052,0.6934571862220764,9.73857593536377
1700822960788871700,99.10087158203125,0.9347896575927734,0.680000901222229,9.73828411102295
1700822960798887000,99.11088696289063,0.9423965811729431,0.6690499186515808,9.73830795288086
1700822960808849400,99.12084936523438,0.9464192986488342,0.6622151136398315,9.738385200500488
1700822960818798600,99.13079858398437,0.9490852952003479,0.6622855067253113,9.73812198638916
1700822960828753400,99.14075341796875,0.9558046460151672,0.6714859008789062,9.736834526062012
1700822960838766600,99.1507666015625,0.9717965722084045,0.6891556978225708,9.734016418457031
1700822960848788700,99.16078881835938,0.9999352097511292,0.7128127813339233,9.729462623596191
1700822960858821400,99.1708212890625,1.0209548473358154,0.728996992111206,9.726079940795898
1700822960868823300,99.1808232421875,1.046163558959961,0.7385852336883545,9.722675323486328
1700822960879000600,99.19100048828125,1.0716692209243774,0.7356152534484863,9.720123291015625
1700822960888913000,99.20091284179688,1.1007620096206665,0.7219327688217163,9.71789836883545
1700822960898885400,99.21088549804688,1.13045072555542,0.7029247283935547,9.715882301330566
1700822960908872700,99.22087280273438,1.157495379447937,0.6833528876304626,9.714095115661621
1700822960918865000,99.23086499023438,1.1776769161224365,0.6692509651184082,9.71264934539795
1700822960928877800,99.2408779296875,1.1913602352142334,0.6626277565956116,9.71143627166748
1700822960938875000,99.250875,1.2004165649414062,0.6641387343406677,9.710216522216797
1700822960948868000,99.2608681640625,1.2086174488067627,0.6691837310791016,9.708852767944336
1700822960958843400,99.27084350585938,1.22616708278656,0.6700921058654785,9.70659065246582
1700822960968737300,99.2807373046875,1.3972320556640625,0.677808403968811,9.68290901184082
1700822960978786000,99.2907861328125,1.4794203042984009,0.6689008474349976,9.67131233215332
1700822960988793600,99.30079370117187,1.4951205253601074,0.6557496786117554,9.669798851013184
1700822960998836200,99.31083618164062,1.50074303150177,0.6422325968742371,9.669835090637207
1700822961008773600,99.32077368164063,1.4976518154144287,0.6325582265853882,9.670949935913086
1700822961018762200,99.33076220703126,1.4853341579437256,0.6317065358161926,9.672906875610352
1700822961028840200,99.34084008789063,1.4715139865875244,0.6371574997901917,9.674660682678223
1700822961038803500,99.35080346679688,1.4632006883621216,0.6486705541610718,9.67515754699707
1700822961048840700,99.3608408203125,1.463430643081665,0.6640960574150085,9.674077033996582
1700822961058785800,99.37078588867188,1.4677668809890747,0.677583634853363,9.67248249053955
1700822961068763000,99.38076293945312,1.470874547958374,0.6853618621826172,9.671462059020996
1700822961078856000,99.39085595703125,1.4719254970550537,0.6861228942871094,9.671249389648438
1700822961088888600,99.400888671875,1.3405901193618774,0.602909505367279,9.695859909057617
1700822961098895400,99.41089526367188,1.2943536043167114,0.4908943474292755,9.708453178405762
1700822961108910600,99.42091064453125,1.3173346519470215,0.3887360095977783,9.709990501403809
1700822961118888000,99.43088793945313,1.3161615133285522,0.3776312470436096,9.710587501525879
1700822961128775400,99.440775390625,1.319109320640564,0.36819735169410706,9.710550308227539
1700822961138828300,99.45082836914062,1.322343111038208,0.36076807975769043,9.710390090942383
1700822961148858000,99.46085815429687,1.321875810623169,0.3559466600418091,9.7106294631958
1700822961158793000,99.47079296875,1.4750027656555176,0.4097214937210083,9.686429023742676
1700822961168789500,99.48078955078125,1.531583309173584,0.46870094537734985,9.67496395111084
1700822961178795800,99.49079565429687,1.5591095685958862,0.5249722599983215,9.667677879333496
1700822961188844300,99.50084423828125,1.5733336210250854,0.5659998655319214,9.663057327270508
1700822961198803200,99.51080322265625,1.5826526880264282,0.5880255103111267,9.660219192504883
1700822961208812500,99.5208125,1.5863217115402222,0.5978668332099915,9.659014701843262
1700822961218823700,99.53082373046875,1.5871940851211548,0.5987222790718079,9.658815383911133
1700822961228790300,99.54079028320312,1.5852842330932617,0.5974205732345581,9.659210205078125
1700822961238819000,99.55081909179688,1.5804882049560547,0.5973544716835022,9.660001754760742
1700822961248866600,99.56086645507813,1.5726404190063477,0.5990832448005676,9.661172866821289
1700822961258876000,99.5708759765625,1.5664242506027222,0.5989572405815125,9.662192344665527
1700822961268872000,99.58087182617187,1.5601155757904053,0.596302330493927,9.66337776184082
1700822961278856000,99.59085595703125,1.552188515663147,0.5899863243103027,9.66504192352295
1700822961288856600,99.60085668945312,1.5414856672286987,0.581217885017395,9.667284965515137
1700822961298861300,99.610861328125,1.5311431884765625,0.5730714201927185,9.669416427612305
1700822961308862700,99.62086279296875,1.5239289999008179,0.5655863285064697,9.670994758605957
1700822961318901800,99.63090185546875,1.5198376178741455,0.5594473481178284,9.6719970703125
1700822961328897000,99.64089697265625,1.5152678489685059,0.5557987689971924,9.67292308807373
1700822961338890500,99.65089038085938,1.5063705444335938,0.5540668368339539,9.674412727355957
1700822961348893200,99.66089306640625,1.4923182725906372,0.5514969825744629,9.676735877990723
1700822961358877200,99.67087719726563,1.4725173711776733,0.5464569330215454,9.680055618286133
1700822961368826000,99.680826171875,1.4458318948745728,0.5379162430763245,9.684555053710938
1700822961379219500,99.69121948242187,1.4205402135849,0.527681827545166,9.688859939575195
1700822961389036300,99.70103637695313,1.3966645002365112,0.5142436623573303,9.693053245544434
1700822961398944500,99.71094458007812,1.3769407272338867,0.503319263458252,9.696446418762207
1700822961408900900,99.72090087890625,1.355095386505127,0.4967010021209717,9.699865341186523
1700822961418873900,99.73087377929687,1.33167564868927,0.4934811592102051,9.703272819519043
1700822961428883000,99.74088305664063,1.3106807470321655,0.49315646290779114,9.706149101257324
1700822961438837000,99.7508369140625,1.2946557998657227,0.4955924451351166,9.708174705505371
1700822961448909600,99.76090966796875,1.2855241298675537,0.5034247636795044,9.708984375
1700822961458883800,99.7708837890625,1.2791627645492554,0.5160802006721497,9.709160804748535
1700822961468938500,99.7809384765625,1.2729145288467407,0.5323290824890137,9.709105491638184
1700822961478854700,99.79085473632813,1.264642357826233,0.5485814213752747,9.70927906036377
1700822961488812800,99.80081274414063,1.2472145557403564,0.5629083514213562,9.710716247558594
1700822961498849500,99.810849609375,1.2148022651672363,0.5726496577262878,9.714253425598145
1700822961508759800,99.820759765625,1.1761349439620972,0.5745561122894287,9.718899726867676
1700822961518738400,99.83073852539063,1.145751714706421,0.5708116292953491,9.722746849060059
1700822961528752600,99.84075268554687,1.1261448860168457,0.5652279853820801,9.725364685058594
1700822961538683000,99.85068286132812,1.1143945455551147,0.5589733123779297,9.727078437805176
1700822961548654800,99.86065478515626,1.119014024734497,0.5564900040626526,9.726691246032715
1700822961558699500,99.87069946289063,1.1164114475250244,0.5503837466239929,9.727336883544922
1700822961568720600,99.880720703125,1.1116688251495361,0.5443313717842102,9.72822093963623
1700822961578733800,99.89073388671875,1.108769416809082,0.5428475141525269,9.72863483428955
1700822961588742000,99.90074194335938,1.1046637296676636,0.5417647361755371,9.729162216186523
1700822961598869000,99.91086889648437,0.7681187391281128,0.24963819980621338,9.773334503173828
1700822961608846600,99.9208466796875,0.5981965065002441,0.05556991323828697,9.78823184967041
1700822961618805200,99.93080517578124,0.4878145158290863,-0.06671937555074692,9.794283866882324
1700822961628791000,99.940791015625,0.42248278856277466,-0.11512129753828049,9.796869277954102
1700822961638784500,99.95078442382813,0.37640783190727234,-0.1354910135269165,9.79848575592041
1700822961648740400,99.960740234375,0.3201712965965271,-0.1489446610212326,9.800291061401367
1700822961658807000,99.97080712890624,0.2332274466753006,-0.16404402256011963,9.802504539489746
1700822961668760600,99.98076049804688,0.16246318817138672,-0.18679916858673096,9.8035249710083
1700822961679091700,99.991091796875,0.12821780145168304,-0.2129012942314148,9.80350112915039
1700822961688876800,100.00087670898438,0.11019290238618851,-0.23820173740386963,9.803139686584473
1700822961698771500,100.010771484375,0.10488748550415039,-0.24891747534275055,9.802929878234863
1700822961708757200,100.02075732421875,0.09789017587900162,-0.2613251209259033,9.802680015563965
1700822961718755600,100.03075561523437,0.0884074792265892,-0.2752387821674347,9.802389144897461
1700822961728769300,100.04076928710937,0.07672960311174393,-0.2909151017665863,9.802033424377441
1700822961738805800,100.0508056640625,0.06213760003447533,-0.30801263451576233,9.801614761352539
1700822961748781300,100.06078125,0.044868193566799164,-0.324100136756897,9.801191329956055
1700822961758744600,100.07074462890625,0.02575315721333027,-0.33796852827072144,9.80079174041748
1700822961768744700,100.08074462890625,0.007554361131042242,-0.34963878989219666,9.80041217803955
1700822961778737400,100.0907373046875,-0.00884966179728508,-0.3587237298488617,9.800084114074707
1700822961788741600,100.10074169921874,-0.023762568831443787,-0.3659314513206482,9.79979133605957
1700822961798809900,100.11080981445312,-0.03465864062309265,-0.37026306986808777,9.79959774017334
1700822961808857900,100.12085791015625,-0.03975479677319527,-0.3704875111579895,9.799568176269531
1700822961818809000,100.13080908203125,-0.03300531953573227,-0.36535218358039856,9.799787521362305
1700822961828793900,100.1407939453125,-0.015927636995911598,-0.35748013854026794,9.80012035369873
1700822961838837500,100.15083740234375,0.005245499312877655,-0.34837037324905396,9.800460815429688
1700822961848851700,100.16085180664062,0.024948855862021446,-0.33956894278526306,9.800736427307129
1700822961858840300,100.17084033203125,0.026157647371292114,-0.34382951259613037,9.80058479309082
1700822961868773000,100.18077319335937,0.027457332238554955,-0.3488713204860687,9.800403594970703
1700822961878773500,100.1907734375,0.03397241234779358,-0.35498425364494324,9.800165176391602
1700822961888822300,100.200822265625,0.24309943616390228,-0.2636398375034332,9.800091743469238
1700822961898864000,100.21086401367188,0.40432050824165344,-0.20493337512016296,9.796168327331543
1700822961909031200,100.22103125,0.5384472608566284,-0.15852467715740204,9.790573120117188
1700822961918911500,100.23091137695313,0.5659536719322205,-0.1594669222831726,9.789007186889648
1700822961928853200,100.24085327148437,0.589434802532196,-0.16172434389591217,9.78758430480957
1700822961938827000,100.25082690429687,0.6111559271812439,-0.16619974374771118,9.786175727844238
1700822961948839700,100.26083959960937,0.7274556159973145,-0.06311754882335663,9.77942943572998
1700822961958902300,100.27090234375,0.8311454057693481,0.023619361221790314,9.77133846282959
1700822961968915200,100.28091528320313,0.9222083687782288,0.07909458130598068,9.762871742248535
1700822961978914000,100.2909140625,0.9967814087867737,0.10439064353704453,9.755304336547852
1700822961988926500,100.30092651367187,1.0829150676727295,0.12104776501655579,9.745924949645996
1700822961998925800,100.31092578125,1.1924614906311035,0.14153993129730225,9.7328519821167
1700822962008884000,100.32088403320313,1.3028589487075806,0.1677820384502411,9.718271255493164
1700822962018818600,100.33081860351562,1.3885183334350586,0.19847732782363892,9.705824851989746
1700822962028880600,100.34088061523437,1.4507555961608887,0.23490941524505615,9.695901870727539
1700822962038921000,100.3509208984375,1.512709379196167,0.27937430143356323,9.685249328613281
1700822962048995800,100.36099584960938,1.5496058464050293,0.28299248218536377,9.679308891296387
1700822962058945500,100.37094555664062,1.5915961265563965,0.28642886877059937,9.672392845153809
1700822962068907300,100.3809072265625,1.6316008567810059,0.2895645499229431,9.665632247924805
1700822962078887200,100.39088720703126,1.6686875820159912,0.2902195155620575,9.659278869628906
1700822962088875500,100.40087548828124,1.7037773132324219,0.2872708737850189,9.653238296508789
1700822962098858800,100.41085864257812,1.734839916229248,0.2799436151981354,9.647919654846191
1700822962108913000,100.42091284179688,1.7689942121505737,0.26835137605667114,9.642045021057129
1700822962118878500,100.43087841796876,1.8141558170318604,0.25528088212013245,9.63400650024414
1700822962128890600,100.440890625,1.8602306842803955,0.24050971865653992,9.625596046447754
1700822962138882300,100.45088232421875,1.8936364650726318,0.22032354772090912,9.619562149047852
1700822962148894700,100.46089477539063,1.9001494646072388,0.19225919246673584,9.618880271911621
1700822962158930400,100.47093041992187,1.8854247331619263,0.15370090305805206,9.62247085571289
1700822962168894700,100.48089477539062,1.8563919067382812,0.10868570953607559,9.628727912902832
1700822962178878700,100.49087866210938,1.8183958530426025,0.06413023918867111,9.636374473571777
1700822962188928000,100.50092797851562,1.775267243385315,0.029305005446076393,9.644582748413086
1700822962198805000,100.51080493164062,1.7389640808105469,0.004859715234488249,9.651236534118652
1700822962208841000,100.52084106445312,1.6905101537704468,-0.012398294173181057,9.659834861755371
1700822962218847500,100.53084741210938,1.6267369985580444,-0.029885727912187576,9.67074203491211
1700822962228900400,100.540900390625,1.553310513496399,-0.05069149285554886,9.682719230651855
1700822962238880000,100.5508798828125,1.4730595350265503,-0.0751321092247963,9.695093154907227
1700822962248849200,100.56084912109375,1.37102210521698,-0.10623305290937424,9.709758758544922
1700822962258956000,100.5709560546875,1.273442029953003,-0.14008943736553192,9.72260856628418
1700822962268913400,100.58091333007812,1.1546812057495117,-0.18649405241012573,9.736649513244629
1700822962278904800,100.59090478515625,1.0470751523971558,-0.22616204619407654,9.747968673706055
1700822962288898300,100.60089819335937,0.9455252289772034,-0.25936639308929443,9.757513999938965
1700822962298885000,100.61088500976562,0.8535735011100769,-0.28632044792175293,9.765233993530273
1700822962308975600,100.6209755859375,0.7570213079452515,-0.3090706169605255,9.772500991821289
1700822962318978800,100.63097875976563,0.6443377733230591,-0.33070260286331177,9.779870986938477
1700822962328844800,100.6408447265625,0.5138155221939087,-0.3554956912994385,9.786725997924805
1700822962338854000,100.65085400390625,0.37331661581993103,-0.38316580653190613,9.792048454284668
1700822962348881400,100.66088134765624,0.22956980764865875,-0.41333237290382385,9.795247077941895
1700822962358973200,100.67097314453125,0.08582944422960281,-0.4455956518650055,9.796147346496582
1700822962368873200,100.68087329101563,-0.06791969388723373,-0.47529929876327515,9.794890403747559
1700822962378909400,100.69090942382813,-0.22501140832901,-0.5003288388252258,9.791293144226074
1700822962388872700,100.70087280273438,-0.4174027144908905,-0.5284571647644043,9.783500671386719
1700822962398923300,100.71092333984375,-0.6045327186584473,-0.5570937991142273,9.77213191986084
1700822962408898300,100.72089819335937,-0.7618725895881653,-0.5852528214454651,9.759479522705078
1700822962418929200,100.73092919921875,-0.8971999287605286,-0.6077955365180969,9.746590614318848
1700822962428889600,100.7408896484375,-1.0414804220199585,-0.622302770614624,9.731313705444336
1700822962438790000,100.75078979492187,-1.2165005207061768,-0.6260384321212769,9.710746765136719
1700822962448755500,100.76075537109375,-1.417860746383667,-0.6182669401168823,9.683895111083984
1700822962458955300,100.77095532226562,-1.5876941680908203,-0.6122007369995117,9.657889366149902
1700822962468889000,100.78088916015625,-1.7294360399246216,-0.6322568655014038,9.632222175598145
1700822962478830600,100.79083056640626,-1.8704984188079834,-0.669710099697113,9.603286743164062
1700822962488820200,100.8008203125,-2.0147786140441895,-0.6979030966758728,9.572042465209961
1700822962498828500,100.81082861328125,-2.1739485263824463,-0.7242007255554199,9.535191535949707
1700822962508796000,100.8207958984375,-2.3460681438446045,-0.7515303492546082,9.492185592651367
1700822962518870500,100.83087060546875,-2.5112037658691406,-0.7732421159744263,9.44808578491211
1700822962528779300,100.840779296875,-2.657982349395752,-0.7846572399139404,9.406904220581055
1700822962538796000,100.85079614257812,-2.783399820327759,-0.7867074608802795,9.370389938354492
1700822962549050600,100.86105053710938,-2.9071922302246094,-0.7781427502632141,9.333443641662598
1700822962558910200,100.87091015625,-3.0112171173095703,-0.7654223442077637,9.301457405090332
1700822962568838100,100.88083813476563,-3.087812900543213,-0.7563365697860718,9.277055740356445
1700822962578804000,100.89080395507813,-3.1606998443603516,-0.7494739890098572,9.253034591674805
1700822962588848000,100.90084814453125,-3.2592689990997314,-0.7382470965385437,9.219683647155762
1700822962598794500,100.91079443359375,-3.388709545135498,-0.7196975350379944,9.174370765686035
1700822962608793900,100.9207939453125,-3.5408577919006348,-0.693132221698761,9.118788719177246
1700822962618868000,100.93086791992188,-3.702458143234253,-0.6639564037322998,9.056564331054688
1700822962628834600,100.94083447265625,-3.8578901290893555,-0.6356462240219116,8.993501663208008
1700822962638822100,100.950822265625,-3.994985580444336,-0.608375072479248,8.935343742370605
1700822962648867600,100.96086767578124,-4.10344934463501,-0.5878136157989502,8.88743782043457
1700822962658939400,100.970939453125,-4.186844825744629,-0.5758817791938782,8.84924030303955
1700822962668868000,100.9808681640625,-4.2520904541015625,-0.5683934688568115,8.818564414978027
1700822962678843100,100.99084301757813,-4.307066440582275,-0.5637640357017517,8.792140007019043
1700822962688832500,101.00083251953124,-4.364572525024414,-0.5608288645744324,8.76392650604248
1700822962698825200,101.0108251953125,-4.425252914428711,-0.5589873790740967,8.73355770111084
1700822962709798100,101.02179809570312,-4.482994079589844,-0.5587412714958191,8.704076766967773
1700822962719368200,101.0313681640625,-4.539825439453125,-0.5613277554512024,8.67440414428711
1700822962729029600,101.04102954101562,-4.588162422180176,-0.5684273838996887,8.64847183227539
1700822962738967300,101.05096728515625,-4.626546859741211,-0.5782610774040222,8.627344131469727
1700822962748841200,101.06084130859375,-4.6514105796813965,-0.5851280689239502,8.613499641418457
1700822962758872000,101.0708720703125,-4.660501003265381,-0.5854504108428955,8.608562469482422
1700822962768904000,101.08090405273437,-4.649342060089111,-0.5807538032531738,8.614912986755371
1700822962781030400,101.09303051757813,-4.608107089996338,-0.573505699634552,8.637524604797363
1700822962798701000,101.110701171875,-4.535858154296875,-0.5627124905586243,8.676389694213867
1700822962808751000,101.12075122070313,-4.446010112762451,-0.5517088770866394,8.723474502563477
1700822962818632000,101.1306318359375,-4.350790500640869,-0.5403735637664795,8.772058486938477
1700822962829090000,101.14109008789063,-4.246583938598633,-0.5142199993133545,8.824539184570312
1700822962838806000,101.15080590820313,-4.123971462249756,-0.4839768409729004,8.884202003479004
1700822962848859000,101.16085888671876,-3.947395086288452,-0.44748279452323914,8.965946197509766
1700822962858726000,101.17072583007813,-3.749980926513672,-0.41173839569091797,9.051989555358887
1700822962868840000,101.18083984375,-3.5275866985321045,-0.38160979747772217,9.142256736755371
1700822962878720000,101.19071997070313,-3.281470775604248,-0.3613245487213135,9.234272003173828
1700822962888926000,101.20092602539063,-3.022430658340454,-0.33639848232269287,9.323205947875977
1700822962898725000,101.21072509765625,-2.7901785373687744,-0.3035469055175781,9.396442413330078
1700822962908739000,101.22073901367187,-2.5513064861297607,-0.26496291160583496,9.465252876281738
1700822962918601000,101.23060107421875,-2.3121774196624756,-0.2277238816022873,9.527454376220703
1700822962928732000,101.24073193359375,-2.0588550567626953,-0.19612492620944977,9.58608627319336
1700822962938812000,101.25081201171875,-1.7894691228866577,-0.17285773158073425,9.64045238494873
1700822962948733000,101.26073291015625,-1.5058000087738037,-0.15596067905426025,9.689099311828613
1700822962958730000,101.27072998046874,-1.212885856628418,-0.14252543449401855,9.73031234741211
1700822962968735000,101.28073486328125,-0.9349635243415833,-0.13049860298633575,9.761106491088867
1700822962978822000,101.29082177734375,-0.6643331050872803,-0.11721301078796387,9.783419609069824
1700822962988766000,101.30076586914062,-0.4213666319847107,-0.10241203755140305,9.797059059143066
1700822962998756000,101.31075610351563,-0.2249520868062973,-0.08757073432207108,9.803678512573242
1700822963008739000,101.32073901367187,-0.0782134160399437,-0.07664806395769119,9.806039810180664
1700822963018745000,101.3307451171875,0.011967209167778492,-0.07095277309417725,9.806386947631836
1700822963028708000,101.3407080078125,0.06604074686765671,-0.06649667024612427,9.80620288848877
1700822963038725000,101.35072509765625,0.11195055395364761,-0.06267039477825165,9.80580997467041
1700822963048773000,101.36077319335938,0.151661217212677,-0.06155746430158615,9.80528450012207
1700822963058858000,101.37085791015625,0.1662815809249878,-0.06681874394416809,9.805012702941895
1700822963068733000,101.38073291015625,0.13610270619392395,-0.08187281340360641,9.805364608764648
1700822963078828000,101.390828125,0.06045885384082794,-0.11026421189308167,9.8058443069458
1700822963088873000,101.400873046875,-0.0470934696495533,-0.14787322282791138,9.805421829223633
1700822963098959000,101.410958984375,-0.19022008776664734,-0.18751783668994904,9.80301284790039
1700822963108842000,101.42084204101562,-0.35443246364593506,-0.22502514719963074,9.797658920288086
1700822963118865000,101.43086499023437,-0.5328794121742249,-0.25976940989494324,9.788714408874512
1700822963128752000,101.44075219726562,-0.7562763690948486,-0.29058191180229187,9.773126602172852
1700822963138688000,101.45068798828125,-0.9400763511657715,-0.32107290625572205,9.756207466125488
1700822963148720000,101.46072021484375,-1.0903332233428955,-0.35331660509109497,9.739442825317383
1700822963158954000,101.4709541015625,-1.2088418006896973,-0.38392332196235657,9.724283218383789
1700822963168737000,101.48073706054687,-1.3254598379135132,-0.41593408584594727,9.707757949829102
1700822963178710000,101.4907099609375,-1.4721487760543823,-0.4542839825153351,9.68487548828125
1700822963189458000,101.5014580078125,-1.6433032751083374,-0.49333998560905457,9.655391693115234
1700822963198825000,101.51082495117187,-1.8143311738967896,-0.5297513008117676,9.622782707214355
1700822963208861000,101.52086083984375,-1.948400616645813,-0.5600196123123169,9.594817161560059
1700822963218751000,101.5307509765625,-2.0236103534698486,-0.5811930298805237,9.57797622680664
1700822963228958000,101.5409580078125,-2.07774019241333,-0.5987772345542908,9.56529426574707
1700822963238840000,101.55084008789062,-2.147954225540161,-0.6160320043563843,9.548674583435059
1700822963248886000,101.56088598632813,-2.22507381439209,-0.6319985389709473,9.529951095581055
1700822963258785000,101.57078491210937,-2.3009870052337646,-0.6502446532249451,9.510680198669434
1700822963269005000,101.58100512695313,-2.372014045715332,-0.6671469807624817,9.49204158782959
1700822963278847000,101.59084692382812,-2.4680228233337402,-0.6802893877029419,9.466596603393555
1700822963289031000,101.60103100585937,-2.5776264667510986,-0.682397186756134,9.437192916870117
1700822963298692000,101.61069213867188,-2.667417287826538,-0.6710159182548523,9.413025856018066
1700822963308905000,101.62090502929688,-2.71208119392395,-0.6461448073387146,9.401996612548828
1700822963318838000,101.63083813476563,-2.715930700302124,-0.6147404909133911,9.402987480163574
1700822963328903000,101.64090283203124,-2.694922924041748,-0.5887567400932312,9.410693168640137
1700822963339029000,101.65102905273437,-2.6612813472747803,-0.5739040374755859,9.421177864074707
1700822963348663000,101.6606630859375,-2.6160435676574707,-0.5617194175720215,9.43457317352295
1700822963358804000,101.67080395507813,-2.567269802093506,-0.5462567806243896,9.448869705200195
1700822963369007000,101.68100708007813,-2.5212860107421875,-0.5225175619125366,9.4625825881958
1700822963378634000,101.69063403320312,-2.489800214767456,-0.48924189805984497,9.472696304321289
1700822963388852000,101.70085205078125,-2.471252679824829,-0.44671502709388733,9.479649543762207
1700822963398702000,101.7107021484375,-2.4404265880584717,-0.4035334587097168,9.489566802978516
1700822963408983000,101.72098315429687,-2.3722763061523438,-0.3635270297527313,9.508448600769043
1700822963419034000,101.7310341796875,-2.2671964168548584,-0.32696226239204407,9.535372734069824
1700822963428779000,101.74077905273438,-2.145137310028076,-0.2888435423374176,9.564799308776855
1700822963438819000,101.75081909179687,-2.000797748565674,-0.23421792685985565,9.597518920898438
1700822963448906000,101.76090600585937,-1.8712986707687378,-0.18395429849624634,9.624699592590332
1700822963458784000,101.77078393554687,-1.7397040128707886,-0.13146716356277466,9.650209426879883
1700822963468847000,101.78084716796874,-1.6186004877090454,-0.0835232138633728,9.67179012298584
1700822963478738000,101.79073803710938,-1.5149600505828857,-0.04460632801055908,9.688824653625488
1700822963488876000,101.8008759765625,-1.4059829711914062,-0.008647124283015728,9.705334663391113
1700822963498830000,101.810830078125,-1.2811696529388428,0.026192134246230125,9.722567558288574
1700822963508807000,101.82080688476563,-1.1577622890472412,0.060186758637428284,9.737883567810059
1700822963519727000,101.83172705078125,-1.0269538164138794,0.09785773605108261,9.752238273620605
1700822963528688000,101.84068823242187,-0.8841066360473633,0.13825024664402008,9.765737533569336
1700822963538801000,101.85080078125,-0.746558666229248,0.1767755001783371,9.776593208312988
1700822963549039000,101.8610390625,-0.6133618950843811,0.21532559394836426,9.785082817077637
1700822963558778000,101.87077807617187,-0.48892655968666077,0.2530897855758667,9.791184425354004
1700822963568809000,101.88080908203125,-0.37329205870628357,0.29046323895454407,9.79523754119873
1700822963578650000,101.89065014648438,-0.26785218715667725,0.3276166319847107,9.797514915466309
1700822963588705000,101.900705078125,-0.17096447944641113,0.36592531204223633,9.79832935333252
1700822963599174000,101.911173828125,-0.06916764378547668,0.40784576535224915,9.797922134399414
1700822963608838000,101.920837890625,0.03834756091237068,0.44799569249153137,9.796337127685547
1700822963618691000,101.93069116210937,0.16204027831554413,0.48841363191604614,9.793140411376953
1700822963628855000,101.94085498046876,0.30556145310401917,0.5348936319351196,9.787282943725586
1700822963638851000,101.95085107421875,0.4389306604862213,0.578682541847229,9.779717445373535
1700822963648801000,101.96080102539062,0.5828911066055298,0.6243605613708496,9.769380569458008
1700822963658800000,101.97080004882812,0.7135434150695801,0.6657485365867615,9.757972717285156
1700822963668947000,101.98094702148437,0.8452049493789673,0.7107444405555725,9.74427318572998
1700822963678878000,101.9908779296875,0.9632660746574402,0.7540592551231384,9.73005199432373
1700822963688830000,102.00082983398437,1.0775281190872192,0.79677814245224,9.714652061462402
1700822963698933000,102.01093310546875,1.1706842184066772,0.8318582773208618,9.700922966003418
1700822963708991000,102.02099096679687,1.2413138151168823,0.8552432060241699,9.690103530883789
1700822963718847000,102.03084692382812,1.304740309715271,0.868821382522583,9.680558204650879
1700822963728821000,102.04082104492187,1.3877500295639038,0.8818190693855286,9.667829513549805
1700822963738837000,102.0508369140625,1.490270733833313,0.8983917236328125,9.651029586791992
1700822963748835000,102.0608349609375,1.6112357378005981,0.9241968989372253,9.629131317138672
1700822963758846000,102.07084594726562,1.7205218076705933,0.9506736993789673,9.607623100280762
1700822963768871000,102.08087084960937,1.8185832500457764,0.9775655269622803,9.586841583251953
1700822963778728000,102.09072802734374,1.9039666652679443,1.004562258720398,9.567453384399414
1700822963791115000,102.10311499023437,1.9739552736282349,1.029853343963623,9.550565719604492
1700822963808722000,102.12072192382813,2.0716288089752197,1.0700403451919556,9.525426864624023
1700822963818705000,102.13070483398438,2.103205680847168,1.083888292312622,9.516937255859375
1700822963828849000,102.14084887695313,2.1270954608917236,1.0952701568603516,9.510323524475098
1700822963838825000,102.15082495117187,2.1451728343963623,1.1056982278823853,9.505053520202637
1700822963848639000,102.16063891601563,2.1622211933135986,1.1161860227584839,9.499964714050293
1700822963858847000,102.17084692382812,2.1805641651153564,1.1281763315200806,9.494354248046875
1700822963868693000,102.18069287109375,2.193573236465454,1.139241337776184,9.490035057067871
1700822963878782000,102.19078198242188,2.1991024017333984,1.146362543106079,9.487895965576172
1700822963888755000,102.2007548828125,2.2002456188201904,1.1511754989624023,9.48705005645752
1700822963898777000,102.21077709960937,2.1984925270080566,1.1557353734970093,9.48690128326416
1700822963908797000,102.220796875,2.1916286945343018,1.159563422203064,9.48802375793457
1700822963918782000,102.23078198242187,2.1741714477539062,1.1629153490066528,9.491628646850586
1700822963928775000,102.24077490234374,2.145939588546753,1.167341947555542,9.497507095336914
1700822963938767000,102.25076708984375,2.120391845703125,1.1728607416152954,9.502565383911133
1700822963948773000,102.26077319335937,2.1023619174957275,1.1797949075698853,9.505711555480957
1700822963958808000,102.27080810546875,2.0904581546783447,1.1874638795852661,9.507383346557617
1700822963968814000,102.28081396484374,2.08069109916687,1.1946666240692139,9.508621215820312
1700822963978774000,102.29077392578125,2.0601587295532227,1.2166142463684082,9.510309219360352
1700822963988836000,102.30083618164062,2.046881914138794,1.224223256111145,9.512200355529785
1700822963998837000,102.3108369140625,2.0354607105255127,1.2254825830459595,9.51448917388916
1700822964008829000,102.32082885742187,2.0163636207580566,1.1966300010681152,9.522225379943848
1700822964018826000,102.33082592773438,1.956568717956543,1.083213448524475,9.548238754272461
1700822964028700000,102.34069995117187,1.8923741579055786,0.964734673500061,9.573848724365234
1700822964038790000,102.35078979492188,1.8323516845703125,0.8660340905189514,9.594939231872559
1700822964048791000,102.360791015625,1.7826926708221436,0.8038336634635925,9.609696388244629
1700822964058808000,102.37080810546875,1.746537685394287,0.7776610851287842,9.618484497070312
1700822964068773000,102.38077319335937,1.7279130220413208,0.7905386686325073,9.62079906463623
1700822964078786000,102.3907861328125,1.7115063667297363,0.8008552193641663,9.622879028320312
1700822964088878000,102.40087817382812,1.6957883834838867,0.8073437213897705,9.625118255615234
1700822964098780000,102.41077978515625,1.6787326335906982,0.8110299706459045,9.627798080444336
1700822964108874000,102.4208740234375,1.6529654264450073,0.824483335018158,9.631111145019531
1700822964119602000,102.43160180664063,1.6110937595367432,0.8468518257141113,9.63626480102539
1700822964128883000,102.44088305664063,1.567064881324768,0.8602399826049805,9.642337799072266
1700822964138883000,102.45088305664062,1.5265785455703735,0.8632821440696716,9.648557662963867
1700822964148803000,102.46080297851563,1.4914517402648926,0.8589049577713013,9.65444278717041
1700822964158878000,102.4708779296875,1.4550048112869263,0.847602367401123,9.661001205444336
1700822964168733000,102.48073291015625,1.4269970655441284,0.8214651346206665,9.667433738708496
1700822964178867000,102.49086694335938,1.4089990854263306,0.7792635560035706,9.673565864562988
1700822964188879000,102.50087915039063,1.364736795425415,0.7781532406806946,9.679998397827148
1700822964198818000,102.51081811523437,1.3359066247940063,0.7410860657691956,9.686925888061523
1700822964208741000,102.5207412109375,1.294005274772644,0.7318854331970215,9.69331169128418
1700822964218954000,102.5309541015625,1.2520684003829956,0.7309277057647705,9.69888973236084
1700822964228876000,102.5408759765625,1.21444571018219,0.7347872853279114,9.703381538391113
1700822964238701000,102.550701171875,1.1793380975723267,0.7430009841918945,9.707085609436035
1700822964248878000,102.56087817382813,1.143648386001587,0.7482713460922241,9.710949897766113
1700822964259072000,102.57107202148437,1.1045444011688232,0.750175416469574,9.715328216552734
1700822964269047000,102.58104711914062,1.0565450191497803,0.7482730746269226,9.720813751220703
1700822964278854000,102.59085400390624,1.0070329904556274,0.7417983412742615,9.7265625
1700822964288741000,102.6007412109375,0.9677695035934448,0.7417284846305847,9.73055362701416
1700822964298763000,102.61076293945312,0.935350775718689,0.7406152486801147,9.733806610107422
1700822964308915000,102.6209150390625,0.9080725908279419,0.7397612929344177,9.736454010009766
1700822964318861000,102.63086108398437,0.8889005780220032,0.7416428327560425,9.738081932067871
1700822964328753000,102.6407529296875,0.8777251243591309,0.7453016638755798,9.738814353942871
1700822964338768000,102.65076782226562,0.8741186261177063,0.7530398368835449,9.738545417785645
1700822964348781000,102.66078100585938,0.8782607913017273,0.759312629699707,9.737685203552246
1700822964358792000,102.6707919921875,0.8882499933242798,0.763269305229187,9.736468315124512
1700822964369622000,102.6816220703125,0.9032856822013855,0.7640332579612732,9.735025405883789
1700822964379053000,102.69105297851563,0.9180997610092163,0.7554922103881836,9.734306335449219
1700822964389041000,102.701041015625,0.9324033260345459,0.7423746585845947,9.733955383300781
1700822964398940000,102.71093994140625,0.9515537023544312,0.726559579372406,9.733297348022461
1700822964409113000,102.72111303710938,0.9745967388153076,0.7113035321235657,9.73214340209961
1700822964419140000,102.73114013671875,0.9991747140884399,0.6974939107894897,9.7306489944458
1700822964429238000,102.74123803710937,0.9829121232032776,0.7152019739151001,9.7310209274292
1700822964438861000,102.75086108398438,0.999701976776123,0.755156397819519,9.726290702819824
1700822964448775000,102.76077490234375,1.0276614427566528,0.7971432209014893,9.720026016235352
1700822964458854000,102.77085400390625,1.0595722198486328,0.8180562257766724,9.714858055114746
1700822964468980000,102.78097998046874,1.0847636461257935,0.823046863079071,9.711657524108887
1700822964478841000,102.79084106445312,1.112028956413269,0.8189511299133301,9.708919525146484
1700822964488933000,102.80093310546874,1.140394926071167,0.8124956488609314,9.706171035766602
1700822964498837000,102.8108369140625,1.1677371263504028,0.8074211478233337,9.703343391418457
1700822964509004000,102.82100415039062,1.189131498336792,0.8085530400276184,9.700650215148926
1700822964518940000,102.83093994140626,1.2067714929580688,0.8135709166526794,9.698051452636719
1700822964528938000,102.84093798828125,1.2330060005187988,0.8075304627418518,9.695256233215332
1700822964538791000,102.850791015625,1.2610700130462646,0.80242520570755,9.692070007324219
1700822964548769000,102.86076904296876,1.2863032817840576,0.799407958984375,9.689004898071289
1700822964558907000,102.87090698242187,1.3046984672546387,0.7993783950805664,9.686544418334961
1700822964568794000,102.88079418945313,1.3172192573547363,0.801386833190918,9.684683799743652
1700822964578781000,102.89078100585938,1.3273261785507202,0.8037766218185425,9.683106422424316
1700822964589183000,102.90118286132812,1.335961937904358,0.8076809644699097,9.68159294128418
1700822964598710000,102.9107099609375,1.3458961248397827,0.8126459121704102,9.679800987243652
1700822964608784000,102.92078393554688,1.358767032623291,0.8201301097869873,9.677372932434082
1700822964618766000,102.93076611328125,1.3796210289001465,0.8273799419403076,9.67380428314209
1700822964628739000,102.94073901367187,1.404239296913147,0.83537358045578,9.669573783874512
1700822964638790000,102.95078979492187,1.4252914190292358,0.845147967338562,9.665643692016602
1700822964648766000,102.96076586914063,1.4413368701934814,0.8556889295578003,9.662334442138672
1700822964658769000,102.97076879882812,1.4546797275543213,0.8658701181411743,9.659428596496582
1700822964668805000,102.98080517578126,1.4629063606262207,0.8746180534362793,9.65739917755127
1700822964678819000,102.99081909179688,1.469049096107483,0.8856936097145081,9.655457496643066
1700822964688837000,103.00083715820313,1.4700396060943604,0.9013620018959045,9.65385627746582
1700822964699254000,103.01125390625,1.4702900648117065,0.9175266623497009,9.652294158935547
1700822964708950000,103.02094995117187,1.4744781255722046,0.9315557479858398,9.650311470031738
1700822964718771000,103.03077099609375,1.486428141593933,0.9450801610946655,9.647163391113281
1700822964728815000,103.04081518554688,1.5055326223373413,0.9598992466926575,9.642735481262207
1700822964738835000,103.0508349609375,1.5272324085235596,0.9777522683143616,9.637529373168945
1700822964748790000,103.0607900390625,1.545254111289978,0.9957888722419739,9.632807731628418
1700822964758815000,103.07081494140625,1.5567854642868042,1.0112550258636475,9.629339218139648
1700822964769034000,103.08103393554687,1.5606257915496826,1.023413062095642,9.627432823181152
1700822964778899000,103.09089892578125,1.5566078424453735,1.0317766666412354,9.627190589904785
1700822964788720000,103.10072021484375,1.5375992059707642,1.0333949327468872,9.630071640014648
1700822964798866000,103.11086596679688,1.5183520317077637,1.0343281030654907,9.633025169372559
1700822964808698000,103.12069799804688,1.5011440515518188,1.0347884893417358,9.63567066192627
1700822964818827000,103.13082690429688,1.4839143753051758,1.034796118736267,9.638339042663574
1700822964828811000,103.14081103515625,1.4642506837844849,1.0349290370941162,9.641332626342773
1700822964838813000,103.15081298828125,1.524073600769043,1.1613985300064087,9.617627143859863
1700822964848886000,103.16088598632813,1.5070158243179321,1.2340704202651978,9.611263275146484
1700822964858701000,103.170701171875,1.4534469842910767,1.279313325881958,9.61359691619873
1700822964868863000,103.18086303710938,1.3572893142700195,1.3194643259048462,9.622222900390625
1700822964878906000,103.19090600585938,1.2561343908309937,1.3361443281173706,9.633650779724121
1700822964888751000,103.20075122070313,1.1965627670288086,1.3370029926300049,9.641114234924316
1700822964898699000,103.21069897460937,1.1735042333602905,1.3314660787582397,9.6447114944458
1700822964908770000,103.22077001953124,1.170390248298645,1.3236056566238403,9.646173477172852
1700822964918727000,103.23072680664062,1.1768752336502075,1.315680742263794,9.646468162536621
1700822964928898000,103.24089794921875,1.1892375946044922,1.3098480701446533,9.645746231079102
1700822964938677000,103.25067700195312,1.208608627319336,1.3059800863265991,9.643860816955566
1700822964948733000,103.26073291015625,1.235255241394043,1.3052783012390137,9.640580177307129
1700822964958749000,103.2707490234375,1.2627482414245605,1.3063654899597168,9.636871337890625
1700822964968676000,103.28067602539062,1.282576322555542,1.307576060295105,9.634088516235352
1700822964978772000,103.29077197265624,1.2882517576217651,1.306877613067627,9.633424758911133
1700822964988628000,103.3006279296875,1.2853350639343262,1.299506425857544,9.634812355041504
1700822964998897000,103.31089697265625,1.279657244682312,1.2908861637115479,9.636725425720215
1700822965008739000,103.32073901367187,1.2719115018844604,1.2827476263046265,9.638837814331055
1700822965018784000,103.33078393554688,1.2630387544631958,1.277802586555481,9.640660285949707
1700822965028758000,103.34075805664062,1.2549293041229248,1.2766098976135254,9.641878128051758
1700822965038939000,103.35093896484375,1.251510739326477,1.2803668975830078,9.641825675964355
1700822965049025000,103.36102490234374,1.1753612756729126,1.23214590549469,9.657676696777344
1700822965058741000,103.37074096679687,1.1729696989059448,1.2392218112945557,9.657062530517578
1700822965069858000,103.38185815429688,1.1671297550201416,1.244735598564148,9.657061576843262
1700822965078785000,103.39078491210938,1.1595590114593506,1.249159574508667,9.657402992248535
1700822965088781000,103.40078100585937,1.219016671180725,1.1952534914016724,9.656903266906738
1700822965098865000,103.41086499023437,1.2339681386947632,1.1848735809326172,9.65628433227539
1700822965108650000,103.42064990234375,1.2276452779769897,1.1854770183563232,9.657013893127441
1700822965118830000,103.430830078125,1.2135329246520996,1.1865718364715576,9.658665657043457
1700822965129351000,103.44135083007812,1.1887576580047607,1.1866042613983154,9.66174030303955
1700822965138813000,103.45081298828126,1.1589231491088867,1.1868770122528076,9.665329933166504
1700822965148825000,103.4608251953125,1.1280200481414795,1.185791254043579,9.66911792755127
1700822965158717000,103.47071704101562,1.1165215969085693,1.1760063171386719,9.671648025512695
1700822965168920000,103.48092016601562,1.102370262145996,1.1709274053573608,9.67388916015625
1700822965178918000,103.49091796875,1.0856047868728638,1.1698265075683594,9.675917625427246
1700822965188716000,103.50071606445313,1.0689531564712524,1.1713727712631226,9.677584648132324
1700822965198894000,103.51089404296874,1.0541621446609497,1.1750164031982422,9.678764343261719
1700822965208796000,103.5207958984375,1.05947744846344,1.1794474124908447,9.677643775939941
1700822965218793000,103.53079296875,1.0954995155334473,1.1845011711120605,9.673015594482422
1700822965228707000,103.54070703125,1.134150505065918,1.1877964735031128,9.668155670166016
1700822965238638000,103.55063818359375,1.1462783813476562,1.189186692237854,9.66655445098877
1700822965248705000,103.560705078125,1.1367965936660767,1.1895627975463867,9.667627334594727
1700822965258629000,103.57062915039063,1.119992733001709,1.1914085149765015,9.66936206817627
1700822965268724000,103.58072387695313,1.1036115884780884,1.1903759241104126,9.67137336730957
1700822965278884000,103.59088403320312,1.090605616569519,1.187363862991333,9.673218727111816
1700822965288747000,103.6007470703125,1.0856003761291504,1.1843962669372559,9.674144744873047
1700822965298734000,103.61073413085937,1.0894339084625244,1.1824041604995728,9.673957824707031
1700822965308872000,103.62087182617188,1.1049383878707886,1.1847621202468872,9.67190933227539
1700822965318884000,103.63088403320313,1.117624282836914,1.1869547367095947,9.670183181762695
1700822965329075000,103.64107495117187,1.1259461641311646,1.188367247581482,9.669044494628906
1700822965338791000,103.650791015625,1.1314523220062256,1.1884771585464478,9.668389320373535
1700822965348935000,103.66093481445313,1.1374986171722412,1.1880000829696655,9.667737007141113
1700822965358709000,103.670708984375,1.145194172859192,1.1884057521820068,9.666778564453125
1700822965368884000,103.68088403320313,1.0713821649551392,1.1061326265335083,9.684988021850586
1700822965378700000,103.69069995117188,1.059052586555481,1.0654767751693726,9.690900802612305
1700822965388638000,103.70063793945313,1.0541104078292847,1.0266598463058472,9.695629119873047
1700822965398936000,103.71093603515625,1.0457260608673096,0.9831883311271667,9.701040267944336
1700822965408841000,103.72084106445313,1.0355626344680786,0.9438909292221069,9.706033706665039
1700822965418869000,103.73086889648438,1.0245733261108398,0.9151272177696228,9.709953308105469
1700822965428729000,103.74072900390625,1.01309072971344,0.8975690603256226,9.712796211242676
1700822965438840000,103.75084008789062,0.9918559193611145,0.8824059367179871,9.716376304626465
1700822965448887000,103.76088696289062,0.9624652862548828,0.8722802996635437,9.720245361328125
1700822965458709000,103.770708984375,0.968360185623169,0.8712997436523438,9.719746589660645
1700822965468907000,103.78090698242187,0.9740943312644958,0.872259259223938,9.71908950805664
1700822965478718000,103.79071801757813,0.9782432913780212,0.8752669095993042,9.718402862548828
1700822965488914000,103.80091381835938,0.9792565703392029,0.8789792060852051,9.717965126037598
1700822965498951000,103.81095092773438,0.9836913347244263,0.8822686076164246,9.717218399047852
1700822965508732000,103.82073193359375,0.9944701790809631,0.8846724629402161,9.715903282165527
1700822965518935000,103.83093505859375,1.0092437267303467,0.8856658339500427,9.714289665222168
1700822965530773000,103.84277294921876,1.0244789123535156,0.8838222622871399,9.71286392211914
1700822965541527000,103.85352709960938,1.0391709804534912,0.8769368529319763,9.711926460266113
1700822965558971000,103.87097094726562,1.0593433380126953,0.8603545427322388,9.71122932434082
1700822965568821000,103.88082104492187,1.0618520975112915,0.8562512397766113,9.711318016052246
1700822965578689000,103.89068896484375,1.0630840063095093,0.8556327819824219,9.711238861083984
1700822965588786000,103.90078588867188,1.0648778676986694,0.8554153442382812,9.7110595703125
1700822965598707000,103.91070703125,1.0715359449386597,0.8416674137115479,9.711529731750488
1700822965608803000,103.92080297851562,1.0748478174209595,0.8267460465431213,9.712446212768555
1700822965618822000,103.93082177734375,1.0248849391937256,0.907135009765625,9.710668563842773
1700822965628833000,103.9408330078125,0.9789914488792419,0.9786863327026367,9.708457946777344
1700822965638682000,103.95068212890625,0.9320964217185974,1.0541150569915771,9.70517635345459
1700822965648795000,103.960794921875,0.8901888728141785,1.141012191772461,9.69927978515625
1700822965658874000,103.9708740234375,0.8688970804214478,1.2254928350448608,9.690902709960938
1700822965668776000,103.98077587890624,0.8745169639587402,1.2663103342056274,9.68514633178711
1700822965678920000,103.990919921875,0.895266592502594,1.2744512557983398,9.682184219360352
1700822965688784000,104.00078393554688,0.9433376789093018,1.2625608444213867,9.679177284240723
1700822965698914000,104.0109140625,1.0339175462722778,1.2046263217926025,9.677308082580566
1700822965708792000,104.0207919921875,1.1255375146865845,1.1055407524108887,9.678912162780762
1700822965718907000,104.03090698242187,1.1463061571121216,1.0851737260818481,9.678779602050781
1700822965728815000,104.04081518554688,1.1645265817642212,1.06613028049469,9.67872142791748
1700822965738823000,104.05082299804687,1.176709771156311,1.0499267578125,9.6790189743042
1700822965749058000,104.06105810546875,1.1747075319290161,1.0460954904556274,9.679676055908203
1700822965758855000,104.07085498046875,1.1639785766601562,1.042281150817871,9.681384086608887
1700822965768827000,104.08082690429687,1.146653413772583,1.037644386291504,9.683950424194336
1700822965778703000,104.090703125,1.1274412870407104,1.0309563875198364,9.686919212341309
1700822965788825000,104.1008251953125,1.1080249547958374,1.0216224193572998,9.69014835357666
1700822965798682000,104.11068212890625,1.0892138481140137,1.0098618268966675,9.693512916564941
1700822965808827000,104.12082690429688,1.071915864944458,0.9973162412643433,9.69674015045166
1700822965818825000,104.13082495117187,1.0400941371917725,0.9748361110687256,9.702489852905273
1700822965828841000,104.14084106445313,0.9937439560890198,0.9622668623924255,9.708600044250488
1700822965838848000,104.15084790039063,0.9615616202354431,0.9626160860061646,9.711807250976562
1700822965848830000,104.16082983398438,0.9416428804397583,0.9701514840126038,9.713006973266602
1700822965858815000,104.17081494140625,0.933063805103302,0.9793243408203125,9.712915420532227
1700822965868951000,104.18095092773437,0.9348448514938354,0.9883376955986023,9.711830139160156
1700822965878882000,104.19088208007813,0.947340190410614,0.9965128302574158,9.709783554077148
1700822965888950000,104.20094995117188,0.9599620699882507,1.0053178071975708,9.707635879516602
1700822965898833000,104.2108330078125,0.9747949242591858,1.0093883275985718,9.705737113952637
1700822965908945000,104.22094482421875,0.990147054195404,1.0081030130386353,9.704315185546875
1700822965918808000,104.23080810546875,1.0058411359786987,1.0035808086395264,9.703170776367188
1700822965928969000,104.24096899414063,1.0195032358169556,0.9966791272163391,9.702455520629883
1700822965938982000,104.25098193359375,1.0789116621017456,0.909782350063324,9.704568862915039
1700822965948994000,104.260994140625,1.09770929813385,0.904887855052948,9.70291805267334
1700822965959009000,104.27100903320313,1.1797572374343872,0.8476535081863403,9.698457717895508
1700822965968859000,104.28085888671875,1.2715096473693848,0.8072232604026794,9.690306663513184
1700822965978851000,104.29085107421875,1.365732192993164,0.7917360663414001,9.678757667541504
1700822965988924000,104.300923828125,1.4444319009780884,0.8044348359107971,9.666275978088379
1700822966000585000,104.3125849609375,1.5225372314453125,0.8576669096946716,9.649699211120605
1700822966008655000,104.32065502929687,1.5580799579620361,0.888451337814331,9.641236305236816
1700822966018880000,104.3308798828125,1.6059532165527344,0.923023521900177,9.630125999450684
1700822966029216000,104.34121606445312,1.6017118692398071,0.9228510856628418,9.630850791931152
1700822966038647000,104.35064697265625,1.6000632047653198,0.9216089844703674,9.631241798400879
1700822966048856000,104.36085595703125,1.6072286367416382,0.9172376394271851,9.630467414855957
1700822966058863000,104.37086303710937,1.7970672845840454,0.8754697442054749,9.600754737854004
1700822966068752000,104.380751953125,1.9649723768234253,0.8093366026878357,9.573622703552246
1700822966078741000,104.39074096679687,2.036555528640747,0.763202965259552,9.562444686889648
1700822966088763000,104.40076293945313,2.0561697483062744,0.7529305219650269,9.559061050415039
1700822966098814000,104.41081396484375,2.0614805221557617,0.7482552528381348,9.5582857131958
1700822966108803000,104.42080297851562,2.0480527877807617,0.7474693655967712,9.561232566833496
1700822966118994000,104.43099389648438,2.030017137527466,0.7515093088150024,9.5647611618042
1700822966128938000,104.44093798828125,2.0196218490600586,0.7617737650871277,9.566149711608887
1700822966138799000,104.45079907226562,2.0194637775421143,0.7722378969192505,9.565345764160156
1700822966148809000,104.46080908203125,2.0250117778778076,0.7790154218673706,9.56362247467041
1700822966158817000,104.47081713867188,2.0308380126953125,0.7774746417999268,9.56251049041748
1700822966168695000,104.48069506835938,2.0370044708251953,0.7675088047981262,9.562005043029785
1700822966178755000,104.49075512695312,2.045753002166748,0.7535191774368286,9.561248779296875
1700822966188790000,104.5007900390625,2.0560483932495117,0.7408259510993958,9.560033798217773
1700822966199013000,104.51101318359375,1.9914708137512207,0.5863257050514221,9.584396362304688
1700822966208802000,104.52080200195313,1.9276351928710938,0.533781886100769,9.600505828857422
1700822966218975000,104.53097509765625,1.8761042356491089,0.5201756954193115,9.61145305633545
1700822966228804000,104.54080419921875,1.8494006395339966,0.5236398577690125,9.616439819335938
1700822966238832000,104.55083203125,1.8340531587600708,0.5325590968132019,9.618889808654785
1700822966248820000,104.56082006835938,1.832714319229126,0.5495181083679199,9.61819076538086
1700822966258860000,104.57086010742188,1.8466145992279053,0.5781205296516418,9.613852500915527
1700822966268824000,104.58082397460937,1.872350811958313,0.6102390885353088,9.606888771057129
1700822966278814000,104.59081396484375,1.8828434944152832,0.6042772531509399,9.60521411895752
1700822966288836000,104.60083618164063,1.9303736686706543,0.6187760233879089,9.59485149383545
1700822966298780000,104.61077978515625,1.9639567136764526,0.6132102608680725,9.588390350341797
1700822966308837000,104.62083715820313,1.971730351448059,0.6021847128868103,9.587495803833008
1700822966319206000,104.63120581054687,1.9638413190841675,0.5942609310150146,9.589608192443848
1700822966328653000,104.64065307617187,1.9464292526245117,0.5902587175369263,9.593405723571777
1700822966338782000,104.65078198242188,1.9275445938110352,0.5863950252532959,9.597453117370605
1700822966348778000,104.66077807617188,1.9177517890930176,0.5829007029533386,9.599627494812012
1700822966358860000,104.67086010742187,1.9181571006774902,0.5792483687400818,9.599769592285156
1700822966368957000,104.68095703125,1.9682574272155762,0.7251692414283752,9.579690933227539
1700822966378862000,104.69086206054688,1.977038025856018,0.8318217396736145,9.569209098815918
1700822966388689000,104.70068896484375,1.9662030935287476,0.9132575988769531,9.564016342163086
1700822966399293000,104.71129296875,1.947062373161316,0.9626885652542114,9.563084602355957
1700822966408921000,104.72092114257812,1.9238252639770508,0.9807143211364746,9.565954208374023
1700822966418762000,104.73076196289063,1.8945579528808594,0.983207643032074,9.571539878845215
1700822966428716000,104.74071606445312,1.852197289466858,0.9857295751571655,9.579566955566406
1700822966438788000,104.7507880859375,1.7997978925704956,0.9875044226646423,9.589366912841797
1700822966448736000,104.76073608398437,1.747024655342102,0.9873071908950806,9.599141120910645
1700822966458785000,104.77078491210938,1.6911767721176147,0.9848068952560425,9.609395027160645
1700822966468836000,104.78083618164062,1.6399956941604614,0.9778168797492981,9.618973731994629
1700822966478982000,104.79098193359376,1.59478759765625,0.9670546650886536,9.62766170501709
1700822966488744000,104.80074389648438,1.552842617034912,0.951349139213562,9.636076927185059
1700822966498762000,104.81076196289062,1.5260677337646484,0.9361512660980225,9.641843795776367
1700822966508824000,104.82082397460937,1.5142229795455933,0.9232602119445801,9.644952774047852
1700822966518769000,104.83076879882813,1.516880750656128,0.9151581525802612,9.645306587219238
1700822966528838000,104.840837890625,1.527127742767334,0.9099947810173035,9.644180297851562
1700822966538991000,104.8509912109375,1.53690505027771,0.9011161923408508,9.643458366394043
1700822966548711000,104.8607109375,1.524540662765503,0.8883870840072632,9.646602630615234
1700822966558774000,104.87077392578125,1.501175880432129,0.8702119588851929,9.651922225952148
1700822966568769000,104.88076904296875,1.4778447151184082,0.8502496480941772,9.657299995422363
1700822966578657000,104.89065698242187,1.4581363201141357,0.829587996006012,9.662090301513672
1700822966588746000,104.90074609375,1.4408228397369385,0.8106067776679993,9.666297912597656
1700822966598779000,104.91077880859375,1.4244810342788696,0.7967825531959534,9.669869422912598
1700822966608765000,104.92076489257812,1.4088011980056763,0.7863506078720093,9.67302131652832
1700822966618798000,104.93079809570312,1.3020809888839722,0.7599591612815857,9.690071105957031
1700822966628702000,104.94070190429687,1.1981152296066284,0.7196566462516785,9.706544876098633
1700822966638673000,104.9506728515625,1.1021757125854492,0.660321831703186,9.72211742401123
1700822966648799000,104.96079907226563,1.0069929361343384,0.5819604992866516,9.73743724822998
1700822966658827000,104.97082690429687,1.0153367519378662,0.5727242231369019,9.737116813659668
1700822966668819000,104.98081884765625,1.0189540386199951,0.5607500076293945,9.737438201904297
1700822966678935000,104.99093505859375,0.8271172046661377,0.4193722605705261,9.76270580291748
1700822966688748000,105.000748046875,0.8038564324378967,0.39952102303504944,9.76547908782959
1700822966698720000,105.01071997070312,0.7693936228752136,0.37850597500801086,9.769092559814453
1700822966708868000,105.0208681640625,0.730320930480957,0.3566489517688751,9.772912979125977
1700822966718736000,105.03073583984374,0.7001853585243225,0.3375149369239807,9.775798797607422
1700822966728926000,105.04092602539062,0.6770470142364502,0.3199535608291626,9.7780179977417
1700822966738712000,105.05071215820313,0.6500362753868103,0.30243104696273804,9.780407905578613
1700822966748709000,105.06070922851562,0.6167986392974854,0.28316637873649597,9.783136367797852
1700822966758842000,105.07084204101562,0.581511914730072,0.2622703015804291,9.785880088806152
1700822966768817000,105.08081689453125,0.5457669496536255,0.19036416709423065,9.789602279663086
1700822966778758000,105.0907578125,0.5173153281211853,0.16418957710266113,9.791619300842285
1700822966788820000,105.10082006835937,0.4925841987133026,0.1482660323381424,9.7931489944458
1700822966798749000,105.1107490234375,0.47391369938850403,0.13743191957473755,9.794227600097656
1700822966808813000,105.12081298828124,0.46694910526275635,0.13435907661914825,9.794605255126953
1700822966818848000,105.13084790039062,0.47718730568885803,0.13976094126701355,9.794035911560059
1700822966829067000,105.14106689453125,0.47075873613357544,0.14015841484069824,9.794342041015625
1700822966838839000,105.15083911132812,0.46387335658073425,0.14015549421310425,9.794670104980469
1700822966848812000,105.16081201171875,0.4538526237010956,0.1389133781194687,9.795158386230469
1700822966858829000,105.1708291015625,0.5502212643623352,0.14471155405044556,9.790133476257324
1700822966868820000,105.18082006835938,0.6051400303840637,0.12765607237815857,9.787130355834961
1700822966878906000,105.19090600585938,0.6450316309928894,0.0994035005569458,9.78490924835205
1700822966888835000,105.2008349609375,0.6691285371780396,0.07828443497419357,9.78348159790039
1700822966898705000,105.21070483398438,0.6801581382751465,0.07121259719133377,9.782774925231934
1700822966908859000,105.22085888671874,0.6840305924415588,0.07315291464328766,9.782491683959961
1700822966918840000,105.23084008789063,0.6834627389907837,0.07618687301874161,9.782508850097656
1700822966928748000,105.240748046875,0.6719932556152344,0.0777764841914177,9.783289909362793
1700822966938848000,105.25084790039062,0.6568962335586548,0.07486585527658463,9.78433895111084
1700822966948814000,105.26081396484375,0.6455758213996887,0.06776946783065796,9.78514289855957
1700822966958751000,105.2707509765625,0.6403068900108337,0.06569646298885345,9.785503387451172
1700822966969628000,105.2816279296875,0.633002758026123,0.06206716597080231,9.786004066467285
1700822966978719000,105.29071899414062,0.6259209513664246,0.05867898464202881,9.786478996276855
1700822966989259000,105.30125903320312,0.6196192502975464,0.053992580622434616,9.786908149719238
1700822966998844000,105.31084399414063,0.6183618903160095,0.04803074896335602,9.787018775939941
1700822967008860000,105.32085986328126,0.6226111054420471,0.040184710174798965,9.786784172058105
1700822967018894000,105.33089404296875,0.6316647529602051,0.03273322805762291,9.786230087280273
1700822967028752000,105.340751953125,0.6439642906188965,0.02754237875342369,9.785445213317871
1700822967038678000,105.35067797851562,0.6578995585441589,0.02581833302974701,9.784523963928223
1700822967048702000,105.36070190429687,0.6703840494155884,0.02933306246995926,9.78366756439209
1700822967058650000,105.37065014648438,0.684090256690979,0.035650573670864105,9.782694816589355
1700822967068653000,105.38065307617188,0.702096700668335,0.043541911989450455,9.781389236450195
1700822967078638000,105.39063818359375,0.7230933308601379,0.05268237367272377,9.779812812805176
1700822967088648000,105.40064794921875,0.7458736300468445,0.06154518574476242,9.778051376342773
1700822967098649000,105.41064916992187,0.7732587456703186,0.06792056560516357,9.77588176727295
1700822967108642000,105.42064208984375,0.807682991027832,0.07108107954263687,9.773075103759766
1700822967118723000,105.43072314453126,0.8466641902923584,0.07334581017494202,9.769758224487305
1700822967128756000,105.440755859375,0.8909314870834351,0.07652852684259415,9.765795707702637
1700822967138636000,105.45063598632812,0.9382976293563843,0.08260463178157806,9.761309623718262
1700822967148732000,105.46073193359375,0.9825558662414551,0.08388327807188034,9.756942749023438
1700822967158730000,105.47072998046875,1.0282936096191406,0.0864236056804657,9.75220775604248
1700822967168726000,105.48072607421875,1.0774062871932983,0.08744330704212189,9.746893882751465
1700822967178692000,105.49069213867188,1.1366560459136963,0.08554244041442871,9.740179061889648
1700822967188849000,105.50084887695313,1.1940449476242065,0.08048924803733826,9.733352661132812
1700822967198877000,105.510876953125,1.251336932182312,0.06852087378501892,9.726245880126953
1700822967208779000,105.52077905273437,1.2918263673782349,0.04593202471733093,9.721084594726562
1700822967218873000,105.530873046875,1.3186469078063965,0.005543897859752178,9.717588424682617
1700822967228915000,105.5409150390625,1.3338268995285034,-0.042587682604789734,9.715424537658691
1700822967238786000,105.5507861328125,1.3468141555786133,-0.10010901838541031,9.713211059570312
1700822967248837000,105.56083715820313,1.3659920692443848,-0.14920184016227722,9.709900856018066
1700822967258626000,105.5706259765625,1.389433741569519,-0.18294453620910645,9.705998420715332
1700822967268808000,105.58080786132813,1.3961963653564453,-0.20069296658039093,9.704676628112793
1700822967278714000,105.59071411132813,1.3759856224060059,-0.21531449258327484,9.70724868774414
1700822967288819000,105.60081884765626,1.337567925453186,-0.23426176607608795,9.712180137634277
1700822967298843000,105.6108427734375,1.2881135940551758,-0.25781652331352234,9.718265533447266
1700822967308796000,105.6207958984375,1.2290046215057373,-0.2857055366039276,9.725138664245605
1700822967318854000,105.63085400390625,1.1630603075027466,-0.3156275153160095,9.732320785522461
1700822967328730000,105.64073022460937,1.0966200828552246,-0.3405143916606903,9.739192008972168
1700822967338835000,105.6508349609375,1.029597282409668,-0.35725921392440796,9.745905876159668
1700822967348810000,105.66081005859375,0.9636097550392151,-0.36785075068473816,9.75225830078125
1700822967358839000,105.67083911132812,0.8915373682975769,-0.3740025460720062,9.758878707885742
1700822967368802000,105.68080200195313,0.7978288531303406,-0.37699267268180847,9.76686954498291
1700822967378951000,105.69095092773438,0.6777812242507935,-0.3782496750354767,9.775886535644531
1700822967388824000,105.70082397460938,0.5405541658401489,-0.3785536289215088,9.784421920776367
1700822967398879000,105.71087890625,0.4061722755432129,-0.3751791715621948,9.791049003601074
1700822967408785000,105.72078491210938,0.2695797383785248,-0.36417174339294434,9.79617691040039
1700822967418731000,105.73073095703126,0.14855945110321045,-0.3469327390193939,9.799386024475098
1700822967428750000,105.74075,0.023233868181705475,-0.3282034993171692,9.801127433776855
1700822967438654000,105.75065405273438,-0.11878800392150879,-0.32065993547439575,9.800687789916992
1700822967448796000,105.7607958984375,-0.25578707456588745,-0.3247562646865845,9.797933578491211
1700822967459171000,105.77117114257813,-0.3922054171562195,-0.3329954147338867,9.793145179748535
1700822967468820000,105.78082006835938,-0.5466583371162415,-0.3374193608760834,9.785587310791016
1700822967478892000,105.79089208984375,-0.713361918926239,-0.3330880403518677,9.774995803833008
1700822967488760000,105.80076000976563,-0.8754969239234924,-0.325977623462677,9.762049674987793
1700822967498769000,105.81076879882812,-1.0392138957977295,-0.31941404938697815,9.746198654174805
1700822967508808000,105.82080786132812,-1.20793879032135,-0.3150117099285126,9.726872444152832
1700822967518819000,105.83081909179687,-1.3867744207382202,-0.3139142692089081,9.703025817871094
1700822967528875000,105.840875,-1.5668548345565796,-0.3101353347301483,9.675701141357422
1700822967538840000,105.85084008789063,-1.7335270643234253,-0.2990975081920624,9.647581100463867
1700822967549137000,105.86113696289063,-1.8845170736312866,-0.27999183535575867,9.619800567626953
1700822967558766000,105.87076611328125,-2.0107102394104004,-0.25822335481643677,9.594829559326172
1700822967568736000,105.88073608398437,-2.1385066509246826,-0.24279987812042236,9.567560195922852
1700822967578670000,105.89067016601562,-2.2699036598205566,-0.2389093041419983,9.537341117858887
1700822967588746000,105.90074609375,-2.386688232421875,-0.24206221103668213,9.508708000183105
1700822967598801000,105.91080078125,-2.4982447624206543,-0.25148147344589233,9.47976303100586
1700822967608755000,105.9207548828125,-2.59245228767395,-0.27218320965766907,9.453861236572266
1700822967618836000,105.9308359375,-2.6619646549224854,-0.30129474401474,9.433638572692871
1700822967628774000,105.94077392578124,-2.7163031101226807,-0.3275599479675293,9.417259216308594
1700822967638930000,105.95092993164063,-2.7834224700927734,-0.3460395932197571,9.396977424621582
1700822967648777000,105.96077685546875,-2.8722641468048096,-0.36354631185531616,9.369543075561523
1700822967658973000,105.97097290039062,-2.9496548175811768,-0.3819596469402313,9.344734191894531
1700822967668754000,105.98075390625,-3.0126562118530273,-0.39711102843284607,9.323982238769531
1700822967678787000,105.990787109375,-3.0919432640075684,-0.40778908133506775,9.297525405883789
1700822967688865000,106.00086499023438,-3.187188148498535,-0.4187234342098236,9.264822006225586
1700822967698806000,106.01080590820312,-3.280299425125122,-0.4351485073566437,9.231502532958984
1700822967709070000,106.02107006835938,-3.389500379562378,-0.4584598243236542,9.190838813781738
1700822967718804000,106.03080395507813,-3.5357940196990967,-0.4823179543018341,9.134326934814453
1700822967728758000,106.04075805664063,-3.7042934894561768,-0.5053016543388367,9.066052436828613
1700822967738663000,106.05066284179688,-3.8723254203796387,-0.5282777547836304,8.994244575500488
1700822967748784000,106.0607841796875,-4.012241363525391,-0.546177864074707,8.931629180908203
1700822967758984000,106.07098388671875,-4.125659465789795,-0.556304395198822,8.879182815551758
1700822967769021000,106.08102099609376,-4.205325126647949,-0.5587199330329895,8.841578483581543
1700822967778869000,106.09086889648438,-4.265011787414551,-0.5575684309005737,8.813011169433594
1700822967788817000,106.10081689453125,-4.2994818687438965,-0.5617778897285461,8.795980453491211
1700822967798747000,106.11074682617188,-4.3381667137146,-0.5681710839271545,8.776555061340332
1700822967808875000,106.120875,-4.3716912269592285,-0.5789198279380798,8.759198188781738
1700822967818847000,106.13084692382813,-4.3998122215271,-0.594626247882843,8.744053840637207
1700822967828840000,106.14083984375,-4.421666622161865,-0.6132391691207886,8.731734275817871
1700822967838839000,106.15083911132812,-4.43006706237793,-0.6325467824935913,8.726099014282227
1700822967848831000,106.1608310546875,-4.435308456420898,-0.6503475308418274,8.722125053405762
1700822967858853000,106.17085302734375,-4.426840782165527,-0.6665434837341309,8.72520637512207
1700822967868936000,106.18093603515625,-4.400804042816162,-0.6743634939193726,8.737765312194824
1700822967878833000,106.1908330078125,-4.362481594085693,-0.664959728717804,8.757680892944336
1700822967888958000,106.2009580078125,-4.303568363189697,-0.6418646574020386,8.788497924804688
1700822967898707000,106.21070703125,-4.203916549682617,-0.6150088310241699,8.838510513305664
1700822967908756000,106.220755859375,-4.047646999359131,-0.5853644609451294,8.913153648376465
1700822967918838000,106.23083813476562,-3.8463077545166016,-0.5554007291793823,9.003769874572754
1700822967928840000,106.24083984375,-3.623955011367798,-0.5227987170219421,9.097476959228516
1700822967938836000,106.2508359375,-3.3874733448028564,-0.48991236090660095,9.189963340759277
1700822967948816000,106.26081591796876,-3.1480140686035156,-0.4597504436969757,9.276262283325195
1700822967958956000,106.2709560546875,-2.8851404190063477,-0.4238724708557129,9.363051414489746
1700822967968876000,106.2808759765625,-2.5973148345947266,-0.3805035948753357,9.448786735534668
1700822967978873000,106.290873046875,-2.301156997680664,-0.33629998564720154,9.526908874511719
1700822967988825000,106.3008251953125,-1.9792600870132446,-0.2894838750362396,9.60047435760498
1700822967998884000,106.31088403320312,-1.6532225608825684,-0.24345336854457855,9.663227081298828
1700822968009067000,106.32106689453126,-1.3301886320114136,-0.19867666065692902,9.713984489440918
1700822968018842000,106.33084204101563,-1.0260405540466309,-0.15656915307044983,9.751568794250488
1700822968028794000,106.34079418945312,-0.7313874363899231,-0.11364099383354187,9.778678894042969
1700822968038784000,106.35078393554687,-0.45785921812057495,-0.0691547840833664,9.7957124710083
1700822968048700000,106.36069995117188,-0.2111179083585739,-0.02495557814836502,9.80434513092041
1700822968058764000,106.37076391601562,-0.0026665888726711273,0.014964929781854153,9.806638717651367
1700822968068717000,106.38071704101563,0.16201777756214142,0.04583440721035004,9.805205345153809
1700822968078965000,106.39096508789062,0.2774462401866913,0.06763064861297607,9.802490234375
1700822968088805000,106.40080517578124,0.3662310242652893,0.08558890968561172,9.79943561553955
1700822968098708000,106.4107080078125,0.38823768496513367,0.10073971748352051,9.798445701599121
1700822968108803000,106.42080297851562,0.355472594499588,0.10890841484069824,9.799599647521973
1700822968118684000,106.43068383789063,0.27735358476638794,0.10836188495159149,9.802129745483398
1700822968128728000,106.44072802734375,0.1626785844564438,0.09618600457906723,9.804829597473145
1700822968138862000,106.45086206054688,0.012987200170755386,0.07092150300741196,9.80638599395752
1700822968148785000,106.46078491210938,-0.14977526664733887,0.03705868870019913,9.805437088012695
1700822968158749000,106.4707490234375,-0.30513328313827515,-0.0022521628998219967,9.801901817321777
1700822968168770000,106.48077001953125,-0.45219987630844116,-0.04522504284977913,9.796116828918457
1700822968178770000,106.49077001953125,-0.5964394211769104,-0.08847089856863022,9.788095474243164
1700822968188786000,106.50078588867187,-0.7554337382316589,-0.13170126080513,9.776623725891113
1700822968198797000,106.51079711914062,-0.9590326547622681,-0.1794099360704422,9.75799560546875
1700822968208926000,106.52092602539062,-1.2078399658203125,-0.2320946455001831,9.729216575622559
1700822968218775000,106.53077514648437,-1.4947283267974854,-0.28992870450019836,9.68773078918457
1700822968228781000,106.54078100585937,-1.752548098564148,-0.34396716952323914,9.642648696899414
1700822968238835000,106.5508349609375,-1.945752739906311,-0.3947784900665283,9.603571891784668
1700822968248882000,106.5608818359375,-2.0679473876953125,-0.440644770860672,9.57600212097168
1700822968258861000,106.57086108398437,-2.1645071506500244,-0.49123629927635193,9.552170753479004
1700822968268958000,106.5809580078125,-2.266458034515381,-0.5479989051818848,9.525399208068848
1700822968278986000,106.59098608398438,-2.394972085952759,-0.6069093942642212,9.490318298339844
1700822968288998000,106.60099780273437,-2.5158867835998535,-0.6498880982398987,9.45612907409668
1700822968299003000,106.6110029296875,-2.61405086517334,-0.6788888573646545,9.42741870880127
1700822968308910000,106.62091015625,-2.669206380844116,-0.7001122832298279,9.410398483276367
1700822968319311000,106.63131103515624,-2.7140414714813232,-0.7212576270103455,9.395963668823242
1700822968329232000,106.64123193359374,-2.7707793712615967,-0.7392062544822693,9.3779935836792
1700822968338876000,106.6508759765625,-2.8362574577331543,-0.7539236545562744,9.357224464416504
1700822968348825000,106.6608251953125,-2.8821821212768555,-0.7617012858390808,9.342551231384277
1700822968358853000,106.67085302734375,-2.8948802947998047,-0.7575742602348328,9.338957786560059
1700822968368972000,106.68097192382812,-2.892957925796509,-0.7442927956581116,9.340624809265137
1700822968378903000,106.69090307617188,-2.8932530879974365,-0.7317810654640198,9.341519355773926
1700822968388794000,106.70079418945312,-2.911661386489868,-0.718683123588562,9.336814880371094
1700822968398948000,106.71094799804688,-2.94889497756958,-0.7043816447257996,9.326212882995605
1700822968408901000,106.72090112304687,-2.935375928878784,-0.6924223303794861,9.33137321472168
1700822968418752000,106.730751953125,-2.887822151184082,-0.6831409931182861,9.346883773803711
1700822968428744000,106.74074389648437,-2.8214666843414307,-0.6809200644493103,9.367287635803223
1700822968438865000,106.75086499023438,-2.7411410808563232,-0.6843003630638123,9.390860557556152
1700822968448741000,106.7607412109375,-2.657410144805908,-0.6899228692054749,9.414488792419434
1700822968458859000,106.77085888671876,-2.595080852508545,-0.6920154690742493,9.431706428527832
1700822968468719000,106.78071899414063,-2.5603034496307373,-0.6859279870986938,9.441650390625
1700822968478953000,106.79095288085938,-2.522198438644409,-0.6771700978279114,9.452531814575195
1700822968489068000,106.80106811523437,-2.469928741455078,-0.6722501516342163,9.4666748046875
1700822968498800000,106.81080004882813,-2.385422706604004,-0.6660191416740417,9.488759994506836
1700822968508834000,106.820833984375,-2.2842864990234375,-0.6542726159095764,9.51442813873291
1700822968518826000,106.83082592773438,-2.1579833030700684,-0.6338406205177307,9.545247077941895
1700822968528805000,106.84080517578126,-2.027193546295166,-0.6114540100097656,9.575332641601562
1700822968538792000,106.8507919921875,-1.8910999298095703,-0.5904901623725891,9.604449272155762
1700822968549072000,106.86107177734375,-1.754734992980957,-0.5694044232368469,9.63156795501709
1700822968558872000,106.8708720703125,-1.6125997304916382,-0.5445952415466309,9.65781307220459
1700822968568796000,106.8807958984375,-1.4684081077575684,-0.5146098732948303,9.682425498962402
1700822968578790000,106.89078979492187,-1.320448398590088,-0.48022040724754333,9.705474853515625
1700822968588741000,106.9007412109375,-1.165016770362854,-0.4457283318042755,9.726997375488281
1700822968598805000,106.91080493164063,-1.0197762250900269,-0.4152718186378479,9.74463939666748
1700822968608771000,106.92077099609375,-0.8790782690048218,-0.3807268738746643,9.759745597839355
1700822968618799000,106.93079907226563,-0.7448986172676086,-0.3435267210006714,9.772282600402832
1700822968628780000,106.94078002929687,-0.6058765053749084,-0.30725130438804626,9.783093452453613
1700822968638804000,106.95080395507813,-0.47032618522644043,-0.2740834951400757,9.791531562805176
1700822968648761000,106.96076098632813,-0.3232002854347229,-0.23757074773311615,9.798442840576172
1700822968658831000,106.9708310546875,-0.16652444005012512,-0.1988891363143921,9.803217887878418
1700822968668765000,106.98076489257812,-0.007883154787123203,-0.15980857610702515,9.805344581604004
1700822968678815000,106.99081494140626,0.13894347846508026,-0.12443448603153229,9.804878234863281
1700822968688766000,107.00076586914062,0.28058192133903503,-0.09106588363647461,9.802213668823242
1700822968698850000,107.01085009765625,0.4110407829284668,-0.0589095801115036,9.79785442352295
1700822968708803000,107.02080297851562,0.5210983753204346,-0.02590980939567089,9.79276180267334
1700822968718805000,107.03080493164063,0.6009814739227295,0.004007481969892979,9.788217544555664
1700822968728830000,107.04082983398438,0.673693060874939,0.027212709188461304,9.783443450927734
1700822968738714000,107.05071411132812,0.7439347505569458,0.046264030039310455,9.778282165527344
1700822968748946000,107.06094580078125,0.8171694874763489,0.06405337154865265,9.772335052490234
1700822968758893000,107.07089306640626,0.8819088339805603,0.07883359491825104,9.766597747802734
1700822968768857000,107.08085717773437,0.9513076543807983,0.09371113777160645,9.759950637817383
1700822968778897000,107.09089697265625,1.0196198225021362,0.10893939435482025,9.752891540527344
1700822968788910000,107.10091015625,1.062296986579895,0.12212708592414856,9.74817943572998
1700822968798901000,107.11090087890625,1.0922083854675293,0.13728636503219604,9.744670867919922
1700822968808864000,107.12086401367188,1.10953950881958,0.15095306932926178,9.742511749267578
1700822968818886000,107.13088598632812,1.1142957210540771,0.1583952009677887,9.741849899291992
1700822968828827000,107.14082690429687,1.1177932024002075,0.16329613327980042,9.741368293762207
1700822968838866000,107.15086596679687,1.1116989850997925,0.15821196138858795,9.74215030670166
1700822968848834000,107.160833984375,1.106067419052124,0.15434738993644714,9.742852210998535
1700822968858851000,107.17085107421875,1.1008268594741821,0.1596326380968094,9.743361473083496
1700822968868836000,107.18083618164063,1.0840294361114502,0.16733750700950623,9.745116233825684
1700822968878732000,107.19073193359375,1.0635112524032593,0.17645810544490814,9.747215270996094
1700822968888711000,107.2007109375,1.0489330291748047,0.18591538071632385,9.748619079589844
1700822968898839000,107.21083911132813,1.034254789352417,0.1962687224149704,9.749983787536621
1700822968908856000,107.22085595703125,1.1656169891357422,0.2808116376399994,9.733080863952637
1700822968918854000,107.23085400390624,1.3123352527618408,0.38192659616470337,9.710938453674316
1700822968928755000,107.2407548828125,1.277292251586914,0.3836728632450104,9.715540885925293
1700822968938683000,107.25068286132813,1.2448288202285767,0.38386136293411255,9.719744682312012
1700822968948995000,107.2609951171875,1.7048437595367432,0.6164575219154358,9.637627601623535
1700822968958776000,107.27077612304687,2.0265209674835205,0.7902140021324158,9.562384605407715
1700822968968743000,107.28074291992188,2.202636241912842,0.9011813998222351,9.51349925994873
1700822968978686000,107.29068603515626,2.202972173690796,0.907270073890686,9.512842178344727
1700822968988633000,107.30063305664062,2.2219719886779785,0.9138386249542236,9.507792472839355
1700822968998798000,107.31079809570312,2.255838632583618,0.9189619421958923,9.499320983886719
1700822969008905000,107.32090502929688,2.296351671218872,0.924771249294281,9.489044189453125
1700822969018673000,107.3306728515625,2.337846517562866,0.933057963848114,9.478095054626465
1700822969028791000,107.340791015625,2.3768794536590576,0.9396823644638062,9.46772575378418
1700822969038646000,107.35064599609375,2.4090871810913086,0.9452569484710693,9.459026336669922
1700822969048999000,107.3609990234375,2.437635660171509,0.9505079984664917,9.451183319091797
1700822969059375000,107.371375,2.4667861461639404,0.956497311592102,9.443013191223145
1700822969069198000,107.38119799804687,2.4416327476501465,0.951447069644928,9.450056076049805
1700822969078779000,107.39077880859375,2.4813015460968018,0.9586553573608398,9.438990592956543
1700822969088720000,107.40071997070312,2.540801763534546,0.9681424498558044,9.4221773147583
1700822969098858000,107.41085791015625,2.605607509613037,0.9765528440475464,9.403593063354492
1700822969108809000,107.42080908203125,2.6804800033569336,0.9867931008338928,9.381453514099121
1700822969118870000,107.4308701171875,2.755833625793457,0.998548686504364,9.35834789276123
1700822969128784000,107.44078393554688,2.824509382247925,1.0107368230819702,9.336538314819336
1700822969139907000,107.45190698242187,2.8870413303375244,1.0238111019134521,9.315963745117188
1700822969148690000,107.46068994140624,2.944613218307495,1.0375394821166992,9.296405792236328
1700822969158747000,107.47074682617188,2.9963440895080566,1.0491405725479126,9.278555870056152
1700822969169017000,107.48101708984375,2.9977211952209473,1.0423606634140015,9.278877258300781
1700822969178816000,107.49081591796875,2.918673038482666,1.0090055465698242,9.307720184326172
1700822969188729000,107.50072900390624,2.6958632469177246,0.93476802110672,9.382372856140137
1700822969198921000,107.5109208984375,2.358991861343384,0.8410945534706116,9.481460571289062
1700822969208888000,107.52088818359375,2.0556282997131348,0.7685241103172302,9.55793571472168
1700822969218785000,107.53078491210937,2.080294370651245,0.7845824360847473,9.55129337310791
1700822969228746000,107.54074609375,2.1011340618133545,0.7979784607887268,9.54561996459961
1700822969238839000,107.55083911132813,2.1253535747528076,0.8096782565116882,9.539270401000977
1700822969248782000,107.56078198242187,2.1523115634918213,0.8191831707954407,9.5324125289917
1700822969258852000,107.57085205078126,2.1801252365112305,0.8261658549308777,9.525486946105957
1700822969268858000,107.58085815429688,2.207379102706909,0.8306070566177368,9.518820762634277
1700822969278873000,107.590873046875,2.233518123626709,0.8341811299324036,9.512409210205078
1700822969288760000,107.60076000976562,2.073124647140503,0.7265995740890503,9.5574369430542
1700822969298949000,107.61094921875,1.9212855100631714,0.6389663219451904,9.595352172851562
1700822969308878000,107.62087817382813,1.7974179983139038,0.5693760514259338,9.623695373535156
1700822969318921000,107.6309208984375,1.6893588304519653,0.5120928883552551,9.646461486816406
1700822969328763000,107.64076293945313,1.6037561893463135,0.47290071845054626,9.66305923461914
1700822969338772000,107.65077197265624,1.5986977815628052,0.4794292449951172,9.663578033447266
1700822969348816000,107.66081591796875,1.5917235612869263,0.4851742088794708,9.664441108703613
1700822969358918000,107.67091796875,1.5836563110351562,0.49089932441711426,9.665477752685547
1700822969368898000,107.68089794921875,1.5721797943115234,0.49785950779914856,9.666994094848633
1700822969378686000,107.69068603515625,1.5569559335708618,0.5054088830947876,9.669066429138184
1700822969388867000,107.7008671875,1.538641333580017,0.5133902430534363,9.671577453613281
1700822969398900000,107.71089990234375,1.45447838306427,0.5340080857276917,9.683477401733398
1700822969408890000,107.72089013671875,1.4156960248947144,0.5671309232711792,9.687339782714844
1700822969418905000,107.73090502929688,1.3996058702468872,0.6138397455215454,9.686830520629883
1700822969428877000,107.740876953125,1.4079636335372925,0.6749573945999146,9.68155288696289
1700822969438941000,107.75094091796875,1.4296847581863403,0.7398726344108582,9.673623085021973
1700822969448748000,107.760748046875,1.450155258178711,0.7861553430557251,9.666921615600586
1700822969458735000,107.77073510742187,1.4650202989578247,0.8109858632087708,9.662630081176758
1700822969468862000,107.78086206054688,1.487809658050537,0.8220306634902954,9.65821361541748
1700822969478850000,107.79085009765625,1.5434280633926392,0.8166705965995789,9.649937629699707
1700822969488836000,107.80083618164062,1.5224711894989014,0.8233777284622192,9.65269660949707
1700822969498864000,107.81086401367187,1.4963631629943848,0.8320707082748413,9.656031608581543
1700822969508773000,107.82077319335937,1.6201996803283691,0.8386948108673096,9.635453224182129
1700822969518900000,107.83089990234375,1.6370608806610107,0.8605091571807861,9.630677223205566
1700822969528709000,107.84070922851562,1.6354293823242188,0.8855807781219482,9.628681182861328
1700822969538790000,107.85078979492188,1.6287375688552856,0.9089844822883606,9.627635955810547
1700822969549080000,107.861080078125,1.621860384941101,0.9238564372062683,9.62738037109375
1700822969558864000,107.87086376953125,1.6125729084014893,0.9356108903884888,9.62780475616455
1700822969568801000,107.88080102539062,1.6064382791519165,0.9527443647384644,9.62714958190918
1700822969578772000,107.89077197265625,1.6088266372680664,0.9820818305015564,9.623802185058594
1700822969588878000,107.90087817382812,1.6096643209457397,1.0218877792358398,9.619518280029297
1700822969598794000,107.9107939453125,1.5994319915771484,1.0596187114715576,9.617142677307129
1700822969608799000,107.92079907226562,1.5776079893112183,1.066352367401123,9.620002746582031
1700822969618908000,107.93090795898438,1.5502525568008423,1.071947455406189,9.62382698059082
1700822969628787000,107.94078686523437,1.5164546966552734,1.0764868259429932,9.628703117370605
1700822969638753000,107.9507529296875,1.4767627716064453,1.076533555984497,9.634864807128906
1700822969648772000,107.96077221679687,1.4308502674102783,1.0738707780838013,9.642088890075684
1700822969658962000,107.9709619140625,1.3917673826217651,1.0726505517959595,9.647941589355469
1700822969668812000,107.98081201171875,1.3569194078445435,1.0743237733840942,9.652719497680664
1700822969678847000,107.99084692382813,1.3231377601623535,1.0750328302383423,9.657329559326172
1700822969688798000,108.0007978515625,1.2822726964950562,1.0730705261230469,9.663060188293457
1700822969698801000,108.01080078125,1.2385761737823486,1.0685607194900513,9.669255256652832
1700822969708863000,108.02086303710938,1.1871832609176636,1.0627228021621704,9.67634391784668
1700822969718880000,108.0308798828125,1.1347758769989014,1.0568112134933472,9.68327522277832
1700822969728859000,108.04085888671875,1.08478581905365,1.0512096881866455,9.689613342285156
1700822969738847000,108.05084692382812,1.0399737358093262,1.0449556112289429,9.695201873779297
1700822969748841000,108.06084106445313,1.0023490190505981,1.0384092330932617,9.699867248535156
1700822969758910000,108.07090991210937,0.9714429378509521,1.0322998762130737,9.703662872314453
1700822969768895000,108.08089501953125,0.9426660537719727,1.0266326665878296,9.707100868225098
1700822969778723000,108.09072314453125,0.913312554359436,1.02149498462677,9.710448265075684
1700822969789772000,108.10177197265625,0.8844774961471558,1.0155775547027588,9.713738441467285
1700822969798911000,108.11091088867188,0.8511363863945007,1.0098267793655396,9.717315673828125
1700822969809015000,108.12101513671875,0.8145914673805237,1.0017857551574707,9.72127914428711
1700822969818884000,108.13088403320313,0.7827394008636475,0.9928981065750122,9.724808692932129
1700822969828724000,108.14072387695313,0.7607452869415283,0.9838283658027649,9.727473258972168
1700822969838845000,108.15084497070312,0.7487146854400635,0.9751304388046265,9.72928237915039
1700822969848696000,108.16069604492188,0.7389476299285889,0.96804279088974,9.730735778808594
1700822969858877000,108.170876953125,0.7282698750495911,0.9618197083473206,9.732159614562988
1700822969868797000,108.180796875,0.7136203050613403,0.9561746716499329,9.733800888061523
1700822969878808000,108.19080810546875,0.6992261409759521,0.9505220651626587,9.73539924621582
1700822969888826000,108.200826171875,0.6866849064826965,0.9469035863876343,9.736644744873047
1700822969898827000,108.21082690429688,0.6739253997802734,0.9455921649932861,9.737662315368652
1700822969908713000,108.220712890625,0.6705480217933655,0.9407678246498108,9.738364219665527
1700822969918642000,108.23064184570312,0.6861144304275513,0.9199044704437256,9.739272117614746
1700822969928748000,108.240748046875,0.7234086990356445,0.8843024373054504,9.739870071411133
1700822969938785000,108.25078491210938,0.7676447033882141,0.8643845319747925,9.738272666931152
1700822969948909000,108.26090893554688,0.8146706819534302,0.8654711842536926,9.734356880187988
1700822969958944000,108.27094409179688,0.8481366038322449,0.8634607195854187,9.731675148010254
1700822969968921000,108.28092114257812,0.88646399974823,0.8637374639511108,9.728233337402344
1700822969978752000,108.290751953125,0.9213523268699646,0.8658528923988342,9.724803924560547
1700822969988936000,108.30093603515625,0.945834755897522,0.868354320526123,9.722230911254883
1700822969998869000,108.31086889648438,0.9641566276550293,0.8709198236465454,9.720199584960938
1700822970008891000,108.32089086914063,0.9756006598472595,0.8729217648506165,9.718879699707031
1700822970018881000,108.33088110351562,0.9848080277442932,0.8739107847213745,9.717862129211426
1700822970028740000,108.34073999023437,0.9921785593032837,0.8737281560897827,9.71712875366211
1700822970038743000,108.35074291992187,0.995177149772644,0.8725722432136536,9.716925621032715
1700822970048815000,108.36081518554687,0.9966133236885071,0.8702549338340759,9.716985702514648
1700822970058843000,108.3708427734375,1.001369833946228,0.8682847619056702,9.716673851013184
1700822970068862000,108.38086206054687,0.8762693405151367,0.9609677195549011,9.7200345993042
1700822970078700000,108.39069995117187,0.8340452313423157,0.9674760699272156,9.723103523254395
1700822970088839000,108.4008388671875,0.8003606796264648,0.9483537673950195,9.727819442749023
1700822970098854000,108.41085400390625,0.7912035584449768,0.9230983257293701,9.730995178222656
1700822970108857000,108.42085717773438,0.8024293184280396,0.9026283621788025,9.7319974899292
1700822970118880000,108.4308798828125,0.8284279704093933,0.8854305744171143,9.73139762878418
1700822970128895000,108.44089501953125,0.8664227724075317,0.8739709854125977,9.7291259765625
1700822970138880000,108.4508798828125,0.9059005379676819,0.8709694743156433,9.725797653198242
1700822970148965000,108.46096508789063,0.9375938773155212,0.8740285634994507,9.72252082824707
1700822970158853000,108.47085302734375,0.9542700052261353,0.8666530847549438,9.7215576171875
1700822970169953000,108.481953125,0.964925229549408,0.8614251017570496,9.72097110748291
1700822970179322000,108.49132202148438,0.9686208963394165,0.8586737513542175,9.720846176147461
1700822970189916000,108.501916015625,0.9717758297920227,0.85547935962677,9.72081470489502
1700822970198722000,108.51072216796875,0.9798972010612488,0.8503852486610413,9.720444679260254
1700822970208771000,108.52077099609374,0.994026243686676,0.8409239053726196,9.719834327697754
1700822970218669000,108.5306689453125,1.0088046789169312,0.8319997191429138,9.719078063964844
1700822970228666000,108.540666015625,1.021809697151184,0.8272861242294312,9.718120574951172
1700822970239357000,108.55135693359375,1.033911943435669,0.8267170786857605,9.716889381408691
1700822970248760000,108.56076000976563,1.0435281991958618,0.8272820115089417,9.715814590454102
1700822970259162000,108.571162109375,1.048370122909546,0.8282678127288818,9.7152099609375
1700822970268818000,108.58081787109376,1.049290418624878,0.8305068612098694,9.714919090270996
1700822970278839000,108.59083911132812,1.0467325448989868,0.8327566385269165,9.715001106262207
1700822970288773000,108.60077319335937,1.0430240631103516,0.8312205076217651,9.715531349182129
1700822970298881000,108.61088110351562,1.042543888092041,0.8240247964859009,9.71619701385498
1700822970308718000,108.62071801757813,1.046791672706604,0.8149357438087463,9.716507911682129
1700822970318766000,108.63076611328125,1.0552972555160522,0.8070888519287109,9.716240882873535
1700822970328747000,108.6407470703125,1.0721995830535889,0.8001929521560669,9.71496295928955
1700822970338978000,108.65097802734375,1.0934042930603027,0.7970523238182068,9.712854385375977
1700822970348872000,108.66087182617187,1.1075546741485596,0.7991089224815369,9.71108341217041
1700822970358952000,108.67095190429687,1.1098252534866333,0.8038789629936218,9.710431098937988
1700822970368825000,108.6808251953125,1.099506139755249,0.8114911913871765,9.710970878601074
1700822970378828000,108.690828125,1.0815659761428833,0.8195973038673401,9.712305068969727
1700822970388833000,108.7008330078125,1.068622350692749,0.8214271664619446,9.713582992553711
1700822970398731000,108.71073095703125,1.0665732622146606,0.8186395764350891,9.714044570922852
1700822970409221000,108.72122119140624,1.0806903839111328,0.8111997842788696,9.713107109069824
1700822970418846000,108.73084594726562,1.1006267070770264,0.8006141185760498,9.711748123168945
1700822970428795000,108.740794921875,1.1220450401306152,0.7856745719909668,9.710516929626465
1700822970439071000,108.75107104492187,1.140790343284607,0.7690195441246033,9.709667205810547
1700822970448914000,108.76091381835937,1.1565076112747192,0.7544117569923401,9.708952903747559
1700822970458722000,108.77072216796876,1.1691476106643677,0.7452999353408813,9.708142280578613
1700822970468806000,108.78080590820312,1.180242657661438,0.7414616346359253,9.70709228515625
1700822970478752000,108.790751953125,1.1784520149230957,0.7591162323951721,9.705945014953613
1700822970489035000,108.80103491210937,1.1571452617645264,0.8282859325408936,9.702852249145508
1700822970498736000,108.81073608398438,1.130528450012207,0.9107432961463928,9.698599815368652
1700822970508788000,108.8207880859375,1.1017471551895142,0.9886425137519836,9.694284439086914
1700822970518831000,108.8308310546875,1.0908411741256714,1.0394248962402344,9.690203666687012
1700822970528871000,108.84087084960937,1.0969772338867188,1.0542945861816406,9.687905311584473
1700822970539217000,108.851216796875,1.1011147499084473,1.0610668659210205,9.68669605255127
1700822970548768000,108.86076806640625,1.1035492420196533,1.0642130374908447,9.686074256896973
1700822970558629000,108.87062915039063,1.1049089431762695,1.0632710456848145,9.686020851135254
1700822970568689000,108.88068896484376,1.0995146036148071,1.0597931146621704,9.687017440795898
1700822970578624000,108.8906240234375,1.098003625869751,1.059064507484436,9.687268257141113
1700822970588781000,108.90078100585937,1.1032143831253052,1.0595569610595703,9.686622619628906
1700822970598906000,108.91090600585937,1.1081281900405884,1.0615428686141968,9.685843467712402
1700822970608649000,108.92064892578125,1.1144366264343262,1.0647403001785278,9.684769630432129
1700822970618753000,108.9307529296875,1.125431776046753,1.0677236318588257,9.683171272277832
1700822970628769000,108.94076904296875,1.1374033689498901,1.069427490234375,9.681581497192383
1700822970638800000,108.9507998046875,1.1444448232650757,1.0694862604141235,9.680746078491211
1700822970648699000,108.96069897460937,1.1464561223983765,1.0682035684585571,9.68065071105957
1700822970658785000,108.97078491210938,1.1454533338546753,1.0665256977081299,9.680954933166504
1700822970668762000,108.98076220703125,1.1420015096664429,1.0645707845687866,9.6815767288208
1700822970678733000,108.99073315429688,1.133294701576233,1.0632585287094116,9.682743072509766
1700822970688930000,109.00092993164063,1.1185431480407715,1.0635730028152466,9.684423446655273
1700822970698889000,109.01088891601563,1.1077557802200317,1.0632777214050293,9.685696601867676
1700822970708925000,109.02092504882812,1.1009589433670044,1.0627330541610718,9.686532020568848
1700822970718943000,109.03094287109376,1.0970789194107056,1.062534213066101,9.686992645263672
1700822970729614000,109.04161401367188,1.0992761850357056,1.063108205795288,9.686680793762207
1700822970738779000,109.05077880859375,1.1112653017044067,1.0616753101348877,9.685470581054688
1700822970748980000,109.06097998046874,1.1248267889022827,1.059343695640564,9.684160232543945
1700822970759017000,109.07101684570313,1.1373943090438843,1.0533193349838257,9.683349609375
1700822970768911000,109.0809111328125,1.1473270654678345,1.0390321016311646,9.683719635009766
1700822970778904000,109.09090405273437,1.1526896953582764,1.020612120628357,9.685042381286621
1700822970788945000,109.10094482421874,1.1414283514022827,0.9009841084480286,9.698235511779785
1700822970798796000,109.11079614257812,1.1245739459991455,0.8713681101799011,9.702908515930176
1700822970808745000,109.12074487304687,1.0678911209106445,0.8664461374282837,9.709752082824707
1700822970818795000,109.130794921875,1.0253151655197144,0.8757447600364685,9.713506698608398
1700822970828716000,109.14071606445313,1.025356650352478,0.8784493207931519,9.7132568359375
1700822970838665000,109.1506650390625,1.0528331995010376,0.8850526809692383,9.709716796875
1700822970848743000,109.16074291992187,1.1055065393447876,0.9046449661254883,9.702055931091309
1700822970858780000,109.17077978515626,1.1504735946655273,0.945353090763092,9.692941665649414
1700822970868789000,109.1807890625,1.1598585844039917,1.0052207708358765,9.685796737670898
1700822970878778000,109.19077807617188,1.1769505739212036,1.0063108205795288,9.683621406555176
1700822970889237000,109.20123706054687,1.1797733306884766,1.0153007507324219,9.68233871459961
1700822970898904000,109.21090405273438,1.1647075414657593,1.0215195417404175,9.68350887298584
1700822970908874000,109.2208740234375,1.1521061658859253,1.0271964073181152,9.684417724609375
1700822970918888000,109.23088793945313,1.149953842163086,1.0344254970550537,9.683900833129883
1700822970929042000,109.2410419921875,1.1610755920410156,1.0412503480911255,9.681842803955078
1700822970939385000,109.25138500976563,1.181018590927124,1.041060447692871,9.679450988769531
1700822970949062000,109.26106176757813,1.203844428062439,1.0357325077056885,9.677209854125977
1700822970958833000,109.2708330078125,1.2213068008422852,1.0298235416412354,9.675655364990234
1700822970968896000,109.28089599609375,1.2388169765472412,1.0248939990997314,9.673951148986816
1700822970978890000,109.29088989257812,1.2509297132492065,1.020730972290039,9.672830581665039
1700822970988828000,109.30082788085937,1.252577543258667,1.0137521028518677,9.67335319519043
1700822970998939000,109.31093896484376,1.3673019409179688,0.8206248879432678,9.676128387451172
1700822971008869000,109.320869140625,1.4355419874191284,0.6691808104515076,9.677902221679688
1700822971018770000,109.33077001953124,1.459344506263733,0.596916675567627,9.679069519042969
1700822971028830000,109.34082983398437,1.4623557329177856,0.5777633786201477,9.679778099060059
1700822971038870000,109.3508701171875,1.470404863357544,0.5720362067222595,9.678897857666016
1700822971048711000,109.3607109375,1.506398320198059,0.6178133487701416,9.670546531677246
1700822971058858000,109.37085791015625,1.5665923357009888,0.7033712863922119,9.655126571655273
1700822971069049000,109.38104907226563,1.6086007356643677,0.7606962323188782,9.643865585327148
1700822971078893000,109.39089306640625,1.630698561668396,0.7865174412727356,9.638080596923828
1700822971089230000,109.40122998046876,1.6339523792266846,0.7946484684944153,9.636863708496094
1700822971098827000,109.41082690429687,1.6365938186645508,0.8027548789978027,9.6357421875
1700822971108743000,109.42074291992188,1.6398472785949707,0.8083186745643616,9.634724617004395
1700822971118791000,109.430791015625,1.6428359746932983,0.811516284942627,9.633947372436523
1700822971128817000,109.44081689453125,1.6429659128189087,0.8307797908782959,9.632281303405762
1700822971138902000,109.45090209960938,1.6378672122955322,0.8751531839370728,9.629220962524414
1700822971149032000,109.46103198242187,1.6540037393569946,0.8915581107139587,9.624957084655762
1700822971158766000,109.47076611328124,1.6786750555038452,0.8924939036369324,9.620597839355469
1700822971168891000,109.48089086914062,1.7266943454742432,0.8708382844924927,9.614083290100098
1700822971178914000,109.4909140625,1.8248133659362793,0.7876710295677185,9.60312557220459
1700822971188768000,109.50076806640625,1.9067773818969727,0.6972095370292664,9.59419059753418
1700822971198915000,109.5109150390625,1.9316368103027344,0.6490461230278015,9.592597007751465
1700822971208846000,109.52084619140625,1.931309461593628,0.6299971342086792,9.593932151794434
1700822971218734000,109.53073413085937,1.9380089044570923,0.6261979937553406,9.592830657958984
1700822971228763000,109.54076293945313,1.9382994174957275,0.6270867586135864,9.592714309692383
1700822971239184000,109.55118383789062,1.934779167175293,0.6329013109207153,9.593042373657227
1700822971249429000,109.56142895507813,1.9288243055343628,0.6407739520072937,9.593718528747559
1700822971260103000,109.57210302734374,1.9226444959640503,0.6477426290512085,9.594491004943848
1700822971268666000,109.580666015625,1.9193551540374756,0.6520233750343323,9.594860076904297
1700822971278715000,109.59071484375,1.9200479984283447,0.6526198983192444,9.594679832458496
1700822971288754000,109.60075390625,1.9227912425994873,0.6493489146232605,9.594353675842285
1700822971298952000,109.61095190429687,1.9235800504684448,0.6431564688682556,9.594612121582031
1700822971308734000,109.62073388671875,1.9179329872131348,0.6357765793800354,9.596235275268555
1700822971319236000,109.63123608398438,1.8992960453033447,0.6285343766212463,9.600417137145996
1700822971328753000,109.6407529296875,1.8812475204467773,0.625472903251648,9.604169845581055
1700822971338644000,109.65064404296875,1.837994933128357,0.61967533826828,9.61291790008545
1700822971348770000,109.66077001953126,1.7996324300765991,0.6166653633117676,9.620366096496582
1700822971358820000,109.67082006835938,1.7630010843276978,0.6127843856811523,9.62739372253418
1700822971368939000,109.68093896484375,1.7339856624603271,0.6075739860534668,9.632991790771484
1700822971378798000,109.69079809570313,1.712466835975647,0.5993845462799072,9.637354850769043
1700822971388820000,109.70082006835938,1.693677306175232,0.5871338248252869,9.641427040100098
1700822971398851000,109.71085107421875,1.6128917932510376,0.5063415169715881,9.659844398498535
1700822971408816000,109.72081616210937,1.5524144172668457,0.479018896818161,9.67113971710205
1700822971418820000,109.73082006835938,1.4765441417694092,0.4736708402633667,9.683277130126953
1700822971428776000,109.74077587890625,1.4082438945770264,0.4835810959339142,9.69295597076416
1700822971438859000,109.75085888671875,1.3685364723205566,0.4942144453525543,9.698104858398438
1700822971448925000,109.76092504882813,1.340738296508789,0.5036062598228455,9.701505661010742
1700822971458792000,109.7707919921875,1.307956337928772,0.5091834664344788,9.705686569213867
1700822971468789000,109.7807890625,1.2743781805038452,0.5154249668121338,9.709823608398438
1700822971478798000,109.79079809570312,1.2495672702789307,0.5274851322174072,9.712401390075684
1700822971488826000,109.800826171875,1.2565479278564453,0.5599512457847595,9.70968246459961
1700822971498842000,109.81084204101562,1.2399001121520996,0.5550047159194946,9.71210765838623
1700822971508770000,109.82077001953125,1.2168796062469482,0.540683925151825,9.71582317352295
1700822971519649000,109.83164892578125,1.1907604932785034,0.5251815319061279,9.719911575317383
1700822971528795000,109.840794921875,1.1741496324539185,0.5140563249588013,9.722525596618652
1700822971538847000,109.85084692382813,1.1713804006576538,0.5083203911781311,9.723161697387695
1700822971548810000,109.86081005859376,1.1748100519180298,0.5084291100502014,9.722742080688477
1700822971558816000,109.87081591796876,1.1801403760910034,0.5100666880607605,9.722010612487793
1700822971570004000,109.88200390625,1.1821057796478271,0.5110562443733215,9.721720695495605
1700822971579050000,109.89105004882812,1.1819909811019897,0.5098775625228882,9.721796035766602
1700822971588789000,109.9007890625,1.1844933032989502,0.5059913992881775,9.72169303894043
1700822971598915000,109.9109150390625,1.189889907836914,0.5007531642913818,9.721305847167969
1700822971609988000,109.92198803710937,1.1907386779785156,0.4956997036933899,9.72146224975586
1700822971618663000,109.93066284179687,1.1828385591506958,0.4885284900665283,9.722787857055664
1700822971628728000,109.94072802734375,1.1634142398834229,0.4790712296962738,9.725603103637695
1700822971638626000,109.9506259765625,1.1394418478012085,0.47014176845550537,9.728877067565918
1700822971648741000,109.9607412109375,1.1214414834976196,0.4651975929737091,9.731204986572266
1700822971658698000,109.97069799804687,1.1120829582214355,0.4637102782726288,9.732351303100586
1700822971668814000,109.98081396484375,1.1086381673812866,0.4633227586746216,9.73276138305664
1700822971678764000,109.99076391601562,1.048915147781372,0.46878862380981445,9.739117622375488
1700822971688887000,110.00088696289062,0.9509230256080627,0.4777975380420685,9.748735427856445
1700822971698908000,110.01090795898438,0.8235557079315186,0.4872165322303772,9.759854316711426
1700822971708969000,110.02096899414063,0.6938400864601135,0.4848278760910034,9.77005386352539
1700822971718840000,110.03084008789062,0.642725944519043,0.4633858799934387,9.774587631225586
1700822971728776000,110.04077587890625,0.6158154606819153,0.43968525528907776,9.777416229248047
1700822971738751000,110.0507509765625,0.5851312875747681,0.41707098484039307,9.780289649963379
1700822971748811000,110.06081103515625,0.5570949912071228,0.39643824100494385,9.782784461975098
1700822971758782000,110.07078198242188,0.5374284386634827,0.37943071126937866,9.784560203552246
1700822971768811000,110.08081103515624,0.5222849249839783,0.3645683526992798,9.785943984985352
1700822971778934000,110.09093408203125,0.5076321363449097,0.3517833948135376,9.787182807922363
1700822971788770000,110.10077001953125,0.7235437035560608,0.3968658149242401,9.771867752075195
1700822971798804000,110.11080395507813,0.8434589505195618,0.4215379059314728,9.761212348937988
1700822971808810000,110.12081005859375,0.8558759689331055,0.4247720539569855,9.759991645812988
1700822971818899000,110.13089892578125,0.8369321823120117,0.4210255742073059,9.761795997619629
1700822971828857000,110.14085717773438,0.809846043586731,0.41611793637275696,9.764290809631348
1700822971838893000,110.15089306640625,0.7805439233779907,0.40932169556617737,9.76696491241455
1700822971848764000,110.16076391601563,0.7401461601257324,0.3974751830101013,9.770600318908691
1700822971858901000,110.17090087890625,0.691444993019104,0.37337884306907654,9.775115013122559
1700822971868828000,110.18082788085937,0.6533908247947693,0.3418094217777252,9.778888702392578
1700822971878880000,110.1908798828125,0.636830747127533,0.33400779962539673,9.780248641967773
1700822971888824000,110.20082397460938,0.6217623949050903,0.32538726925849915,9.781508445739746
1700822971898829000,110.2108291015625,0.6094380021095276,0.31551557779312134,9.782609939575195
1700822971908888000,110.22088818359374,0.6008145809173584,0.3052919805049896,9.783467292785645
1700822971918835000,110.2308349609375,0.5956012010574341,0.2968345284461975,9.784046173095703
1700822971928880000,110.24088012695313,0.5940481424331665,0.29043111205101013,9.784333229064941
1700822971938959000,110.250958984375,0.5984486937522888,0.28523674607276917,9.784215927124023
1700822971948913000,110.26091284179688,0.6114487648010254,0.27826952934265137,9.783615112304688
1700822971958900000,110.27089990234376,0.6243675947189331,0.27147534489631653,9.782988548278809
1700822971969120000,110.2811201171875,0.6401824355125427,0.264352947473526,9.782160758972168
1700822971978898000,110.29089794921875,0.662652313709259,0.25796589255332947,9.780835151672363
1700822971988883000,110.30088305664063,0.6924857497215271,0.25301235914230347,9.778898239135742
1700822971998887000,110.31088696289062,0.7249483466148376,0.2494736611843109,9.776636123657227
1700822972008905000,110.32090502929688,0.7499278783798218,0.24690088629722595,9.774815559387207
1700822972019192000,110.33119213867188,0.8955816626548767,0.22929449379444122,9.762979507446289
1700822972028863000,110.34086303710937,0.9738143682479858,0.23509033024311066,9.75534725189209
1700822972038757000,110.35075708007813,1.0382024049758911,0.24567221105098724,9.748444557189941
1700822972048787000,110.36078686523437,1.0917237997055054,0.25061318278312683,9.742469787597656
1700822972058801000,110.37080078125,1.1376107931137085,0.24844957888126373,9.737274169921875
1700822972068991000,110.38099096679687,1.1789716482162476,0.24412265419960022,9.732462882995605
1700822972078861000,110.39086108398438,1.2211360931396484,0.24204935133457184,9.727313995361328
1700822972088712000,110.4007119140625,1.260482907295227,0.24058833718299866,9.722330093383789
1700822972098868000,110.41086791992187,1.3097840547561646,0.2376040667295456,9.7158842086792
1700822972108903000,110.42090283203125,1.3614189624786377,0.2296384871006012,9.708975791931152
1700822972119393000,110.43139306640624,1.4140020608901978,0.2149742990732193,9.70179271697998
1700822972128881000,110.440880859375,1.4526593685150146,0.1901882290840149,9.696596145629883
1700822972138870000,110.4508701171875,1.4784306287765503,0.1656806915998459,9.693151473999023
1700822972148874000,110.4608740234375,1.487580418586731,0.14816635847091675,9.692035675048828
1700822972158901000,110.47090087890625,1.4852570295333862,0.1378343552350998,9.692543983459473
1700822972169036000,110.4810361328125,1.4718596935272217,0.13110826909542084,9.694681167602539
1700822972179718000,110.4917177734375,1.4522156715393066,0.1232479065656662,9.697746276855469
1700822972188865000,110.50086499023438,1.4285156726837158,0.11250030249357224,9.701396942138672
1700822972198740000,110.51073999023437,1.3961106538772583,0.10406272858381271,9.706206321716309
1700822972208790000,110.5207900390625,1.3464032411575317,0.09674041718244553,9.713301658630371
1700822972218849000,110.53084912109375,1.2852543592453003,0.0812295451760292,9.721723556518555
1700822972228765000,110.54076489257812,1.2176555395126343,0.054264675825834274,9.730610847473145
1700822972238808000,110.55080810546875,1.1465169191360474,0.02494681067764759,9.739367485046387
1700822972248783000,110.560783203125,1.0743954181671143,0.0014864391414448619,9.747618675231934
1700822972258841000,110.57084106445312,0.993313729763031,-0.011925416067242622,9.756207466125488
1700822972268859000,110.58085888671874,0.8948124051094055,-0.01941869407892227,9.765722274780273
1700822972278789000,110.5907890625,0.7727163434028625,-0.030034780502319336,9.776113510131836
1700822972288811000,110.60081103515626,0.6577104926109314,-0.043472062796354294,9.784472465515137
1700822972298831000,110.6108310546875,0.5326277613639832,-0.05628595128655434,9.792014122009277
1700822972309225000,110.62122485351563,0.41760846972465515,-0.06120499595999718,9.797563552856445
1700822972318665000,110.6306650390625,0.30694326758384705,-0.06372954696416855,9.80163860321045
1700822972328764000,110.64076391601563,0.1856885850429535,-0.07208528369665146,9.804628372192383
1700822972340363000,110.65236303710938,0.04672901704907417,-0.08537936210632324,9.806166648864746
1700822972348680000,110.66067993164063,-0.10556144267320633,-0.10061755031347275,9.805564880371094
1700822972358718000,110.67071801757812,-0.26273003220558167,-0.11632482707500458,9.802438735961914
1700822972368741000,110.6807412109375,-0.4267044961452484,-0.1308855563402176,9.796488761901855
1700822972378780000,110.69077978515625,-0.5934110283851624,-0.14735066890716553,9.78757095336914
1700822972388727000,110.70072705078125,-0.7527922987937927,-0.16415800154209137,9.776337623596191
1700822972398737000,110.71073681640625,-0.916366696357727,-0.1776537448167801,9.762125015258789
1700822972408856000,110.72085595703125,-1.075212001800537,-0.19140490889549255,9.745647430419922
1700822972418889000,110.73088891601563,-1.218835711479187,-0.2069903165102005,9.728409767150879
1700822972428735000,110.74073486328125,-1.3757754564285278,-0.2219330221414566,9.707131385803223
1700822972438796000,110.75079614257812,-1.5534610748291016,-0.23021745681762695,9.680089950561523
1700822972448797000,110.760796875,-1.7333208322525024,-0.2323082983493805,9.649457931518555
1700822972458805000,110.77080493164063,-1.8825328350067139,-0.22873744368553162,9.621545791625977
1700822972468791000,110.780791015625,-2.020150899887085,-0.22193185985088348,9.593753814697266
1700822972478807000,110.79080712890625,-2.1586644649505615,-0.21836072206497192,9.56362247467041
1700822972488852000,110.80085205078124,-2.2829678058624268,-0.23189210891723633,9.534394264221191
1700822972498685000,110.81068481445313,-2.3906378746032715,-0.26774901151657104,9.507027626037598
1700822972508817000,110.82081689453125,-2.4987967014312744,-0.30623188614845276,9.478008270263672
1700822972519096000,110.83109594726562,-2.615719795227051,-0.33262744545936584,9.445514678955078
1700822972528879000,110.84087915039062,-2.730435609817505,-0.35232993960380554,9.41227912902832
1700822972538789000,110.8507890625,-2.8182098865509033,-0.36816462874412537,9.385763168334961
1700822972548660000,110.86065991210937,-2.890329360961914,-0.37672990560531616,9.363465309143066
1700822972558837000,110.8708369140625,-2.9827218055725098,-0.38128742575645447,9.334258079528809
1700822972568665000,110.8806650390625,-3.0700807571411133,-0.3918929994106293,9.305451393127441
1700822972579005000,110.8910048828125,-3.1281349658966064,-0.41381141543388367,9.285144805908203
1700822972588679000,110.90067895507812,-3.187659740447998,-0.43428048491477966,9.26394271850586
1700822972598814000,110.91081396484375,-3.290327548980713,-0.44599342346191406,9.227416038513184
1700822972608761000,110.92076098632812,-3.429081439971924,-0.4536363482475281,9.176382064819336
1700822972618788000,110.9307880859375,-3.5809435844421387,-0.46080344915390015,9.117833137512207
1700822972628814000,110.94081396484376,-3.740805149078369,-0.4682391583919525,9.053040504455566
1700822972638784000,110.95078393554688,-3.902561664581299,-0.47992023825645447,8.983880996704102
1700822972648613000,110.96061303710937,-4.05775785446167,-0.4988006055355072,8.913820266723633
1700822972658956000,110.9709560546875,-4.195909023284912,-0.5211871862411499,8.84834098815918
1700822972668772000,110.98077221679688,-4.315742015838623,-0.5396592617034912,8.789400100708008
1700822972678856000,110.99085595703124,-4.41189432144165,-0.5478557348251343,8.741022109985352
1700822972688768000,111.00076806640625,-4.475963115692139,-0.5475620031356812,8.708404541015625
1700822972698633000,111.01063305664063,-4.518665313720703,-0.5445490479469299,8.686515808105469
1700822972708776000,111.02077587890625,-4.554967403411865,-0.5431973934173584,8.667617797851562
1700822972718952000,111.03095190429687,-4.598559856414795,-0.5524272918701172,8.64398193359375
1700822972728931000,111.04093115234375,-4.662718772888184,-0.5756935477256775,8.60802173614502
1700822972738937000,111.05093701171874,-4.753575325012207,-0.6137725710868835,8.555534362792969
1700822972748884000,111.06088403320312,-4.846886157989502,-0.6521475911140442,8.500166893005371
1700822972758922000,111.070921875,-4.87778902053833,-0.6781491637229919,8.48043155670166
1700822972768926000,111.08092602539062,-4.85403299331665,-0.6910115480422974,8.493014335632324
1700822972778931000,111.09093090820312,-4.783944129943848,-0.690617024898529,8.532718658447266
1700822972788923000,111.1009228515625,-4.679359436035156,-0.6831468343734741,8.591116905212402
1700822972799284000,111.11128393554688,-4.556365013122559,-0.6723223328590393,8.657820701599121
1700822972808754000,111.12075390625,-4.456393718719482,-0.6613119840621948,8.71054744720459
1700822972818949000,111.13094921875,-4.388209819793701,-0.6543670296669006,8.745616912841797
1700822972828929000,111.14092895507812,-4.337665557861328,-0.6517889499664307,8.770987510681152
1700822972838882000,111.15088208007812,-4.280388355255127,-0.6507920622825623,8.799155235290527
1700822972848904000,111.16090405273438,-4.16413688659668,-0.6346467137336731,8.855936050415039
1700822972858790000,111.17078979492187,-3.968092918395996,-0.5980018377304077,8.948019981384277
1700822972868841000,111.18084106445312,-3.7045257091522217,-0.5544634461402893,9.06308364868164
1700822972878888000,111.19088793945312,-3.4136435985565186,-0.5058391094207764,9.179410934448242
1700822972888850000,111.20084985351562,-3.1209189891815186,-0.4624146819114685,9.285279273986816
1700822972899924000,111.21192407226563,-2.8499510288238525,-0.43124768137931824,9.373483657836914
1700822972908857000,111.22085717773437,-2.601438045501709,-0.404716819524765,9.446646690368652
1700822972918765000,111.23076513671874,-2.3797013759613037,-0.38197073340415955,9.505866050720215
1700822972928785000,111.24078491210938,-2.1589901447296143,-0.3572434186935425,9.559368133544922
1700822972938806000,111.25080590820312,-1.9021815061569214,-0.32348933815956116,9.614959716796875
1700822972949406000,111.26140600585937,-1.6333534717559814,-0.2858583927154541,9.665445327758789
1700822972958820000,111.27082006835937,-1.3274608850479126,-0.2426154613494873,9.713359832763672
1700822972968795000,111.280794921875,-1.017979383468628,-0.20081950724124908,9.751603126525879
1700822972978788000,111.2907880859375,-0.7231634855270386,-0.16393734514713287,9.778573989868164
1700822972988891000,111.30089086914063,-0.4694613814353943,-0.13448475301265717,9.794483184814453
1700822972998757000,111.31075708007812,-0.2519248425960541,-0.11096768081188202,9.80278491973877
1700822973008915000,111.3209150390625,-0.08707535266876221,-0.09130758047103882,9.805839538574219
1700822973018884000,111.33088403320312,0.03445873409509659,-0.06937514990568161,9.806344032287598
1700822973028703000,111.34070288085937,0.12362346053123474,-0.045419398695230484,9.805765151977539
1700822973038721000,111.35072094726563,0.19418957829475403,-0.023636896163225174,9.804699897766113
1700822973048743000,111.36074291992188,0.2455143928527832,-0.006198270246386528,9.803576469421387
1700822973058865000,111.37086499023438,0.26851651072502136,-0.010346037335693836,9.80296802520752
1700822973068860000,111.38085986328124,0.2568044364452362,-0.027334582060575485,9.803250312805176
1700822973079180000,111.39117993164062,0.19406594336032867,-0.06477233022451401,9.804515838623047
1700822973088836000,111.40083618164063,0.10438070446252823,-0.11152444034814835,9.805459976196289
1700822973098935000,111.41093505859375,-0.026786884292960167,-0.16949790716171265,9.80514907836914
1700822973108864000,111.42086401367187,-0.17272797226905823,-0.21849019825458527,9.802694320678711
1700822973118643000,111.43064282226563,-0.348354309797287,-0.26100248098373413,9.796984672546387
1700822973128791000,111.440791015625,-0.5355193614959717,-0.29321780800819397,9.787627220153809
1700822973138931000,111.45093090820312,-0.7337374687194824,-0.31800708174705505,9.773991584777832
1700822973149116000,111.46111596679688,-0.9280416369438171,-0.3376084566116333,9.756799697875977
1700822973158796000,111.47079614257812,-1.1271531581878662,-0.3585241138935089,9.735057830810547
1700822973168833000,111.4808330078125,-1.2841943502426147,-0.3805938959121704,9.714751243591309
1700822973178845000,111.49084497070312,-1.4195353984832764,-0.40939417481422424,9.69472599029541
1700822973188804000,111.50080419921875,-1.5338176488876343,-0.4470438063144684,9.675637245178223
1700822973198829000,111.5108291015625,-1.6732985973358154,-0.5026364922523499,9.649757385253906
1700822973208810000,111.52081005859375,-1.817975640296936,-0.5540992617607117,9.62072467803955
1700822973218832000,111.53083178710938,-1.9696909189224243,-0.5922542214393616,9.588531494140625
1700822973229359000,111.54135913085938,-2.1263177394866943,-0.6174512505531311,9.553425788879395
1700822973238808000,111.55080810546875,-2.2370903491973877,-0.6253121495246887,9.527583122253418
1700822973248757000,111.56075708007812,-2.3294804096221924,-0.628974199295044,9.505171775817871
1700822973258816000,111.57081591796874,-2.413381576538086,-0.6378712058067322,9.483623504638672
1700822973268818000,111.58081787109376,-2.49639892578125,-0.6517953872680664,9.461161613464355
1700822973278842000,111.59084204101562,-2.5889859199523926,-0.6690411567687988,9.435037612915039
1700822973288799000,111.60079907226563,-2.678920030593872,-0.6842828392982483,9.408802032470703
1700822973299110000,111.61110986328126,-2.7519338130950928,-0.6896151304244995,9.38731575012207
1700822973309075000,111.62107495117188,-2.7957191467285156,-0.6811036467552185,9.374991416931152
1700822973318925000,111.63092504882812,-2.812452793121338,-0.6613839268684387,9.371397018432617
1700822973328826000,111.640826171875,-2.8143210411071777,-0.6349710822105408,9.372661590576172
1700822973338909000,111.65090893554688,-2.8177247047424316,-0.6136892437934875,9.37305736541748
1700822973348911000,111.6609111328125,-2.8333675861358643,-0.6015653610229492,9.369128227233887
1700822973358719000,111.67071899414063,-2.8487861156463623,-0.6123936772346497,9.363749504089355
1700822973368945000,111.68094482421876,-2.8372411727905273,-0.619536817073822,9.366786003112793
1700822973378961000,111.6909609375,-2.768197536468506,-0.6198375225067139,9.387401580810547
1700822973388778000,111.70077807617187,-2.69482421875,-0.6096861362457275,9.409391403198242
1700822973398708000,111.7107080078125,-2.6330742835998535,-0.5876625180244446,9.428255081176758
1700822973408750000,111.72075,-2.582066535949707,-0.5646125078201294,9.443755149841309
1700822973418709000,111.730708984375,-2.529181718826294,-0.5455828309059143,9.459173202514648
1700822973428731000,111.74073095703125,-2.4543590545654297,-0.5248913168907166,9.480032920837402
1700822973438750000,111.75075,-2.357128381729126,-0.5013558268547058,9.505946159362793
1700822973448683000,111.76068310546874,-2.2604427337646484,-0.47851914167404175,9.530573844909668
1700822973458861000,111.77086108398437,-2.1683008670806885,-0.4559577703475952,9.553059577941895
1700822973468848000,111.78084814453125,-2.0820653438568115,-0.4398497939109802,9.572981834411621
1700822973478783000,111.79078295898438,-1.9789713621139526,-0.4313713312149048,9.595206260681152
1700822973488812000,111.80081201171875,-1.8673148155212402,-0.4217641055583954,9.617984771728516
1700822973499208000,111.8112080078125,-1.7384663820266724,-0.4065569043159485,9.642760276794434
1700822973509046000,111.8210458984375,-1.5915741920471191,-0.3848556578159332,9.66897964477539
1700822973518953000,111.83095288085937,-1.4703905582427979,-0.3610977530479431,9.689064979553223
1700822973528866000,111.84086596679687,-1.3420897722244263,-0.3325757086277008,9.708685874938965
1700822973538725000,111.85072509765625,-1.2158564329147339,-0.30492138862609863,9.72620677947998
1700822973548912000,111.860912109375,-1.0797700881958008,-0.2781771719455719,9.743053436279297
1700822973558940000,111.87093994140625,-0.9290195107460022,-0.2507365047931671,9.759325981140137
1700822973569381000,111.88138110351562,-0.7725476622581482,-0.22237171232700348,9.77364444732666
1700822973579072000,111.89107202148438,-0.6127315163612366,-0.19306904077529907,9.785584449768066
1700822973589051000,111.90105078125,-0.47057461738586426,-0.16467180848121643,9.79396915435791
1700822973599132000,111.9111318359375,-0.33713382482528687,-0.1319303959608078,9.799965858459473
1700822973608779000,111.92077905273437,-0.2202121913433075,-0.09912673383951187,9.803677558898926
1700822973618791000,111.930791015625,-0.09686024487018585,-0.06815671175718307,9.805935859680176
1700822973628678000,111.94067797851562,0.041440557688474655,-0.03841916471719742,9.806486129760742
1700822973638660000,111.95066015625,0.18778204917907715,-0.007488309871405363,9.804849624633789
1700822973648673000,111.96067309570313,0.32077452540397644,0.025302492082118988,9.801369667053223
1700822973658636000,111.97063598632812,0.43219637870788574,0.060790278017520905,9.7969331741333
1700822973668776000,111.98077587890624,0.5209118723869324,0.09623510390520096,9.792333602905273
1700822973678731000,111.99073095703125,0.6052163243293762,0.13014964759349823,9.787091255187988
1700822973689100000,112.00110009765625,0.711625337600708,0.1623728722333908,9.779450416564941
1700822973698641000,112.01064086914063,0.8052479028701782,0.18838410079479218,9.771719932556152
1700822973708690000,112.02068994140625,0.8848235607147217,0.20995676517486572,9.764394760131836
1700822973718794000,112.0307939453125,0.9563380479812622,0.22966362535953522,9.75720500946045
1700822973728748000,112.040748046875,1.0209596157073975,0.24866963922977448,9.750189781188965
1700822973738841000,112.05084106445312,1.0755021572113037,0.26880496740341187,9.743789672851562
1700822973748852000,112.06085205078125,1.117145299911499,0.2895490527153015,9.738507270812988
1700822973758891000,112.07089111328125,1.1487603187561035,0.3110615015029907,9.73416519165039
1700822973769573000,112.08157299804688,1.1678855419158936,0.3299623131752014,9.731266975402832
1700822973778979000,112.09097900390626,1.1819777488708496,0.3435606360435486,9.729096412658691
1700822973788815000,112.10081518554688,1.1966378688812256,0.35056641697883606,9.727052688598633
1700822973798959000,112.110958984375,1.2147797346115112,0.3529086112976074,9.724719047546387
1700822973808854000,112.12085400390625,1.2345999479293823,0.3550909161567688,9.722142219543457
1700822973818845000,112.13084497070312,1.255017638206482,0.3596092760562897,9.719362258911133
1700822973828847000,112.14084716796874,1.272715449333191,0.36704498529434204,9.716784477233887
1700822973838879000,112.15087890625,1.2847347259521484,0.37844374775886536,9.714764595031738
1700822973848836000,112.16083618164062,1.2891063690185547,0.3938792049884796,9.713570594787598
1700822973858861000,112.17086108398438,1.2830381393432617,0.4122793674468994,9.713611602783203
1700822973868706000,112.1807060546875,1.25459885597229,0.4307900071144104,9.716520309448242
1700822973878799000,112.19079907226562,1.2318594455718994,0.45137688517570496,9.718496322631836
1700822973888820000,112.20082006835938,1.2134709358215332,0.468095064163208,9.720019340515137
1700822973898847000,112.21084692382813,1.1994757652282715,0.4785831570625305,9.721245765686035
1700822973908822000,112.22082202148438,1.1862424612045288,0.48317602276802063,9.72264289855957
1700822973918836000,112.2308359375,1.7320836782455444,0.6494216322898865,9.630603790283203
1700822973928842000,112.24084204101563,1.7126853466033936,0.6560989618301392,9.633620262145996
1700822973939397000,112.25139721679687,1.703912615776062,0.6690560579299927,9.634285926818848
1700822973948839000,112.2608388671875,1.7075538635253906,0.6830685138702393,9.632657051086426
1700822973958875000,112.270875,1.7250893115997314,0.7008295059204102,9.628256797790527
1700822973968879000,112.28087915039063,1.7573788166046143,0.7185346484184265,9.62110710144043
1700822973978844000,112.29084399414063,1.7994117736816406,0.7352508306503296,9.612072944641113
1700822973988884000,112.30088403320312,1.8476897478103638,0.75002521276474,9.601764678955078
1700822973998992000,112.31099194335937,1.908220887184143,0.7662985920906067,9.588631629943848
1700822974008938000,112.32093798828124,1.9619836807250977,0.7847852110862732,9.57628059387207
1700822974019171000,112.33117114257813,2.0066072940826416,0.804879367351532,9.56535816192627
1700822974029065000,112.34106494140624,2.043419361114502,0.8265689015388489,9.555712699890137
1700822974038689000,112.35068896484376,2.0754940509796143,0.8493214249610901,9.546799659729004
1700822974048771000,112.36077099609375,2.1072275638580322,0.8698319792747498,9.537997245788574
1700822974058859000,112.37085888671875,2.1402320861816406,0.8667802214622498,9.530922889709473
1700822974068794000,112.38079418945313,2.2055718898773193,0.8874959945678711,9.514104843139648
1700822974078830000,112.390830078125,2.2774240970611572,0.9053387641906738,9.495478630065918
1700822974089055000,112.40105493164063,2.347487211227417,0.9211655855178833,9.476875305175781
1700822974099369000,112.41136889648438,2.4050557613372803,0.9340358972549438,9.461166381835938
1700822974108813000,112.42081298828126,2.447230577468872,0.9424664378166199,9.449509620666504
1700822974118682000,112.43068212890626,2.487691879272461,0.9497434496879578,9.438207626342773
1700822974128849000,112.44084887695313,2.52618145942688,0.9576637148857117,9.427177429199219
1700822974138678000,112.45067797851563,2.5663821697235107,0.9686030745506287,9.415194511413574
1700822974148660000,112.46065991210938,2.6049535274505615,0.9818450808525085,9.403221130371094
1700822974158691000,112.47069116210938,2.6429333686828613,0.9965466856956482,9.391070365905762
1700822974168808000,112.48080786132813,2.6816093921661377,1.0107728242874146,9.378576278686523
1700822974178865000,112.49086499023437,2.4739391803741455,0.9906564950942993,9.437617301940918
1700822974188812000,112.50081201171875,2.337899923324585,0.9698007702827454,9.47439193725586
1700822974198681000,112.51068115234375,2.2404346466064453,0.9451683759689331,9.500394821166992
1700822974208784000,112.52078393554687,2.1557865142822266,0.915533721446991,9.522855758666992
1700822974218828000,112.530828125,2.0889222621917725,0.8922907710075378,9.539949417114258
1700822974228898000,112.54089794921875,2.0642073154449463,0.8884706497192383,9.545683860778809
1700822974238846000,112.55084594726563,2.0602128505706787,0.8973419666290283,9.545716285705566
1700822974248818000,112.56081787109375,2.0444629192352295,0.9115139842033386,9.547758102416992
1700822974258815000,112.57081494140625,2.0267319679260254,0.9253695011138916,9.55020523071289
1700822974268807000,112.58080688476562,2.0491206645965576,0.9383289217948914,9.54416275024414
1700822974278843000,112.5908427734375,2.070464611053467,0.949630618095398,9.538436889648438
1700822974288810000,112.60081005859375,2.0892887115478516,0.9590806365013123,9.533385276794434
1700822974298815000,112.61081494140625,2.0364766120910645,0.9055527448654175,9.550033569335938
1700822974308813000,112.62081298828124,2.0117485523223877,0.8602455258369446,9.559457778930664
1700822974318761000,112.63076098632813,2.005037307739258,0.8252061009407043,9.563956260681152
1700822974328827000,112.64082690429687,2.0016300678253174,0.7959721088409424,9.567147254943848
1700822974338873000,112.650873046875,1.9934768676757812,0.7684665322303772,9.571096420288086
1700822974348801000,112.66080102539063,1.971041202545166,0.7381041646003723,9.578131675720215
1700822974358824000,112.67082397460938,1.934969186782837,0.7062956094741821,9.587879180908203
1700822974368822000,112.68082202148437,1.920658826828003,0.6997697353363037,9.591236114501953
1700822974378879000,112.69087890625,1.8958841562271118,0.6915633678436279,9.596757888793945
1700822974388679000,112.70067895507813,1.865991473197937,0.6827732920646667,9.60324478149414
1700822974398850000,112.71085009765625,1.8366470336914062,0.6752703785896301,9.609429359436035
1700822974408912000,112.72091186523437,1.809383749961853,0.6699833869934082,9.614970207214355
1700822974418674000,112.730673828125,1.7872306108474731,0.6665329337120056,9.619351387023926
1700822974428819000,112.74081884765624,1.7697393894195557,0.66500324010849,9.622693061828613
1700822974439153000,112.75115283203125,1.730851411819458,0.6637506484985352,9.629847526550293
1700822974448882000,112.7608818359375,1.7022536993026733,0.6619608402252197,9.6350679397583
1700822974458855000,112.77085498046876,1.6683108806610107,0.6545277237892151,9.641510009765625
1700822974468723000,112.78072290039063,1.6229248046875,0.6383654475212097,9.650336265563965
1700822974479237000,112.79123706054688,1.5724796056747437,0.620324432849884,9.659859657287598
1700822974488852000,112.80085205078124,1.531176209449768,0.6115095615386963,9.6670560836792
1700822974498664000,112.81066381835937,1.4914339780807495,0.6086649894714355,9.673445701599121
1700822974508908000,112.82090795898438,1.4463084936141968,0.6150421500205994,9.679891586303711
1700822974518717000,112.83071704101563,1.4072531461715698,0.6260170936584473,9.684944152832031
1700822974528754000,112.84075390625,1.3880010843276978,0.634131133556366,9.687193870544434
1700822974538796000,112.85079614257812,1.3900749683380127,0.6336082816123962,9.686930656433105
1700822974548726000,112.86072607421875,1.3961118459701538,0.6373705863952637,9.685816764831543
1700822974558863000,112.87086303710937,1.4031378030776978,0.6439990401268005,9.68436336517334
1700822974568598000,112.88059790039063,1.4077192544937134,0.6491191387176514,9.683355331420898
1700822974579025000,112.89102490234374,1.40430748462677,0.6490721106529236,9.683852195739746
1700822974589387000,112.90138696289063,1.3832865953445435,0.7311901450157166,9.68102741241455
1700822974598902000,112.91090209960937,1.3530124425888062,0.7934174537658691,9.680403709411621
1700822974608743000,112.92074291992188,1.3294389247894287,0.8412494659423828,9.679632186889648
1700822974618885000,112.93088500976563,1.3178718090057373,0.8614534735679626,9.679436683654785
1700822974628791000,112.940791015625,1.3081120252609253,0.8615394234657288,9.680753707885742
1700822974638887000,112.95088696289062,1.2989397048950195,0.8546326756477356,9.682600975036621
1700822974648817000,112.96081689453125,1.3017832040786743,0.8372177481651306,9.683741569519043
1700822974658809000,112.97080908203125,1.3323036432266235,0.803281843662262,9.682462692260742
1700822974668803000,112.98080297851563,1.3255051374435425,0.7937225699424744,9.684185028076172
1700822974679047000,112.991046875,1.3238152265548706,0.7826879620552063,9.68531322479248
1700822974688822000,113.00082202148438,1.3209269046783447,0.7731672525405884,9.68647289276123
1700822974698747000,113.01074682617187,1.3120455741882324,0.7653008103370667,9.68830394744873
1700822974708905000,113.02090502929687,1.2966212034225464,0.7587980031967163,9.690892219543457
1700822974718815000,113.03081494140625,1.2728896141052246,0.7531663775444031,9.694477081298828
1700822974728976000,113.04097583007812,1.248606562614441,0.7493290305137634,9.697932243347168
1700822974738836000,113.0508359375,1.2181164026260376,0.7458458542823792,9.70207691192627
1700822974748859000,113.06085888671875,1.187648892402649,0.7428402304649353,9.706084251403809
1700822974758881000,113.07088110351563,1.1559441089630127,0.7398059964179993,9.710143089294434
1700822974768881000,113.080880859375,1.1265254020690918,0.7355740666389465,9.713921546936035
1700822974779054000,113.09105419921875,1.0981467962265015,0.7289108037948608,9.717673301696777
1700822974788996000,113.10099609375,1.0709166526794434,0.7205486297607422,9.721335411071777
1700822974798884000,113.11088403320312,1.0484458208084106,0.7139303684234619,9.724270820617676
1700822974808709000,113.12070922851562,1.0294406414031982,0.7102335691452026,9.726573944091797
1700822974818940000,113.13093994140625,1.0131030082702637,0.7095496654510498,9.728337287902832
1700822974829452000,113.1414521484375,0.9944093823432922,0.7090446352958679,9.730303764343262
1700822974838875000,113.150875,0.9733309745788574,0.7080196738243103,9.732508659362793
1700822974849122000,113.1611220703125,0.9475935697555542,0.7068096995353699,9.735136032104492
1700822974858816000,113.17081591796875,0.9185290932655334,0.7056219577789307,9.738008499145508
1700822974868771000,113.18077099609376,0.8882447481155396,0.7057099342346191,9.740809440612793
1700822974878941000,113.19094091796875,0.8578194975852966,0.7071101665496826,9.74343490600586
1700822974888805000,113.20080517578126,0.8310884237289429,0.7090373635292053,9.745612144470215
1700822974898808000,113.21080810546874,0.807080090045929,0.7114952802658081,9.747448921203613
1700822974908910000,113.22091015625,0.7866531014442444,0.7143380641937256,9.74891185760498
1700822974919403000,113.23140307617187,0.767327606678009,0.718749463558197,9.750128746032715
1700822974928829000,113.24082885742187,0.7557210326194763,0.7227131128311157,9.75074291229248
1700822974938800000,113.25080004882813,0.7449196577072144,0.7271069288253784,9.751246452331543
1700822974948845000,113.26084497070312,0.7356769442558289,0.7324836850166321,9.751545906066895
1700822974958872000,113.2708720703125,0.7268547415733337,0.7393494844436646,9.751690864562988
1700822974969078000,113.281078125,0.7199106216430664,0.7484244704246521,9.75151252746582
1700822974978745000,113.2907451171875,0.7140423059463501,0.7598100900650024,9.75106430053711
1700822974988975000,113.30097509765625,0.7098372578620911,0.7728089690208435,9.750349044799805
1700822974998842000,113.31084204101562,0.7072525024414062,0.7863567471504211,9.749452590942383
1700822975008801000,113.32080102539062,0.7069280743598938,0.8005191087722778,9.74832534790039
1700822975018858000,113.33085791015625,0.7119882702827454,0.8127958178520203,9.746939659118652
1700822975029302000,113.34130200195312,0.723520040512085,0.8251882791519165,9.745047569274902
1700822975038673000,113.3506728515625,0.7395844459533691,0.8349786996841431,9.743008613586426
1700822975048844000,113.36084399414062,0.7609899640083313,0.8414558172225952,9.740801811218262
1700822975059006000,113.371005859375,0.781840443611145,0.8459919691085815,9.738758087158203
1700822975069015000,113.38101513671874,0.7980784177780151,0.8482628464698792,9.73724365234375
1700822975080396000,113.39239599609375,0.810390830039978,0.8498033881187439,9.736091613769531
1700822975088722000,113.40072192382813,0.8144415616989136,0.8523542284965515,9.735530853271484
1700822975098871000,113.41087109375,0.8170549273490906,0.8559367656707764,9.73499870300293
1700822975108654000,113.42065405273438,0.8169941306114197,0.8604869842529297,9.734601974487305
1700822975118748000,113.43074780273437,0.8165946006774902,0.8645648956298828,9.734274864196777
1700822975128769000,113.44076904296875,0.8188324570655823,0.867010235786438,9.733869552612305
1700822975138713000,113.45071313476562,0.8254805207252502,0.8698752522468567,9.733051300048828
1700822975148854000,113.46085400390625,0.8366495966911316,0.8736363649368286,9.731761932373047
1700822975158842000,113.47084204101563,0.8498454689979553,0.8782225251197815,9.730205535888672
1700822975168698000,113.48069799804688,0.8631912469863892,0.8822495937347412,9.728665351867676
1700822975178966000,113.49096606445312,0.882420539855957,0.8851067423820496,9.726680755615234
1700822975188955000,113.50095483398438,0.9049608707427979,0.8855223059654236,9.724570274353027
1700822975198727000,113.51072680664062,0.9297299981117249,0.8857275247573853,9.72221565246582
1700822975208682000,113.52068188476562,0.9530273079872131,0.8854954242706299,9.71998119354248
1700822975218857000,113.53085693359375,0.9728662371635437,0.8822814226150513,9.718307495117188
1700822975228879000,113.54087915039062,0.989700198173523,0.8747861385345459,9.717287063598633
1700822975238848000,113.55084790039062,1.0191271305084229,0.8601587414741516,9.71554946899414
1700822975248778000,113.56077807617187,1.0700974464416504,0.846835732460022,9.711237907409668
1700822975258857000,113.57085693359375,1.1239128112792969,0.8400418758392334,9.705748558044434
1700822975268947000,113.58094702148438,1.1867685317993164,0.8367500901222229,9.69854736328125
1700822975278897000,113.59089697265625,1.2474722862243652,0.8354013562202454,9.691041946411133
1700822975288840000,113.60083984375,1.3060024976730347,0.8335264921188354,9.683491706848145
1700822975298741000,113.61074096679687,1.3503873348236084,0.829187273979187,9.677773475646973
1700822975308862000,113.62086206054687,1.387663722038269,0.8208034634590149,9.673213005065918
1700822975318729000,113.63072900390625,1.3906445503234863,0.819937527179718,9.672861099243164
1700822975328905000,113.64090502929687,1.43120276927948,0.8050865530967712,9.668190002441406
1700822975338743000,113.65074291992188,1.710093379020691,0.7206342816352844,9.62946891784668
1700822975348770000,113.66077001953126,1.9039479494094849,0.6943603157997131,9.594958305358887
1700822975358670000,113.67067016601563,1.9557366371154785,0.7077376246452332,9.583558082580566
1700822975368815000,113.68081518554688,2.023608446121216,0.7269114255905151,9.56801986694336
1700822975378888000,113.69088793945312,2.0502285957336426,0.7391165494918823,9.561416625976562
1700822975388803000,113.70080297851563,2.072864055633545,0.7465601563453674,9.55595588684082
1700822975398669000,113.7106689453125,2.09719181060791,0.7490969896316528,9.550446510314941
1700822975408711000,113.7207109375,2.1279163360595703,0.7483765482902527,9.54370403289795
1700822975418809000,113.73080908203124,2.1618165969848633,0.7647331953048706,9.534785270690918
1700822975428948000,113.74094799804688,2.160761594772339,0.7981298565864563,9.532286643981934
1700822975438876000,113.7508759765625,2.180187225341797,0.7973740696907043,9.527926445007324
1700822975448862000,113.76086206054687,2.1897501945495605,0.7981585264205933,9.525667190551758
1700822975458870000,113.7708701171875,2.087954044342041,0.9013205170631409,9.539312362670898
1700822975468749000,113.7807490234375,2.0679240226745605,0.9316715002059937,9.54075813293457
1700822975478787000,113.790787109375,2.0553605556488037,0.9511445760726929,9.54155158996582
1700822975488947000,113.80094702148438,2.0632591247558594,0.9430643916130066,9.5406494140625
1700822975499002000,113.81100219726562,2.066897392272949,0.933845043182373,9.54076862335205
1700822975508684000,113.82068408203125,2.0658857822418213,0.9257520437240601,9.541776657104492
1700822975518680000,113.83068017578125,1.9477310180664062,0.9291521906852722,9.566264152526855
1700822975528748000,113.840748046875,1.9025977849960327,0.9261664748191833,9.575634002685547
1700822975538756000,113.85075610351562,1.8845330476760864,0.9259271025657654,9.579227447509766
1700822975548800000,113.86080004882812,1.8739196062088013,0.9256184697151184,9.581338882446289
1700822975558773000,113.87077294921875,1.8659824132919312,0.9199646711349487,9.583431243896484
1700822975568751000,113.88075122070312,1.8572113513946533,0.9071756601333618,9.586355209350586
1700822975578768000,113.89076782226563,1.8457494974136353,0.8929963111877441,9.589899063110352
1700822975588739000,113.90073901367188,1.832843542098999,0.8805001378059387,9.593528747558594
1700822975598742000,113.91074194335937,1.8221880197525024,0.8690788745880127,9.596599578857422
1700822975608957000,113.92095703125,1.8119748830795288,0.8607666492462158,9.599281311035156
1700822975618870000,113.9308701171875,1.8070275783538818,0.8551380038261414,9.600717544555664
1700822975628860000,113.94085986328125,1.804538607597351,0.8520014882087708,9.601466178894043
1700822975638761000,113.95076098632812,1.8023948669433594,0.851646363735199,9.601899147033691
1700822975648895000,113.96089501953125,1.799353003501892,0.8551195859909058,9.60216236114502
1700822975658770000,113.97077001953124,1.7967002391815186,0.8629007339477539,9.601961135864258
1700822975668863000,113.98086303710937,1.7950022220611572,0.8716443181037903,9.601490020751953
1700822975679299000,113.99129907226562,1.7921578884124756,0.8767115473747253,9.60155963897705
1700822975688804000,114.00080419921875,1.7871488332748413,0.8762184977531433,9.6025390625
1700822975698762000,114.01076196289063,1.7795132398605347,0.8712854385375977,9.60440444946289
1700822975708647000,114.02064697265625,1.7693983316421509,0.8638865351676941,9.606942176818848
1700822975718823000,114.03082299804687,1.7564105987548828,0.8558952808380127,9.610039710998535
1700822975728830000,114.04082983398438,1.7422020435333252,0.8502633571624756,9.613125801086426
1700822975738866000,114.05086596679688,1.7283064126968384,0.8482821583747864,9.615808486938477
1700822975748892000,114.06089184570313,1.715783715248108,0.8495417833328247,9.617940902709961
1700822975758884000,114.07088403320313,1.7045780420303345,0.8545610904693604,9.619488716125488
1700822975768743000,114.08074291992187,1.6934272050857544,0.863344132900238,9.620671272277832
1700822975778823000,114.09082299804687,1.6855953931808472,0.8760896325111389,9.620896339416504
1700822975788839000,114.1008388671875,1.684383749961853,0.893691897392273,9.619488716125488
1700822975798820000,114.11082006835937,1.6884733438491821,0.9128212332725525,9.616976737976074
1700822975808820000,114.12082006835938,1.6947660446166992,0.9243424534797668,9.614767074584961
1700822975819008000,114.13100805664062,1.700951099395752,0.9320885539054871,9.61292839050293
1700822975829777000,114.14177685546875,1.7051985263824463,0.9370271563529968,9.611695289611816
1700822975838653000,114.15065283203126,1.7049009799957275,0.9392310976982117,9.611532211303711
1700822975848755000,114.1607548828125,1.696025013923645,0.9373323321342468,9.613286972045898
1700822975858806000,114.17080590820312,1.6782363653182983,0.9337082505226135,9.616761207580566
1700822975868764000,114.18076391601562,1.662126064300537,0.9305375218391418,9.619865417480469
1700822975878875000,114.190875,1.6550594568252563,0.9281196594238281,9.621317863464355
1700822975888840000,114.20083984375,1.656605839729309,0.9260451793670654,9.621252059936523
1700822975898849000,114.21084912109374,1.6634294986724854,0.9237974286079407,9.620291709899902
1700822975908723000,114.22072290039063,1.672120451927185,0.9213649034500122,9.619017601013184
1700822975918819000,114.23081909179687,1.6779978275299072,0.9193629026412964,9.618185997009277
1700822975928698000,114.24069799804687,1.6769102811813354,0.9181725382804871,9.618489265441895
1700822975938697000,114.25069702148437,1.6679446697235107,0.9168384075164795,9.620173454284668
1700822975948868000,114.2608681640625,1.6546961069107056,0.9153279662132263,9.622605323791504
1700822975958888000,114.27088793945312,1.6413272619247437,0.9138187170028687,9.625040054321289
1700822975968851000,114.28085083007812,1.632397174835205,0.9122568964958191,9.626705169677734
1700822975978864000,114.29086401367188,1.6304349899291992,0.9092991948127747,9.627318382263184
1700822975988882000,114.3008818359375,1.6344166994094849,0.9008023142814636,9.62744140625
1700822975998770000,114.31077001953125,1.6422288417816162,0.8890563249588013,9.627203941345215
1700822976008858000,114.32085815429687,1.6512638330459595,0.8806906938552856,9.62642765045166
1700822976018853000,114.33085302734375,1.6528631448745728,0.8827093243598938,9.625967025756836
1700822976028776000,114.34077587890626,1.652580738067627,0.8839160799980164,9.625906944274902
1700822976038883000,114.35088305664063,1.6462763547897339,0.8820613622665405,9.627156257629395
1700822976049042000,114.3610419921875,1.633478045463562,0.8764976263046265,9.62984561920166
1700822976059370000,114.37136987304687,1.6186469793319702,0.8690648078918457,9.633021354675293
1700822976068900000,114.38090014648438,1.6030291318893433,0.8617486357688904,9.636289596557617
1700822976078945000,114.39094506835937,1.5870237350463867,0.8570359349250793,9.639358520507812
1700822976088806000,114.40080590820313,1.5726535320281982,0.855940580368042,9.641812324523926
1700822976098827000,114.41082690429687,1.5600457191467285,0.8380699753761292,9.645427703857422
1700822976108879000,114.42087915039062,1.5514719486236572,0.8233578205108643,9.648077964782715
1700822976118843000,114.4308427734375,1.548732876777649,0.8292044997215271,9.648017883300781
1700822976128838000,114.440837890625,1.5470876693725586,0.8350605368614197,9.647777557373047
1700822976138854000,114.45085400390624,1.5445266962051392,0.8408893942832947,9.647680282592773
1700822976148834000,114.460833984375,1.5389424562454224,0.8378063440322876,9.648841857910156
1700822976158866000,114.47086596679688,1.5247490406036377,0.8186284899711609,9.652740478515625
1700822976168874000,114.4808740234375,1.502110481262207,0.7984949350357056,9.657974243164062
1700822976178879000,114.49087890625,1.478217601776123,0.7836334109306335,9.662878036499023
1700822976188794000,114.50079418945313,1.4516311883926392,0.7753536701202393,9.667574882507324
1700822976198893000,114.51089306640625,1.4181045293807983,0.7725868225097656,9.672770500183105
1700822976208847000,114.52084716796875,1.3923770189285278,0.7762088179588318,9.676218032836914
1700822976218870000,114.5308701171875,1.3814845085144043,0.7841770648956299,9.677136421203613
1700822976228884000,114.54088403320313,1.3881875276565552,0.7923235297203064,9.675512313842773
1700822976238887000,114.55088696289063,1.4100173711776733,0.7984858751296997,9.671849250793457
1700822976248871000,114.56087084960937,1.4376903772354126,0.7999047636985779,9.667656898498535
1700822976258896000,114.57089575195313,1.4541525840759277,0.7951745390892029,9.665584564208984
1700822976268876000,114.5808759765625,1.4484566450119019,0.782772421836853,9.667452812194824
1700822976278883000,114.59088305664062,1.4207757711410522,0.7640896439552307,9.673052787780762
1700822976288881000,114.600880859375,1.3929882049560547,0.7416667938232422,9.678837776184082
1700822976298885000,114.61088500976562,1.3746353387832642,0.7223094701766968,9.682924270629883
1700822976308737000,114.62073706054687,1.3674871921539307,0.7081108689308167,9.684985160827637
1700822976318994000,114.63099389648437,1.3689897060394287,0.6999544501304626,9.6853666305542
1700822976328836000,114.64083618164062,1.375194787979126,0.6993664503097534,9.684529304504395
1700822976338848000,114.65084790039063,1.3840762376785278,0.7040449380874634,9.6829252243042
1700822976348835000,114.6608349609375,1.3908970355987549,0.7089546322822571,9.681589126586914
1700822976359233000,114.67123291015625,1.3927710056304932,0.7084758877754211,9.681355476379395
1700822976368865000,114.68086499023437,1.3931524753570557,0.6991419792175293,9.681978225708008
1700822976378891000,114.69089111328125,1.3981684446334839,0.683871328830719,9.682348251342773
1700822976388819000,114.70081884765625,1.377644419670105,0.8060042858123779,9.67588996887207
1700822976398772000,114.71077197265625,1.3334829807281494,0.8621043562889099,9.677241325378418
1700822976408788000,114.7207880859375,1.3182857036590576,0.8644590973854065,9.679113388061523
1700822976418637000,114.73063696289063,1.3256295919418335,0.8509498834609985,9.679306983947754
1700822976428731000,114.74073095703125,1.3332149982452393,0.8575897812843323,9.677679061889648
1700822976438747000,114.75074682617188,1.3378978967666626,0.8656859993934631,9.676311492919922
1700822976448737000,114.76073706054687,1.341686725616455,0.873418927192688,9.675091743469238
1700822976458642000,114.77064184570312,1.3443559408187866,0.8746774196624756,9.674609184265137
1700822976468874000,114.7808740234375,1.3460779190063477,0.8579699993133545,9.675864219665527
1700822976478903000,114.79090307617187,1.356581211090088,0.8382084965705872,9.676128387451172
1700822976488885000,114.80088500976562,1.3727248907089233,0.8221753239631653,9.6752290725708
1700822976498851000,114.81085107421875,1.3879241943359375,0.8155845999717712,9.673619270324707
1700822976508885000,114.82088500976562,1.3964707851409912,0.8187640905380249,9.672120094299316
1700822976518806000,114.83080590820313,1.3970540761947632,0.8286617994308472,9.67119026184082
1700822976529096000,114.84109594726563,1.3941770792007446,0.8406438827514648,9.670572280883789
1700822976538925000,114.85092504882813,1.3915388584136963,0.8499608635902405,9.670138359069824
1700822976548656000,114.86065625,1.393354058265686,0.8520824313163757,9.66969108581543
1700822976558911000,114.87091088867187,1.4010071754455566,0.8447668552398682,9.66922664642334
1700822976568766000,114.88076586914063,1.4098402261734009,0.8313026428222656,9.669111251831055
1700822976578674000,114.890673828125,1.4183987379074097,0.8172820210456848,9.669054985046387
1700822976588698000,114.90069799804688,1.4268752336502075,0.808294415473938,9.668560981750488
1700822976598666000,114.910666015625,1.4320473670959473,0.8064823746681213,9.667948722839355
1700822976608660000,114.92065991210937,1.3238743543624878,0.7406070828437805,9.688614845275879
1700822976618775000,114.93077514648438,1.2500412464141846,0.7302484512329102,9.699203491210938
1700822976628759000,114.94075903320312,1.228812336921692,0.734912097454071,9.701563835144043
1700822976638870000,114.9508701171875,1.210483431816101,0.7355719804763794,9.703817367553711
1700822976648720000,114.96071997070312,1.2015981674194336,0.7331470847129822,9.705103874206543
1700822976658841000,114.97084106445313,1.2016899585723877,0.7326490879058838,9.705130577087402
1700822976668888000,114.98088818359375,1.206620693206787,0.7372013330459595,9.704174041748047
1700822976678750000,114.99075,1.1995325088500977,0.7424445152282715,9.704654693603516
1700822976688786000,115.00078588867187,1.176037073135376,0.7480053901672363,9.707101821899414
1700822976698788000,115.0107880859375,1.1401336193084717,0.7516171336174011,9.711104393005371
1700822976708805000,115.02080517578125,1.0990616083145142,0.7519196271896362,9.715814590454102
1700822976718832000,115.03083203125,1.0656708478927612,0.7452458143234253,9.720047950744629
1700822976728819000,115.04081884765625,1.0405839681625366,0.7294681072235107,9.723962783813477
1700822976738814000,115.05081396484375,1.0140645503997803,0.7069985270500183,9.728424072265625
1700822976748799000,115.06079907226562,0.9785577654838562,0.6837626099586487,9.733719825744629
1700822976758940000,115.07093994140625,0.9309408664703369,0.6638386249542236,9.739768028259277
1700822976768863000,115.08086303710938,0.8737871646881104,0.6513035297393799,9.7459077835083
1700822976778895000,115.09089501953125,0.8125470876693726,0.6455243825912476,9.751587867736816
1700822976788871000,115.10087084960938,0.7725436091423035,0.6465805768966675,9.754767417907715
1700822976798891000,115.11089111328126,0.7531248927116394,0.6504054069519043,9.756032943725586
1700822976808903000,115.12090283203125,0.7499103546142578,0.6562240123748779,9.755891799926758
1700822976824183000,115.13618310546875,0.7622048854827881,0.6608800292015076,9.754624366760254
1700822976838856000,115.15085595703125,0.8033303618431091,0.6566141843795776,9.75161075592041
1700822976848775000,115.16077490234375,0.8214040994644165,0.6486842632293701,9.75063705444336
1700822976859000000,115.171,0.8394836187362671,0.6375435590744019,9.74983024597168
1700822976868858000,115.18085815429687,0.8540127873420715,0.6219897270202637,9.749573707580566
1700822976878866000,115.19086596679688,0.8596864342689514,0.6027917265892029,9.750280380249023
1700822976888842000,115.20084204101562,0.8193070888519287,0.6138026714324951,9.753069877624512
1700822976898861000,115.21086108398437,0.8008806109428406,0.5957932472229004,9.755718231201172
1700822976909057000,115.22105712890625,0.773294985294342,0.5805915594100952,9.758858680725098
1700822976918859000,115.23085888671875,0.7443687915802002,0.5673992037773132,9.761883735656738
1700822976929003000,115.2410029296875,0.7239023447036743,0.5526177883148193,9.764269828796387
1700822976938881000,115.25088110351562,0.7169172763824463,0.5346545577049255,9.765787124633789
1700822976948870000,115.26086987304687,0.7132099270820618,0.5145698189735413,9.767135620117188
1700822976959067000,115.27106689453124,0.7105135321617126,0.49161097407341003,9.768515586853027
1700822976968877000,115.280876953125,0.7104752659797668,0.46576985716819763,9.769783020019531
1700822976978922000,115.290921875,0.8011279106140137,0.33591070771217346,9.768098831176758
1700822976988909000,115.30090893554687,0.8628244400024414,0.2416369765996933,9.765630722045898
1700822976998710000,115.3107099609375,0.9202932119369507,0.17349866032600403,9.761832237243652
1700822977008845000,115.32084497070312,0.9543509483337402,0.1331847757101059,9.759194374084473
1700822977018680000,115.33068017578125,0.9615858793258667,0.11745002865791321,9.758687019348145
1700822977028859000,115.34085888671875,0.9520175457000732,0.11268442124128342,9.759681701660156
1700822977038856000,115.35085595703126,0.9379431009292603,0.11565437912940979,9.761009216308594
1700822977048935000,115.36093481445313,0.9177932143211365,0.11523469537496567,9.76292896270752
1700822977058982000,115.37098193359375,0.8950517773628235,0.11101970821619034,9.76508903503418
1700822977068859000,115.38085888671876,0.8853630423545837,0.08301964402198792,9.766250610351562
1700822977078910000,115.39090991210938,0.8839400410652161,0.04137421399354935,9.766644477844238
1700822977088877000,115.400876953125,0.8883996605873108,-0.004429799038916826,9.766325950622559
1700822977098983000,115.41098291015625,0.9014201760292053,-0.04942278936505318,9.765008926391602
1700822977108849000,115.42084887695313,0.8896040320396423,-0.055621057748794556,9.766057014465332
1700822977118721000,115.43072094726563,0.8805190920829773,-0.061171676963567734,9.76684856414795
1700822977128820000,115.44082006835937,0.8752639889717102,-0.06420768797397614,9.767301559448242
1700822977138713000,115.45071313476562,0.871085524559021,-0.06475742906332016,9.767671585083008
1700822977148833000,115.4608330078125,0.8676859140396118,-0.06369359791278839,9.767980575561523
1700822977158920000,115.470919921875,0.8664946556091309,-0.06188362464308739,9.768098831176758
1700822977168896000,115.48089599609375,0.947877049446106,-0.015649696812033653,9.760721206665039
1700822977178872000,115.4908720703125,1.02080237865448,0.025009937584400177,9.753344535827637
1700822977188963000,115.50096313476563,1.0732845067977905,0.047209203243255615,9.747626304626465
1700822977198717000,115.51071704101562,1.1234537363052368,0.05870937928557396,9.741909980773926
1700822977209048000,115.52104809570312,1.185976505279541,0.06895400583744049,9.734429359436035
1700822977218859000,115.53085888671875,1.2134793996810913,0.07004851847887039,9.731030464172363
1700822977228864000,115.54086401367188,1.2476286888122559,0.0725330337882042,9.726692199707031
1700822977238868000,115.55086791992187,1.2847504615783691,0.07540157437324524,9.721837997436523
1700822977248841000,115.56084106445313,1.3183940649032593,0.0780734196305275,9.717310905456543
1700822977258833000,115.5708330078125,1.3461767435073853,0.0802425816655159,9.713484764099121
1700822977268845000,115.58084497070313,1.3687152862548828,0.08294365555047989,9.710311889648438
1700822977278861000,115.59086108398438,1.3884268999099731,0.0875081866979599,9.70747184753418
1700822977288844000,115.60084399414062,1.5319865942001343,0.21745267510414124,9.683807373046875
1700822977298854000,115.61085400390625,1.6450912952423096,0.2769280672073364,9.663714408874512
1700822977308751000,115.62075122070313,1.7428455352783203,0.30021220445632935,9.645869255065918
1700822977318842000,115.63084204101563,1.8377251625061035,0.3107745051383972,9.62790584564209
1700822977328765000,115.64076489257812,1.9145722389221191,0.31326135993003845,9.612838745117188
1700822977338807000,115.65080712890625,1.9688094854354858,0.3120332658290863,9.601916313171387
1700822977348765000,115.66076489257813,2.003741979598999,0.30571839213371277,9.594892501831055
1700822977358751000,115.6707509765625,2.028223991394043,0.295832097530365,9.590056419372559
1700822977368763000,115.68076293945313,2.0479142665863037,0.2843877375125885,9.586217880249023
1700822977378808000,115.69080810546875,2.064605236053467,0.2684636116027832,9.583096504211426
1700822977388827000,115.70082690429687,2.072709083557129,0.24536563456058502,9.581966400146484
1700822977398798000,115.71079809570313,2.0720603466033936,0.20641660690307617,9.583024024963379
1700822977408824000,115.72082397460937,2.063340425491333,0.16823796927928925,9.585651397705078
1700822977418818000,115.73081811523437,2.0378642082214355,0.13047698140144348,9.591689109802246
1700822977428707000,115.74070703125,2.0031399726867676,0.09658990800380707,9.599400520324707
1700822977438904000,115.75090405273437,1.9632506370544434,0.07322130352258682,9.607845306396484
1700822977448867000,115.7608671875,1.9088009595870972,0.06155980005860329,9.618892669677734
1700822977459029000,115.77102905273438,1.845115303993225,0.050430212169885635,9.631377220153809
1700822977468765000,115.78076489257812,1.765385627746582,0.031041620299220085,9.646390914916992
1700822977478771000,115.79077099609376,1.683653712272644,0.010901917703449726,9.661035537719727
1700822977488900000,115.80090014648438,1.598328948020935,-0.008228607475757599,9.675519943237305
1700822977498865000,115.81086499023438,1.5108312368392944,-0.030172143131494522,9.68952465057373
1700822977508921000,115.82092114257813,1.420949101448059,-0.050855159759521484,9.703025817871094
1700822977518897000,115.83089697265625,1.3168725967407227,-0.06405425071716309,9.717618942260742
1700822977528712000,115.8407119140625,1.2010940313339233,-0.07033639401197433,9.732565879821777
1700822977538905000,115.85090502929687,1.0779829025268555,-0.07367080450057983,9.746944427490234
1700822977548889000,115.86088916015625,0.9481588006019592,-0.07568944990634918,9.760414123535156
1700822977558938000,115.87093823242188,0.8321972489356995,-0.07585340738296509,9.770983695983887
1700822977568883000,115.88088305664063,0.7295952439308167,-0.07185352593660355,9.779207229614258
1700822977578922000,115.890921875,0.630935549736023,-0.06314209848642349,9.786128044128418
1700822977589012000,115.90101196289062,0.5240615606307983,-0.05554360896348953,9.79248046875
1700822977598767000,115.91076708984374,0.40338996052742004,-0.052377838641405106,9.798209190368652
1700822977611201000,115.92320092773437,0.2628536522388458,-0.05419628694653511,9.802976608276367
1700822977628665000,115.9406650390625,-0.030865678563714027,-0.0604594387114048,9.806416511535645
1700822977638837000,115.9508369140625,-0.1724751740694046,-0.0642944872379303,9.804923057556152
1700822977648678000,115.96067797851562,-0.31743717193603516,-0.06382891535758972,9.801302909851074
1700822977658652000,115.97065185546874,-0.47202277183532715,-0.06079261377453804,9.79509449005127
1700822977668643000,115.98064306640624,-0.6321536898612976,-0.05828764662146568,9.78608226776123
1700822977678654000,115.99065405273437,-0.7977005243301392,-0.05520224943757057,9.773998260498047
1700822977688659000,116.00065893554688,-0.9725684523582458,-0.04860883951187134,9.758183479309082
1700822977698739000,116.01073901367188,-1.1548793315887451,-0.03640460968017578,9.738341331481934
1700822977710792000,116.0227919921875,-1.3270328044891357,-0.020913900807499886,9.716426849365234
1700822977728607000,116.04060693359375,-1.6879122257232666,-0.028026655316352844,9.660255432128906
1700822977738845000,116.05084497070312,-1.8457155227661133,-0.052662208676338196,9.631248474121094
1700822977748814000,116.06081396484375,-1.9985066652297974,-0.07209084182977676,9.600581169128418
1700822977758901000,116.07090087890624,-2.1578776836395264,-0.07905571162700653,9.565964698791504
1700822977768902000,116.08090185546875,-2.300668239593506,-0.07760609686374664,9.532642364501953
1700822977778924000,116.09092407226562,-2.4167537689208984,-0.08219634741544724,9.503839492797852
1700822977788633000,116.10063305664063,-2.5023574829101562,-0.0957891121506691,9.481531143188477
1700822977798767000,116.11076708984375,-2.560016632080078,-0.11220569908618927,9.465946197509766
1700822977808791000,116.120791015625,-2.5933523178100586,-0.12942864000797272,9.456645965576172
1700822977818932000,116.13093188476563,-2.6118624210357666,-0.14564239978790283,9.451316833496094
1700822977828684000,116.14068408203126,-2.631493091583252,-0.16257628798484802,9.445591926574707
1700822977838913000,116.1509130859375,-2.668243646621704,-0.18105448782444,9.434940338134766
1700822977848613000,116.16061303710937,-2.7333874702453613,-0.2015942931175232,9.415858268737793
1700822977858771000,116.17077099609375,-2.810419797897339,-0.22111645340919495,9.392712593078613
1700822977868877000,116.180876953125,-2.889665365219116,-0.23669980466365814,9.368255615234375
1700822977878864000,116.19086376953125,-2.9739253520965576,-0.24873453378677368,9.341537475585938
1700822977889075000,116.20107495117188,-3.0641345977783203,-0.2644420862197876,9.31190299987793
1700822977898750000,116.21075,-3.1433067321777344,-0.28603285551071167,9.284838676452637
1700822977908862000,116.22086206054688,-3.216418743133545,-0.31050798296928406,9.258977890014648
1700822977918759000,116.23075903320313,-3.2879228591918945,-0.3352028429508209,9.232961654663086
1700822977928902000,116.24090185546875,-3.3599095344543457,-0.35456132888793945,9.206284523010254
1700822977938649000,116.25064916992187,-3.4232828617095947,-0.36605772376060486,9.18245792388916
1700822977948778000,116.26077807617187,-3.473881959915161,-0.37459319829940796,9.163090705871582
1700822977958938000,116.27093823242187,-3.525084972381592,-0.3873547613620758,9.142984390258789
1700822977968926000,116.28092602539063,-3.5855987071990967,-0.4061000943183899,9.11860466003418
1700822977978965000,116.29096508789063,-3.652390241622925,-0.4301464557647705,9.090953826904297
1700822977989148000,116.30114794921874,-3.703489303588867,-0.45027855038642883,9.069280624389648
1700822977998843000,116.3108427734375,-3.738929510116577,-0.458910197019577,9.054291725158691
1700822978008864000,116.32086401367188,-3.7643134593963623,-0.45477381348609924,9.043977737426758
1700822978018981000,116.33098120117188,-3.766251802444458,-0.43844547867774963,9.043974876403809
1700822978028827000,116.34082690429688,-3.718675136566162,-0.4152522385120392,9.06473445892334
1700822978039274000,116.35127392578126,-3.6583361625671387,-0.3969581723213196,9.090071678161621
1700822978048897000,116.36089697265625,-3.6120173931121826,-0.38890814781188965,9.10892391204834
1700822978058942000,116.37094189453126,-3.5664684772491455,-0.3841445744037628,9.127054214477539
1700822978068935000,116.38093481445313,-3.512752056121826,-0.37920039892196655,9.14806842803955
1700822978078929000,116.39092895507812,-3.4302709102630615,-0.36615124344825745,9.179847717285156
1700822978088842000,116.40084204101562,-3.318007469177246,-0.34775400161743164,9.221728324890137
1700822978098723000,116.41072314453125,-3.1472277641296387,-0.32660892605781555,9.282171249389648
1700822978108876000,116.4208759765625,-2.9413340091705322,-0.3039475977420807,9.35021686553955
1700822978118733000,116.43073315429687,-2.719515562057495,-0.27853843569755554,9.417911529541016
1700822978128839000,116.4408388671875,-2.5023698806762695,-0.25527065992355347,9.478575706481934
1700822978138976000,116.45097607421874,-2.285428047180176,-0.23633213341236115,9.53369426727295
1700822978148839000,116.4608388671875,-2.066519260406494,-0.2226993292570114,9.583856582641602
1700822978159292000,116.4712919921875,-1.8249462842941284,-0.21087445318698883,9.63304328918457
1700822978168833000,116.4808330078125,-1.6013667583465576,-0.20147563517093658,9.67292308807373
1700822978178907000,116.49090698242188,-1.3624942302703857,-0.1899970918893814,9.709680557250977
1700822978188808000,116.50080786132813,-1.1179810762405396,-0.1737859547138214,9.741165161132812
1700822978198689000,116.51068896484375,-0.8730652928352356,-0.1528024971485138,9.766514778137207
1700822978209097000,116.52109692382813,-0.6297887563705444,-0.1307452768087387,9.785533905029297
1700822978218851000,116.53085107421875,-0.39508888125419617,-0.11165712773799896,9.798053741455078
1700822978228685000,116.54068505859375,-0.15439502894878387,-0.09246844053268433,9.804999351501465
1700822978238765000,116.55076513671875,0.08805003762245178,-0.06855156272649765,9.806015014648438
1700822978248749000,116.5607490234375,0.3194555342197418,-0.0400569923222065,9.801362991333008
1700822978258816000,116.57081591796874,0.521007776260376,-0.012985738925635815,9.792792320251465
1700822978268739000,116.58073901367187,0.6833704113960266,0.012795768678188324,9.782803535461426
1700822978278631000,116.590630859375,0.8018304705619812,0.03926379606127739,9.773737907409668
1700822978289061000,116.60106103515625,0.8817264437675476,0.06192687898874283,9.76673698425293
1700822978298889000,116.61088891601563,0.9120727777481079,0.07315642386674881,9.763871192932129
1700822978308766000,116.62076586914063,0.9104466438293457,0.06895838677883148,9.764053344726562
1700822978318886000,116.63088598632812,0.9119091033935547,0.054960839450359344,9.764005661010742
1700822978328723000,116.64072290039063,0.9162439107894897,0.03268850967288017,9.763700485229492
1700822978338838000,116.65083813476562,0.8556979894638062,0.0012084990739822388,9.769247055053711
1700822978348795000,116.660794921875,0.764650821685791,-0.03299099951982498,9.776738166809082
1700822978358808000,116.67080810546875,0.645797610282898,-0.06980477273464203,9.785116195678711
1700822978368807000,116.68080688476563,0.5024555921554565,-0.10252806544303894,9.793232917785645
1700822978378801000,116.69080078125,0.3306076228618622,-0.1322954297065735,9.800182342529297
1700822978388811000,116.70081103515625,0.13175182044506073,-0.16292817890644073,9.804410934448242
1700822978398782000,116.71078198242188,-0.08230535686016083,-0.19679245352745056,9.804329872131348
1700822978408802000,116.72080200195313,-0.27620092034339905,-0.2301744967699051,9.80005931854248
1700822978418862000,116.73086206054687,-0.449007511138916,-0.26415830850601196,9.792804718017578
1700822978428811000,116.74081103515626,-0.5963119864463806,-0.30293431878089905,9.783815383911133
1700822978438794000,116.7507939453125,-0.7350970506668091,-0.35336512327194214,9.772674560546875
1700822978448801000,116.76080102539062,-0.8633578419685364,-0.4050719141960144,9.760170936584473
1700822978458841000,116.77084106445312,-1.007261037826538,-0.4502142667770386,9.744389533996582
1700822978468875000,116.780875,-1.1423486471176147,-0.4800456166267395,9.728053092956543
1700822978478889000,116.79088891601563,-1.292125940322876,-0.5056552886962891,9.707993507385254
1700822978488978000,116.80097802734375,-1.448476791381836,-0.5309510231018066,9.684544563293457
1700822978498894000,116.81089404296876,-1.5785983800888062,-0.5528379082679749,9.662959098815918
1700822978508843000,116.82084301757813,-1.6849673986434937,-0.5692740678787231,9.644024848937988
1700822978518846000,116.83084594726563,-1.777592420578003,-0.582535982131958,9.62658977508545
1700822978528857000,116.84085717773438,-1.8544816970825195,-0.5896583795547485,9.611638069152832
1700822978538879000,116.85087890625,-1.9149171113967896,-0.589089035987854,9.59981632232666
1700822978548998000,116.86099780273437,-1.969467043876648,-0.5858280062675476,9.588973045349121
1700822978558899000,116.87089892578125,-2.0297598838806152,-0.5838263034820557,9.576512336730957
1700822978568686000,116.88068603515624,-2.0970237255096436,-0.5812672972679138,9.562165260314941
1700822978578719000,116.89071899414063,-2.162463426589966,-0.5799772143363953,9.54765796661377
1700822978588785000,116.90078491210937,-2.2155654430389404,-0.5803232789039612,9.535456657409668
1700822978598915000,116.9109150390625,-2.2355058193206787,-0.5768956542015076,9.53100872039795
1700822978609072000,116.92107202148438,-2.225527286529541,-0.5651677846908569,9.534045219421387
1700822978618890000,116.93088989257812,-2.2039918899536133,-0.5440519452095032,9.540274620056152
1700822978628817000,116.94081689453125,-2.1835997104644775,-0.5179667472839355,9.546414375305176
1700822978640525000,116.95252514648438,-2.1541035175323486,-0.4963865280151367,9.5542573928833
1700822978648932000,116.96093212890625,-2.0924479961395264,-0.48901188373565674,9.568329811096191
1700822978659053000,116.97105297851563,-2.0085184574127197,-0.47405457496643066,9.58704948425293
1700822978668790000,116.9807900390625,-1.9219179153442383,-0.4429328739643097,9.606271743774414
1700822978678665000,116.9906650390625,-1.8525789976119995,-0.4003387689590454,9.621747970581055
1700822978688756000,117.000755859375,-1.791896939277649,-0.35690468549728394,9.634942054748535
1700822978698622000,117.0106220703125,-1.7168693542480469,-0.3227437734603882,9.649796485900879
1700822978708624000,117.02062377929687,-1.6000819206237793,-0.2980436384677887,9.670639038085938
1700822978718744000,117.030744140625,-1.4592571258544922,-0.2750403583049774,9.693571090698242
1700822978728787000,117.04078686523438,-1.3141127824783325,-0.24894993007183075,9.715017318725586
1700822978738776000,117.05077612304687,-1.1825863122940063,-0.2175055742263794,9.732656478881836
1700822978748857000,117.06085717773438,-1.0789120197296143,-0.18375176191329956,9.745387077331543
1700822978758856000,117.07085595703126,-0.9940534234046936,-0.15349924564361572,9.75493049621582
1700822978768753000,117.0807529296875,-0.9049579501152039,-0.12895137071609497,9.763957023620605
1700822978778812000,117.09081201171875,-0.8042413592338562,-0.10981208086013794,9.77299976348877
1700822978788966000,117.1009658203125,-0.6950404047966003,-0.08984013646841049,9.781576156616211
1700822978798825000,117.11082495117188,-0.5842804908752441,-0.06742168217897415,9.788996696472168
1700822978808845000,117.12084497070313,-0.47078269720077515,-0.04316840320825577,9.795249938964844
1700822978818795000,117.130794921875,-0.34473609924316406,-0.016414543613791466,9.800577163696289
1700822978828805000,117.14080517578125,-0.22023294866085052,0.01085223350673914,9.804171562194824
1700822978838928000,117.15092797851563,-0.09195961803197861,0.03901829943060875,9.80614185333252
1700822978848785000,117.16078491210938,0.034157998859882355,0.06278174370527267,9.806389808654785
1700822978858780000,117.17077978515626,0.15799714624881744,0.08353227376937866,9.805021286010742
1700822978868784000,117.1807841796875,0.2637827396392822,0.10328209400177002,9.802558898925781
1700822978878796000,117.19079614257812,0.36599838733673096,0.12408201396465302,9.799032211303711
1700822978889047000,117.20104711914063,0.4629252552986145,0.145624577999115,9.794634819030762
1700822978898824000,117.21082397460937,0.5579065680503845,0.17015023529529572,9.789289474487305
1700822978908825000,117.2208251953125,0.6350681185722351,0.19426673650741577,9.784137725830078
1700822978918845000,117.23084497070313,0.7078986763954163,0.22105799615383148,9.778570175170898
1700822978928843000,117.24084301757813,0.776585578918457,0.24515871703624725,9.772778511047363
1700822978938904000,117.25090405273437,0.8501748442649841,0.2666577100753784,9.76608943939209
1700822978949169000,117.2611689453125,0.9324290156364441,0.28853490948677063,9.757955551147461
1700822978958843000,117.2708427734375,1.0232537984848022,0.3073781430721283,9.748274803161621
1700822978968739000,117.28073901367188,1.1108880043029785,0.3206406533718109,9.738250732421875
1700822978978871000,117.29087109375,1.1870967149734497,0.33088207244873047,9.728909492492676
1700822978988746000,117.30074609375,1.2523560523986816,0.34100160002708435,9.720375061035156
1700822978998872000,117.3108720703125,1.3092633485794067,0.3504965603351593,9.71253776550293
1700822979008681000,117.32068090820313,1.359412670135498,0.35895898938179016,9.705336570739746
1700822979018836000,117.3308359375,1.4087367057800293,0.3685428202152252,9.697938919067383
1700822979028825000,117.3408251953125,1.4574743509292603,0.3801639974117279,9.690286636352539
1700822979039083000,117.3510830078125,1.4965423345565796,0.39150896668434143,9.683876991271973
1700822979048831000,117.3608310546875,1.531509280204773,0.40124475955963135,9.678009033203125
1700822979058843000,117.3708427734375,1.5599446296691895,0.4057125449180603,9.673282623291016
1700822979068825000,117.3808251953125,1.5880320072174072,0.4042302072048187,9.668771743774414
1700822979078707000,117.39070703125,1.617753505706787,0.4002157151699066,9.664010047912598
1700822979088730000,117.40073022460938,1.6521174907684326,0.3991226553916931,9.658241271972656
1700822979098842000,117.41084204101563,1.6929162740707397,0.40310734510421753,9.651005744934082
1700822979108708000,117.4207080078125,1.737608790397644,0.41072893142700195,9.642739295959473
1700822979118851000,117.43085107421875,1.7729624509811401,0.41851913928985596,9.635966300964355
1700822979128867000,117.4408671875,1.8195973634719849,0.4304974675178528,9.626741409301758
1700822979138823000,117.45082299804687,1.8608754873275757,0.4415621757507324,9.618345260620117
1700822979148881000,117.460880859375,1.900370717048645,0.45361295342445374,9.610058784484863
1700822979159051000,117.47105102539062,1.9604934453964233,0.468834787607193,9.597241401672363
1700822979168865000,117.48086499023438,1.9936665296554565,0.4776712954044342,9.58996868133545
1700822979178879000,117.49087890625,2.023473024368286,0.4811614751815796,9.583549499511719
1700822979188760000,117.50076000976563,2.049445629119873,0.48023879528045654,9.578075408935547
1700822979198814000,117.51081396484375,2.3431460857391357,0.510529637336731,9.508913040161133
1700822979208730000,117.52073022460938,2.4690768718719482,0.5972718000411987,9.471923828125
1700822979218701000,117.530701171875,2.498366355895996,0.6720555424690247,9.459221839904785
1700822979228772000,117.54077221679688,2.523416519165039,0.681419849395752,9.451900482177734
1700822979238806000,117.55080590820313,2.5495645999908447,0.6920625567436218,9.444108963012695
1700822979248812000,117.56081201171875,2.5774247646331787,0.7036907076835632,9.43568229675293
1700822979258907000,117.57090698242187,2.611964225769043,0.7202689051628113,9.424927711486816
1700822979268917000,117.5809169921875,2.64385724067688,0.7374494671821594,9.414701461791992
1700822979279065000,117.59106518554688,2.673616409301758,0.7570470571517944,9.404735565185547
1700822979288897000,117.60089697265624,2.6978447437286377,0.7777180671691895,9.396126747131348
1700822979298910000,117.61090991210938,2.7203023433685303,0.7999515533447266,9.387781143188477
1700822979308737000,117.62073706054687,2.74355411529541,0.8209919929504395,9.379194259643555
1700822979318805000,117.63080493164063,2.590653657913208,0.8069894909858704,9.423783302307129
1700822979328757000,117.64075708007813,2.553307056427002,0.7931532263755798,9.43514347076416
1700822979338812000,117.65081201171876,2.570089101791382,0.7912728190422058,9.430744171142578
1700822979348755000,117.6607548828125,2.6082751750946045,0.796406090259552,9.419821739196777
1700822979358800000,117.6707998046875,2.6444828510284424,0.7958762645721436,9.409765243530273
1700822979368794000,117.68079418945312,2.657500982284546,0.7772665619850159,9.407654762268066
1700822979378753000,117.6907529296875,2.635695695877075,0.7409922480583191,9.41671085357666
1700822979388818000,117.70081787109375,2.573899984359741,0.703025221824646,9.43669319152832
1700822979398836000,117.7108359375,2.5014846324920654,0.691243588924408,9.457016944885254
1700822979408851000,117.72085083007812,2.4345805644989014,0.7134010791778564,9.472816467285156
1700822979418850000,117.73085009765624,2.456690788269043,0.7198048233985901,9.466623306274414
1700822979428820000,117.74082006835937,2.4783518314361572,0.7280111908912659,9.460347175598145
1700822979438824000,117.75082397460938,2.4946389198303223,0.7373244166374207,9.455344200134277
1700822979448818000,117.76081787109375,2.502565383911133,0.7477774024009705,9.452427864074707
1700822979458858000,117.77085791015625,2.5002007484436035,0.7574948072433472,9.452280044555664
1700822979468980000,117.78097998046874,2.491948127746582,0.767428457736969,9.453658103942871
1700822979478701000,117.790701171875,2.4807732105255127,0.7763926982879639,9.455864906311035
1700822979488844000,117.80084399414062,2.4693665504455566,0.7828806042671204,9.458314895629883
1700822979498842000,117.81084204101562,2.4575021266937256,0.7887257933616638,9.460918426513672
1700822979509149000,117.82114892578124,2.4454922676086426,0.7943921685218811,9.463557243347168
1700822979518918000,117.83091796875,2.4336507320404053,0.7996619343757629,9.466166496276855
1700822979529219000,117.84121899414062,2.4201714992523193,0.8029840588569641,9.469339370727539
1700822979538857000,117.85085693359375,2.4049832820892334,0.8033108115196228,9.473180770874023
1700822979548940000,117.86093994140624,2.386016368865967,0.8005416393280029,9.47821044921875
1700822979558914000,117.8709140625,2.3693628311157227,0.7958207130432129,9.482783317565918
1700822979568868000,117.8808681640625,2.3577451705932617,0.7901055812835693,9.486156463623047
1700822979578854000,117.89085400390626,2.0456197261810303,0.6446329355239868,9.569236755371094
1700822979588892000,117.90089184570313,1.8429127931594849,0.5495858788490295,9.616238594055176
1700822979599014000,117.91101391601562,1.7090718746185303,0.4914315342903137,9.644063949584961
1700822979614510000,117.92651000976562,1.6145477294921875,0.47597062587738037,9.661111831665039
1700822979628771000,117.94077099609375,1.5180466175079346,0.49472734332084656,9.675804138183594
1700822979638682000,117.95068212890625,1.455802083015442,0.5181996822357178,9.684138298034668
1700822979648732000,117.96073193359375,1.4192007780075073,0.5381450653076172,9.688482284545898
1700822979658697000,117.97069702148437,1.411760926246643,0.5505386590957642,9.688872337341309
1700822979668664000,117.9806640625,1.4177736043930054,0.5633364915847778,9.68725872039795
1700822979678665000,117.9906650390625,1.4213383197784424,0.5666308403015137,9.686543464660645
1700822979688816000,118.00081616210937,1.4187302589416504,0.5721101760864258,9.686603546142578
1700822979698941000,118.01094091796875,1.4084361791610718,0.5795610547065735,9.687663078308105
1700822979708590600,118.02059057617187,1.398738980293274,0.5874845385551453,9.688590049743652
1700822979718794000,118.0307939453125,1.4034510850906372,0.5906134843826294,9.68772029876709
1700822979728810000,118.04081005859375,1.3972715139389038,0.6025745868682861,9.687875747680664
1700822979738877000,118.050876953125,1.3915151357650757,0.6085670590400696,9.688329696655273
1700822979748790000,118.0607900390625,1.392941951751709,0.6132213473320007,9.687830924987793
1700822979758848000,118.07084790039063,1.396774172782898,0.6187704801559448,9.686924934387207
1700822979769315000,118.08131518554687,1.4023427963256836,0.625328540802002,9.685700416564941
1700822979778841000,118.09084106445313,1.406009316444397,0.6326256990432739,9.684693336486816
1700822979788936000,118.10093603515625,1.4076985120773315,0.6406415700912476,9.683921813964844
1700822979798852000,118.11085205078125,1.4087772369384766,0.6472574472427368,9.68332576751709
1700822979808771000,118.12077099609375,1.408573031425476,0.650697648525238,9.683124542236328
1700822979818855000,118.13085498046875,1.4069892168045044,0.6503767371177673,9.683378219604492
1700822979828821000,118.14082104492188,1.4054200649261475,0.6476303935050964,9.683789253234863
1700822979838852000,118.15085205078125,1.4047619104385376,0.6454995274543762,9.684025764465332
1700822979848800000,118.16080004882812,1.4028887748718262,0.6453223824501038,9.684309959411621
1700822979858801000,118.17080078125,1.3962442874908447,0.6478840708732605,9.685098648071289
1700822979868971000,118.18097094726562,1.3852564096450806,0.6533382534980774,9.686309814453125
1700822979878875000,118.190875,1.374739646911621,0.6597188711166382,9.687376022338867
1700822979888841000,118.20084106445313,1.3653578758239746,0.6614108085632324,9.688586235046387
1700822979898826000,118.21082592773438,1.3631384372711182,0.6602656841278076,9.68897819519043
1700822979908849000,118.22084887695313,1.3608429431915283,0.659615159034729,9.689346313476562
1700822979919253000,118.2312529296875,1.3564859628677368,0.6617956757545471,9.68980884552002
1700822979928843000,118.24084301757813,1.3468389511108398,0.6667343378067017,9.690814018249512
1700822979938846000,118.25084594726563,1.3288675546646118,0.6747048497200012,9.692744255065918
1700822979948977000,118.26097680664063,1.3067054748535156,0.6838693022727966,9.695115089416504
1700822979958925000,118.27092504882812,1.2873928546905518,0.6919105648994446,9.697127342224121
1700822979968930000,118.28092993164063,1.2753961086273193,0.6977294683456421,9.698295593261719
1700822979978834000,118.290833984375,1.2735090255737305,0.7020876407623291,9.698230743408203
1700822979988859000,118.30085888671876,1.2834621667861938,0.7070023417472839,9.69655990600586
1700822979998872000,118.3108720703125,1.3011393547058105,0.7115879058837891,9.693867683410645
1700822980008867000,118.3208671875,1.3125100135803223,0.7159039974212646,9.692017555236816
1700822980018806000,118.33080590820313,1.3103783130645752,0.720869243144989,9.691937446594238
1700822980028651000,118.34065112304687,1.2983886003494263,0.7257795333862305,9.693184852600098
1700822980038875000,118.350875,1.2818182706832886,0.7341030836105347,9.69476318359375
1700822980048998000,118.36099780273437,1.266266107559204,0.7506173253059387,9.69554328918457
1700822980058789000,118.3707890625,1.2545608282089233,0.7677744626998901,9.695719718933105
1700822980068863000,118.38086303710938,1.248721718788147,0.7802183628082275,9.695480346679688
1700822980078861000,118.39086108398438,1.2492457628250122,0.7870660424232483,9.694860458374023
1700822980088869000,118.400869140625,1.2542165517807007,0.7914742231369019,9.69385814666748
1700822980098938000,118.41093823242187,1.2624629735946655,0.7957371473312378,9.692439079284668
1700822980108923000,118.4209228515625,1.2710413932800293,0.7996131181716919,9.690999984741211
1700822980118670000,118.43067016601563,1.2732582092285156,0.8009449243545532,9.690598487854004
1700822980128881000,118.440880859375,1.2637813091278076,0.7991539835929871,9.691987037658691
1700822980138759000,118.45075903320313,1.2460945844650269,0.7975836396217346,9.694405555725098
1700822980148888000,118.46088818359375,1.2307590246200562,0.7999001145362854,9.696175575256348
1700822980158824000,118.47082397460937,1.220615267753601,0.8064876794815063,9.696910858154297
1700822980168780000,118.48078002929688,1.2131131887435913,0.815357506275177,9.69710922241211
1700822980178796000,118.49079614257812,1.2060145139694214,0.823398768901825,9.697317123413086
1700822980188785000,118.50078491210938,1.1985434293746948,0.8304808139801025,9.697637557983398
1700822980198882000,118.51088208007812,1.1916306018829346,0.8337117433547974,9.698213577270508
1700822980208790000,118.5207900390625,1.1866463422775269,0.8346779942512512,9.698741912841797
1700822980218870000,118.5308701171875,1.1780717372894287,0.8343497514724731,9.69981575012207
1700822980230156000,118.54215600585937,1.1616034507751465,0.8356249332427979,9.701690673828125
1700822980238847000,118.55084692382812,1.1438930034637451,0.8386769890785217,9.703532218933105
1700822980248865000,118.56086499023438,1.1242592334747314,0.8442270159721375,9.705344200134277
1700822980258870000,118.5708701171875,1.1068586111068726,0.8505805134773254,9.70678997039795
1700822980269029000,118.58102905273438,1.0938982963562012,0.8571984171867371,9.707677841186523
1700822980278688000,118.59068798828125,1.0859647989273071,0.8638967871665955,9.70797348022461
1700822980288779000,118.60077905273438,1.0811188220977783,0.8707137703895569,9.707905769348145
1700822980298877000,118.610876953125,1.0775150060653687,0.8765472769737244,9.707782745361328
1700822980308908000,118.62090795898438,1.0718512535095215,0.8827280402183533,9.70784854888916
1700822980318801000,118.63080078125,1.0631687641143799,0.888975977897644,9.708233833312988
1700822980328776000,118.64077587890625,1.0496069192886353,0.8943915963172913,9.709210395812988
1700822980338806000,118.65080590820313,1.0313774347305298,0.8987605571746826,9.710762023925781
1700822980348814000,118.66081396484375,1.014068365097046,0.9014216065406799,9.712336540222168
1700822980358943000,118.67094287109374,1.0033198595046997,0.9017127156257629,9.713427543640137
1700822980368856000,118.68085595703126,1.0008347034454346,0.8994596600532532,9.713891983032227
1700822980378869000,118.69086889648437,1.0050055980682373,0.8951175212860107,9.713863372802734
1700822980388938000,118.70093798828125,1.0120911598205566,0.8897235989570618,9.713622093200684
1700822980398840000,118.71084008789063,1.0204530954360962,0.8843532800674438,9.713238716125488
1700822980409019000,118.72101879882813,1.025717854499817,0.8783823847770691,9.713224411010742
1700822980418969000,118.73096899414062,1.022913932800293,0.8704130053520203,9.714238166809082
1700822980429190000,118.74118994140625,1.011045217514038,0.8602493405342102,9.716385841369629
1700822980439317000,118.75131689453124,0.9896584153175354,0.8489528894424438,9.71958065032959
1700822980448862000,118.76086206054687,0.9506608843803406,0.839189887046814,9.724319458007812
1700822980458815000,118.77081494140624,0.916747510433197,0.8303288221359253,9.728336334228516
1700822980469004000,118.78100415039063,0.8924927711486816,0.8215478658676147,9.731337547302246
1700822980478675000,118.79067504882812,0.8746221661567688,0.8115487694740295,9.733796119689941
1700822980489123000,118.801123046875,1.0778177976608276,0.8527297973632812,9.709869384765625
1700822980498822000,118.81082177734375,1.0660167932510376,0.8421820998191833,9.712093353271484
1700822980508830000,118.82082983398438,1.0473922491073608,0.8335326313972473,9.714864730834961
1700822980518762000,118.83076196289062,1.0403121709823608,0.8306345343589783,9.715873718261719
1700822980528712000,118.8407119140625,1.0567936897277832,0.8225815892219543,9.714780807495117
1700822980538852000,118.85085205078126,1.0883324146270752,0.8049699664115906,9.71277141571045
1700822980548814000,118.86081396484374,1.1236381530761719,0.7822913527488708,9.71060562133789
1700822980558844000,118.87084399414063,1.1584081649780273,0.7601838707923889,9.708274841308594
1700822980568801000,118.88080102539062,1.1759151220321655,0.7491452097892761,9.70702838897705
1700822980578861000,118.89086108398438,1.178619384765625,0.7447466850280762,9.707037925720215
1700822980588905000,118.90090502929688,1.1794605255126953,0.7391773462295532,9.707361221313477
1700822980599053000,118.91105297851563,1.177667498588562,0.7340148091316223,9.707971572875977
1700822980608995000,118.9209951171875,1.1508312225341797,0.7515075206756592,9.709853172302246
1700822980618901000,118.93090087890624,1.1402572393417358,0.759540319442749,9.710474967956543
1700822980628749000,118.9407490234375,1.1378402709960938,0.7614657282829285,9.710606575012207
1700822980638759000,118.95075903320313,1.1394938230514526,0.7579711675643921,9.710686683654785
1700822980648753000,118.9607529296875,1.1489044427871704,0.7492495179176331,9.71025562286377
1700822980658757000,118.97075708007813,1.1710346937179565,0.7337310314178467,9.708795547485352
1700822980668853000,118.98085302734376,1.2011443376541138,0.7198997735977173,9.706151962280273
1700822980678639000,118.99063916015625,1.227643609046936,0.7200953364372253,9.702821731567383
1700822980688809000,119.00080908203125,1.2440823316574097,0.7177321314811707,9.70090389251709
1700822980698692000,119.01069213867187,1.2415159940719604,0.7180725932121277,9.70120620727539
1700822980708827000,119.02082690429687,1.2294445037841797,0.7201558351516724,9.70258903503418
1700822980718978000,119.03097802734375,1.2309426069259644,0.7204618453979492,9.702377319335938
1700822980728701000,119.04070092773438,1.2431658506393433,0.7232257127761841,9.700613021850586
1700822980738835000,119.0508349609375,1.2602596282958984,0.724647581577301,9.698299407958984
1700822980748733000,119.06073291015625,1.2773618698120117,0.7201821208000183,9.696394920349121
1700822980758906000,119.07090600585937,1.2849246263504028,0.7052502036094666,9.696493148803711
1700822980768758000,119.08075805664062,1.2844865322113037,0.68903648853302,9.697717666625977
1700822980778702000,119.0907021484375,1.2851976156234741,0.6806395053863525,9.698216438293457
1700822980789001000,119.1010009765625,1.2919237613677979,0.6777998805046082,9.69752025604248
1700822980798851000,119.11085107421874,1.3026114702224731,0.6757044196128845,9.69623851776123
1700822980808766000,119.12076586914063,1.3161969184875488,0.6767001152038574,9.694334030151367
1700822980818627000,119.130626953125,1.3293311595916748,0.6784583926200867,9.692418098449707
1700822980828769000,119.14076904296876,1.3402587175369263,0.6782768964767456,9.690926551818848
1700822980838740000,119.15073999023437,1.3498197793960571,0.6765987277030945,9.689715385437012
1700822980848820000,119.16082006835937,1.3598989248275757,0.6751742362976074,9.688406944274902
1700822980858853000,119.17085302734375,1.3717782497406006,0.6757669448852539,9.686691284179688
1700822980868985000,119.18098510742188,1.3827236890792847,0.6796852946281433,9.684859275817871
1700822980878780000,119.19077978515625,1.388655424118042,0.6867141723632812,9.683514595031738
1700822980888750000,119.20075,1.3880863189697266,0.6945043802261353,9.6830415725708
1700822980898781000,119.21078100585937,1.38560950756073,0.7012801766395569,9.682906150817871
1700822980908767000,119.22076708984375,1.3846476078033447,0.7060875296592712,9.682695388793945
1700822980918687000,119.23068701171874,1.384894609451294,0.7082543969154358,9.682500839233398
1700822980928781000,119.24078100585938,1.3819453716278076,0.7062205076217651,9.68307113647461
1700822980938831000,119.2508310546875,1.373810052871704,0.698955237865448,9.684755325317383
1700822980948794000,119.26079418945312,1.3661495447158813,0.6864932179450989,9.686732292175293
1700822980958807000,119.27080712890626,1.3595064878463745,0.6709396839141846,9.688754081726074
1700822980969047000,119.28104711914062,1.350818157196045,0.6557751297950745,9.691009521484375
1700822980978710000,119.2907099609375,1.339514970779419,0.6452540159225464,9.693283081054688
1700822980988822000,119.30082202148438,1.3278493881225586,0.6382894515991211,9.695348739624023
1700822980998836000,119.3108359375,1.3214417695999146,0.6348065733909607,9.696454048156738
1700822981008818000,119.32081787109375,1.3210797309875488,0.6370710134506226,9.6963529586792
1700822981018765000,119.33076513671875,1.3331298828125,0.651329517364502,9.693758964538574
1700822981028836000,119.34083618164063,1.3418556451797485,0.6611003875732422,9.69189167022705
1700822981038877000,119.350876953125,1.0244088172912598,0.6697951555252075,9.729971885681152
1700822981048714000,119.3607138671875,0.7969900369644165,0.7175418138504028,9.74783706665039
1700822981058936000,119.37093603515625,0.6431918144226074,0.7721806168556213,9.755022048950195
1700822981068858000,119.38085815429687,0.6138292551040649,0.7770809531211853,9.756523132324219
1700822981078672000,119.390671875,0.6190156936645508,0.7652642726898193,9.75713062286377
1700822981088733000,119.40073291015625,0.6266156435012817,0.7539219260215759,9.757527351379395
1700822981098778000,119.41077807617188,0.6334627270698547,0.7452829480171204,9.757749557495117
1700822981108973000,119.42097314453125,0.7013964653015137,0.6600856781005859,9.759238243103027
1700822981118775000,119.43077514648438,0.7520058155059814,0.6564493775367737,9.755712509155273
1700822981129084000,119.441083984375,0.8104428052902222,0.696189284324646,9.74827766418457
1700822981138910000,119.45090991210938,0.8520864844322205,0.7626274824142456,9.739749908447266
1700822981148919000,119.4609189453125,0.8719924092292786,0.8416387438774109,9.731478691101074
1700822981159085000,119.4710849609375,0.8837196826934814,0.8968862891197205,9.725481986999512
1700822981168853000,119.48085302734376,0.899373471736908,0.9183756709098816,9.72204303741455
1700822981179101000,119.49110083007812,0.9196411371231079,0.9227154850959778,9.719734191894531
1700822981188783000,119.500783203125,0.9462000727653503,0.9152373671531677,9.717893600463867
1700822981198789000,119.5107890625,0.9507771730422974,0.9115449786186218,9.717793464660645
1700822981208663000,119.5206630859375,0.9524641036987305,0.9085630178451538,9.717907905578613
1700822981218887000,119.53088696289062,0.9529644846916199,0.9079188704490662,9.71791934967041
1700822981228887000,119.54088696289062,0.9553557634353638,0.9123407602310181,9.717269897460938
1700822981238859000,119.55085888671876,0.9596721529960632,0.9235349297523499,9.71578598022461
1700822981248908000,119.56090795898437,0.9637672901153564,0.9411171078681946,9.713695526123047
1700822981258783000,119.57078295898438,0.9671373963356018,0.9610548615455627,9.711408615112305
1700822981268801000,119.58080102539063,0.9722610116004944,0.9778385162353516,9.709218978881836
1700822981278686000,119.59068603515625,0.975469708442688,0.9906755089759827,9.707594871520996
1700822981288832000,119.60083203125,0.9756602644920349,0.9973121285438538,9.706897735595703
1700822981298880000,119.6108798828125,0.975158154964447,0.996177613735199,9.707061767578125
1700822981308836000,119.62083618164063,0.9751201868057251,0.9882193207740784,9.707880973815918
1700822981318887000,119.63088696289063,0.9746987223625183,0.9767685532569885,9.70908260345459
1700822981328865000,119.64086499023438,0.9737515449523926,0.966661274433136,9.710187911987305
1700822981338731000,119.65073095703124,0.9725438952445984,0.9597197771072388,9.710997581481934
1700822981349133000,119.66113305664062,0.9695672392845154,0.9555486440658569,9.71170711517334
1700822981358838000,119.67083813476563,0.9649924635887146,0.9560407996177673,9.712115287780762
1700822981368844000,119.68084399414063,0.9623364210128784,0.9623094797134399,9.71175765991211
1700822981378732000,119.69073193359375,0.9594377279281616,0.9739674925804138,9.710884094238281
1700822981388830000,119.70082983398437,0.9530492424964905,0.9871659874916077,9.710179328918457
1700822981398872000,119.7108720703125,0.9414300918579102,0.9980518817901611,9.710201263427734
1700822981408725000,119.72072509765626,0.9309791326522827,1.0018398761749268,9.710819244384766
1700822981418882000,119.73088208007813,0.9200628995895386,0.9996595978736877,9.712082862854004
1700822981429094000,119.74109399414063,0.9083759784698486,0.9925401210784912,9.713913917541504
1700822981439318000,119.75131811523437,0.8957552313804626,0.9877285957336426,9.715576171875
1700822981448671000,119.7606708984375,0.883807361125946,0.9882959127426147,9.716611862182617
1700822981458735000,119.77073510742187,0.869545578956604,0.9943474531173706,9.71728229522705
1700822981468742000,119.78074194335937,0.8588456511497498,1.0037857294082642,9.717263221740723
1700822981478756000,119.79075610351562,0.852422297000885,1.0158993005752563,9.716567993164062
1700822981488743000,119.80074291992187,0.8502829670906067,1.0269871950149536,9.715591430664062
1700822981498741000,119.81074096679687,0.8438406586647034,1.0393238067626953,9.714841842651367
1700822981508757000,119.82075708007812,0.8819032311439514,1.0122119188308716,9.714323997497559
1700822981518847000,119.83084692382812,0.8832429647445679,1.007324457168579,9.71470832824707
1700822981529514000,119.84151391601563,0.8731228709220886,1.0018229484558105,9.716193199157715
1700822981538784000,119.85078393554687,0.8618097305297852,0.9911983609199524,9.718291282653809
1700822981549474000,119.86147412109375,0.8500114679336548,0.979536235332489,9.720512390136719
1700822981558848000,119.87084790039063,0.8369865417480469,0.9700798392295837,9.722593307495117
1700822981569042000,119.8810419921875,0.8224176168441772,0.9639891386032104,9.724440574645996
1700822981578966000,119.89096606445312,0.8283721804618835,0.9139996767044067,9.728760719299316
1700822981588938000,119.90093798828126,0.8493745923042297,0.8579574227333069,9.73205280303955
1700822981598673000,119.9106728515625,0.8762456774711609,0.8409048914909363,9.731159210205078
1700822981608811000,119.92081103515625,0.9084423184394836,0.8492831587791443,9.727478981018066
1700822981618753000,119.9307529296875,0.9306801557540894,0.8507423996925354,9.725249290466309
1700822981628765000,119.94076489257813,0.9552154541015625,0.8479308485984802,9.723115921020508
1700822981638815000,119.95081494140625,0.9758338928222656,0.8403264880180359,9.721728324890137
1700822981648715000,119.96071508789062,0.9924868941307068,0.8291741013526917,9.720999717712402
1700822981658763000,119.97076293945312,1.0074740648269653,0.8175275325775146,9.72044563293457
1700822981670302000,119.98230200195313,1.0217965841293335,0.8079556822776794,9.719749450683594
1700822981678662000,119.99066186523437,1.0424450635910034,0.9067699909210205,9.708834648132324
1700822981688724000,120.00072387695313,1.0498825311660767,0.9106854200363159,9.707664489746094
1700822981698744000,120.010744140625,1.0108143091201782,0.90151047706604,9.712669372558594
1700822981708803000,120.02080297851562,0.8889087438583374,0.8780723214149475,9.726726531982422
1700822981718672000,120.030671875,0.7840610146522522,0.8560618162155151,9.737699508666992
1700822981728767000,120.04076708984375,0.7442112565040588,0.8492836952209473,9.74142074584961
1700822981739406000,120.05140600585938,0.7370122671127319,0.8506582379341125,9.74184799194336
1700822981748804000,120.06080419921875,0.7404521703720093,0.8484405279159546,9.741781234741211
1700822981758787000,120.070787109375,0.8345768451690674,0.8844059109687805,9.730966567993164
1700822981768801000,120.08080102539063,0.853307843208313,0.8852367997169495,9.729265213012695
1700822981778671000,120.09067114257813,0.8688482642173767,0.8821148872375488,9.72817325592041
1700822981788816000,120.10081591796875,0.8775321841239929,0.8748846054077148,9.728048324584961
1700822981798970000,120.11097021484375,0.8847332000732422,0.8638237118721008,9.728384017944336
1700822981809055000,120.12105493164063,0.873707115650177,0.8522530794143677,9.730401039123535
1700822981819791000,120.131791015625,0.8551698327064514,0.8418404459953308,9.732954025268555
1700822981829758000,120.14175805664063,0.8332149386405945,0.8360536694526672,9.735357284545898
1700822981838687000,120.15068701171874,0.8129460215568542,0.8386623859405518,9.736845016479492
1700822981848782000,120.16078198242188,0.7937623262405396,0.8499255180358887,9.737451553344727
1700822981858679000,120.17067895507813,0.777791440486908,0.8639718890190125,9.737504959106445
1700822981869719000,120.18171899414062,0.7680167555809021,0.8720195889472961,9.737563133239746
1700822981878825000,120.19082495117188,0.7010325789451599,0.8204071521759033,9.747096061706543
1700822981888772000,120.20077221679688,0.6696969866752625,0.7913850545883179,9.75169849395752
1700822981898828000,120.210828125,0.6680912971496582,0.7727645635604858,9.753301620483398
1700822981908762000,120.22076220703126,0.6654068827629089,0.7519736886024475,9.755108833312988
1700822981918764000,120.23076391601562,0.6619096994400024,0.7331792712211609,9.756778717041016
1700822981928730000,120.24073022460938,0.6551312804222107,0.7206348180770874,9.758170127868652
1700822981938900000,120.25089990234375,0.6412973999977112,0.7163517475128174,9.759404182434082
1700822981948900000,120.26090014648437,0.6672793626785278,0.7435036897659302,9.755630493164062
1700822981958807000,120.27080712890626,0.6386638283729553,0.7466323375701904,9.757306098937988
1700822981971946000,120.28394604492188,0.6079670786857605,0.7495312690734863,9.759045600891113
1700822981988981000,120.30098095703126,0.5454021692276001,0.7417647242546082,9.763334274291992
1700822981998802000,120.31080200195312,0.5187342762947083,0.7254893183708191,9.766012191772461
1700822982008865000,120.32086499023437,0.4859454929828644,0.7013225555419922,9.769462585449219
1700822982018794000,120.3307939453125,0.4482932388782501,0.6738725304603577,9.773195266723633
1700822982028776000,120.34077587890626,0.4203606843948364,0.645122230052948,9.776373863220215
1700822982038820000,120.35082006835937,0.41268065571784973,0.6229866743087769,9.778138160705566
1700822982048675000,120.36067504882813,0.41247665882110596,0.6089087128639221,9.779032707214355
1700822982058756000,120.37075610351563,0.39019760489463806,0.599941611289978,9.780501365661621
1700822982068726000,120.38072607421876,0.3675719201564789,0.5948381423950195,9.781691551208496
1700822982078863000,120.39086303710937,0.35865679383277893,0.5920037627220154,9.78219223022461
1700822982088829000,120.40082885742187,0.3500029444694519,0.587770402431488,9.782760620117188
1700822982098892000,120.41089208984376,0.35176557302474976,0.5816960334777832,9.783060073852539
1700822982109485000,120.42148510742187,0.35198038816452026,0.5729659199714661,9.7835693359375
1700822982118829000,120.4308291015625,0.3549889028072357,0.5631766319274902,9.784029006958008
1700822982128828000,120.44082788085937,0.3666454553604126,0.5506035685539246,9.784314155578613
1700822982138824000,120.45082397460938,0.38082829117774963,0.5357198715209961,9.784599304199219
1700822982148862000,120.46086206054687,0.3880749046802521,0.5167258381843567,9.785334587097168
1700822982158819000,120.47081909179687,0.29022330045700073,0.3911348879337311,9.794547080993652
1700822982168800000,120.48080004882813,0.20975977182388306,0.3119485378265381,9.799443244934082
1700822982178808000,120.49080810546874,0.17066490650177002,0.28454700112342834,9.801036834716797
1700822982188864000,120.50086401367187,0.14521950483322144,0.2714195251464844,9.801819801330566
1700822982198926000,120.51092602539063,0.12896482646465302,0.2599181830883026,9.802356719970703
1700822982208699000,120.52069897460937,0.12161825597286224,0.24693770706653595,9.802787780761719
1700822982218906000,120.53090600585938,0.11604747176170349,0.23312486708164215,9.803193092346191
1700822982229023000,120.54102294921876,0.10769903659820557,0.21736732125282288,9.803648948669434
1700822982238853000,120.55085302734375,0.10169161111116409,0.1919967383146286,9.804244041442871
1700822982248767000,120.56076708984375,0.08789046853780746,0.17418694496154785,9.80471134185791
1700822982259008000,120.57100805664062,0.08363310247659683,0.15597353875637054,9.8050537109375
1700822982268781000,120.58078100585938,0.08899229019880295,0.1371767669916153,9.80528736114502
1700822982278786000,120.5907861328125,0.10165917128324509,0.11676730960607529,9.805428504943848
1700822982288834000,120.600833984375,0.10791677236557007,0.10416033864021301,9.80550479888916
1700822982298740000,120.61073999023438,0.11848171055316925,0.09373889863491058,9.805488586425781
1700822982308823000,120.62082299804688,0.13051876425743103,0.08661387115716934,9.805398941040039
1700822982318827000,120.63082690429688,0.3635840117931366,0.09912614524364471,9.799407958984375
1700822982328821000,120.64082104492188,0.5355337262153625,0.15384675562381744,9.790809631347656
1700822982338840000,120.65084008789063,0.6597411036491394,0.21453824639320374,9.782081604003906
1700822982349506000,120.66150610351562,0.7778571844100952,0.24969811737537384,9.772563934326172
1700822982358840000,120.67084008789062,0.8736469149589539,0.24757073819637299,9.764519691467285
1700822982368817000,120.68081689453125,0.9734700918197632,0.22306787967681885,9.755664825439453
1700822982378843000,120.6908427734375,1.0607985258102417,0.18532325327396393,9.747345924377441
1700822982388681000,120.70068090820313,1.146558165550232,0.14486059546470642,9.738317489624023
1700822982398917000,120.71091723632813,1.2306023836135864,0.11512479931116104,9.728450775146484
1700822982408958000,120.7209580078125,1.2477666139602661,0.1106625646352768,9.726316452026367
1700822982418851000,120.73085107421875,1.265389323234558,0.1089274063706398,9.724059104919434
1700822982428852000,120.74085205078126,1.2854297161102295,0.10802286118268967,9.721441268920898
1700822982438858000,120.75085791015626,1.3056284189224243,0.10804799944162369,9.71874713897705
1700822982448924000,120.760923828125,1.3265464305877686,0.10951953381299973,9.715898513793945
1700822982458854000,120.77085400390625,1.3490859270095825,0.11211042106151581,9.712763786315918
1700822982468827000,120.78082690429687,1.3722695112228394,0.11490444093942642,9.70948314666748
1700822982478836000,120.7908359375,1.3942095041275024,0.11588409543037415,9.706344604492188
1700822982488811000,120.80081103515624,1.407256007194519,0.11391104012727737,9.704485893249512
1700822982498807000,120.81080712890625,1.4191524982452393,0.10926000028848648,9.702807426452637
1700822982508875000,120.820875,1.4347659349441528,0.10332155227661133,9.700576782226562
1700822982518930000,120.83092993164063,1.4566233158111572,0.0981689915060997,9.697371482849121
1700822982528761000,120.84076098632812,1.4816902875900269,0.09187515079975128,9.693634033203125
1700822982538750000,120.85075,1.4982775449752808,0.07956453412771225,9.691194534301758
1700822982548978000,120.86097802734375,1.4994161128997803,0.058886490762233734,9.691165924072266
1700822982558848000,120.87084790039063,1.4903122186660767,0.029158582910895348,9.692704200744629
1700822982568820000,120.88082006835937,1.477035641670227,-0.006415420211851597,9.694778442382812
1700822982578846000,120.89084594726563,1.4635452032089233,-0.045480187982320786,9.696720123291016
1700822982588933000,120.90093310546875,1.4463579654693604,-0.08037585020065308,9.69907283782959
1700822982599111000,120.91111083984374,1.4122587442398071,-0.10636164993047714,9.70384407043457
1700822982608961000,120.9209609375,1.3618346452713013,-0.1254115104675293,9.710821151733398
1700822982618848000,120.93084790039063,1.3044050931930542,-0.13995207846164703,9.718503952026367
1700822982630341000,120.94234106445313,1.24250066280365,-0.15283113718032837,9.726419448852539
1700822982638768000,120.95076806640625,1.1715891361236572,-0.16795769333839417,9.734965324401855
1700822982649161000,120.96116088867187,1.0919603109359741,-0.18927636742591858,9.743827819824219
1700822982658813000,120.97081298828125,1.0041873455047607,-0.21361090242862701,9.752761840820312
1700822982668812000,120.98081201171875,0.916130542755127,-0.2328627109527588,9.760987281799316
1700822982678850000,120.99085009765625,0.822942852973938,-0.24676351249217987,9.768943786621094
1700822982688791000,121.000791015625,0.7120441198348999,-0.2589838206768036,9.777336120605469
1700822982699384000,121.01138403320313,0.5855927467346191,-0.26837795972824097,9.785470962524414
1700822982708800000,121.02080004882812,0.44684740900993347,-0.27485594153404236,9.792607307434082
1700822982718825000,121.03082495117188,0.30559390783309937,-0.2775008976459503,9.79796028137207
1700822982728805000,121.04080517578124,0.1558963805437088,-0.27861499786376953,9.80145263671875
1700822982738673000,121.0506728515625,-0.002301262691617012,-0.27968117594718933,9.802660942077637
1700822982748962000,121.06096215820313,-0.16153846681118011,-0.284604012966156,9.801190376281738
1700822982758759000,121.07075903320313,-0.32750383019447327,-0.3000391721725464,9.796586990356445
1700822982768780000,121.08078002929688,-0.4770771265029907,-0.3190884590148926,9.789841651916504
1700822982778770000,121.09077001953125,-0.6192734837532043,-0.3361679017543793,9.781302452087402
1700822982788741000,121.1007412109375,-0.765447199344635,-0.3502165973186493,9.770459175109863
1700822982798985000,121.11098486328125,-0.9271499514579773,-0.36283349990844727,9.755979537963867
1700822982808751000,121.12075122070313,-1.0935767889022827,-0.37201982736587524,9.738380432128906
1700822982818829000,121.1308291015625,-1.2516496181488037,-0.37656188011169434,9.719154357910156
1700822982828802000,121.14080200195312,-1.409338355064392,-0.38008856773376465,9.697407722473145
1700822982838730000,121.15072998046875,-1.5873714685440063,-0.386883944272995,9.66958999633789
1700822982848712000,121.1607119140625,-1.7650609016418457,-0.3986053466796875,9.638259887695312
1700822982858837000,121.1708369140625,-1.9521300792694092,-0.415072500705719,9.601423263549805
1700822982868674000,121.18067407226563,-2.130436658859253,-0.4298281669616699,9.562786102294922
1700822982879590000,121.19158984375,-2.301800489425659,-0.4382052421569824,9.522608757019043
1700822982889003000,121.2010029296875,-1.985926628112793,-0.2971215546131134,9.59886646270752
1700822982898632000,121.2106318359375,-1.7211616039276123,-0.2026096135377884,9.652303695678711
1700822982908866000,121.22086596679688,-1.863060712814331,-0.19849750399589539,9.626005172729492
1700822982918811000,121.23081079101563,-1.9930285215377808,-0.20004765689373016,9.599906921386719
1700822982929084000,121.241083984375,-2.1164627075195312,-0.20685148239135742,9.573305130004883
1700822982938707000,121.25070703125,-2.2298686504364014,-0.22082506120204926,9.547216415405273
1700822982948800000,121.26080004882813,-2.3204526901245117,-0.24383389949798584,9.525042533874512
1700822982958787000,121.270787109375,-2.375986337661743,-0.2670215964317322,9.510719299316406
1700822982968768000,121.28076806640625,-2.403358221054077,-0.28262218832969666,9.503389358520508
1700822982978786000,121.2907861328125,-2.417689561843872,-0.2862909436225891,9.499642372131348
1700822982988862000,121.30086206054688,-2.429999589920044,-0.28207916021347046,9.496628761291504
1700822982998809000,121.31080908203126,-2.424811363220215,-0.2900584638118744,9.497713088989258
1700822983008786000,121.32078588867188,-2.426560163497925,-0.30910101532936096,9.496664047241211
1700822983018780000,121.33077978515625,-2.439305067062378,-0.34252896904945374,9.492252349853516
1700822983028787000,121.34078686523438,-2.4675381183624268,-0.38316842913627625,9.483397483825684
1700822983038735000,121.35073510742187,-2.5236330032348633,-0.4191872477531433,9.467098236083984
1700822983048770000,121.36077001953124,-2.6040239334106445,-0.4449181854724884,9.444125175476074
1700822983058839000,121.37083911132812,-2.7060773372650146,-0.4650976359844208,9.41441535949707
1700822983069403000,121.38140283203126,-2.8125078678131104,-0.47932782769203186,9.382454872131348
1700822983078848000,121.39084790039063,-2.8956315517425537,-0.4891211986541748,9.356627464294434
1700822983088800000,121.40080004882813,-2.978440761566162,-0.5061503648757935,9.32968807220459
1700822983098844000,121.41084399414062,-3.051495313644409,-0.5342267155647278,9.30448055267334
1700822983108890000,121.42089013671875,-3.109605550765991,-0.5627572536468506,9.283535957336426
1700822983118858000,121.43085791015625,-3.1370115280151367,-0.5844558477401733,9.272969245910645
1700822983128882000,121.4408818359375,-3.1359803676605225,-0.5991775989532471,9.272378921508789
1700822983138805000,121.45080493164062,-3.130434513092041,-0.6082087755203247,9.273665428161621
1700822983148843000,121.46084301757813,-3.126425266265869,-0.6111576557159424,9.274824142456055
1700822983158825000,121.47082495117188,-3.1263036727905273,-0.6111158728599548,9.274868965148926
1700822983168897000,121.48089697265625,-3.1313867568969727,-0.6142346262931824,9.27294635772705
1700822983178839000,121.49083911132813,-3.1368799209594727,-0.6230751872062683,9.270500183105469
1700822983188828000,121.50082788085938,-3.1401312351226807,-0.6392413377761841,9.26829719543457
1700822983198840000,121.51084008789063,-3.147458076477051,-0.6581202149391174,9.264491081237793
1700822983208780000,121.52078002929687,-3.1578426361083984,-0.6711153388023376,9.26002311706543
1700822983219013000,121.53101318359376,-3.153987169265747,-0.6737868785858154,9.261143684387207
1700822983228756000,121.540755859375,-3.12251353263855,-0.6610100865364075,9.272723197937012
1700822983239099000,121.55109887695312,-3.0578134059906006,-0.6292951107025146,9.296462059020996
1700822983248814000,121.56081396484375,-2.9484267234802246,-0.5998635292053223,9.33366870880127
1700822983258810000,121.57081005859375,-2.8135645389556885,-0.5786638259887695,9.376533508300781
1700822983268794000,121.58079418945313,-2.6731536388397217,-0.5642576813697815,9.4183988571167
1700822983278823000,121.59082299804687,-2.5459306240081787,-0.554952085018158,9.454134941101074
1700822983288705000,121.600705078125,-2.4260451793670654,-0.545255184173584,9.48616886138916
1700822983298899000,121.61089892578126,-2.315426826477051,-0.5315954685211182,9.514548301696777
1700822983308888000,121.62088818359375,-2.1780314445495605,-0.49766838550567627,9.548765182495117
1700822983318906000,121.63090600585937,-2.009164333343506,-0.4495058059692383,9.58809757232666
1700822983328879000,121.64087915039063,-1.785073161125183,-0.40197834372520447,9.63443374633789
1700822983338853000,121.65085302734374,-1.5228204727172852,-0.3533531427383423,9.681245803833008
1700822983348856000,121.66085595703125,-1.252404808998108,-0.3051905632019043,9.72156047821045
1700822983358865000,121.67086499023438,-0.9840531349182129,-0.26070231199264526,9.753668785095215
1700822983368939000,121.68093896484375,-0.7365531325340271,-0.22088351845741272,9.776455879211426
1700822983378815000,121.69081494140624,-0.5040683150291443,-0.18428543210029602,9.791953086853027
1700822983388926000,121.70092602539063,-0.28120237588882446,-0.14908669888973236,9.801485061645508
1700822983398744000,121.710744140625,-0.06322013586759567,-0.11647738516330719,9.805755615234375
1700822983408757000,121.72075708007813,0.16364946961402893,-0.08520867675542831,9.804915428161621
1700822983418890000,121.73088989257812,0.3839835524559021,-0.05637772008776665,9.798968315124512
1700822983429216000,121.74121606445313,0.5942106246948242,-0.031041912734508514,9.788581848144531
1700822983438711000,121.7507109375,0.793236255645752,-0.008820435032248497,9.77451229095459
1700822983448978000,121.76097802734375,0.9680173397064209,0.010092062875628471,9.75875186920166
1700822983458846000,121.77084594726563,1.1307833194732666,0.028428222984075546,9.74119758605957
1700822983468854000,121.78085400390626,1.2732868194580078,0.04870850220322609,9.723515510559082
1700822983479168000,121.79116796875,1.3869099617004395,0.07274667173624039,9.707809448242188
1700822983488975000,121.80097509765625,1.469313621520996,0.09519582241773605,9.695486068725586
1700822983498946000,121.81094604492188,1.5179624557495117,0.1092836782336235,9.68783950805664
1700822983508760000,121.82076000976562,1.5361703634262085,0.11786767095327377,9.684868812561035
1700822983518829000,121.8308291015625,1.530810832977295,0.1235094740986824,9.685647010803223
1700822983529094000,121.84109399414062,1.5109485387802124,0.12559446692466736,9.688738822937012
1700822983538795000,121.850794921875,1.485160231590271,0.12275076657533646,9.692760467529297
1700822983548799000,121.86079907226562,1.4499287605285645,0.11446955054998398,9.698195457458496
1700822983558883000,121.87088305664062,1.3923773765563965,0.10082505643367767,9.706777572631836
1700822983568691000,121.88069091796875,1.3239809274673462,0.0819379910826683,9.716519355773926
1700822983578844000,121.89084399414062,1.2510794401168823,0.05846358835697174,9.726346015930176
1700822983588849000,121.90084887695312,1.1619459390640259,0.03247954323887825,9.737517356872559
1700822983598757000,121.91075708007813,1.051998257637024,0.009395604953169823,9.750055313110352
1700822983609010000,121.92101000976562,0.9295324683189392,-0.007466390263289213,9.762495040893555
1700822983618907000,121.93090698242187,0.8031409978866577,-0.025607027113437653,9.773674964904785
1700822983628973000,121.94097314453126,0.6733537316322327,-0.04665273800492287,9.783394813537598
1700822983638792000,121.9507919921875,0.5464394092559814,-0.07384411245584488,9.791136741638184
1700822983648813000,121.96081298828125,0.4379635453224182,-0.10319909453392029,9.7963228225708
1700822983658789000,121.9707890625,0.32420623302459717,-0.13596270978450775,9.800346374511719
1700822983668861000,121.98086083984376,0.20050621032714844,-0.16998890042304993,9.803126335144043
1700822983678706000,121.99070581054687,0.07982230931520462,-0.2039317935705185,9.804203987121582
1700822983688888000,122.00088818359374,-0.04290858283638954,-0.2361459732055664,9.803711891174316
1700822983698813000,122.01081298828124,-0.19070640206336975,-0.26628363132476807,9.801179885864258
1700822983708785000,122.02078491210938,-0.35125645995140076,-0.2920321226119995,9.79600715637207
1700822983718672000,122.030671875,-0.4991714656352997,-0.3138701319694519,9.788908004760742
1700822983728889000,122.04088916015625,-0.6147571802139282,-0.3319067358970642,9.781734466552734
1700822983738846000,122.05084594726563,-0.6832967400550842,-0.3451034724712372,9.776727676391602
1700822983748786000,122.06078588867187,-0.7257400751113892,-0.356566846370697,9.7732572555542
1700822983758869000,122.07086889648437,-0.7664484977722168,-0.3735217750072479,9.76951789855957
1700822983768863000,122.08086303710938,-0.827724814414978,-0.40079790353775024,9.763434410095215
1700822983778912000,122.090912109375,-0.9193740487098694,-0.43608811497688293,9.753715515136719
1700822983788810000,122.10081005859375,-1.0319088697433472,-0.4656964838504791,9.741083145141602
1700822983798822000,122.11082177734374,-1.1372557878494263,-0.47710078954696655,9.72879409790039
1700822983808813000,122.12081298828124,-1.221529483795166,-0.47657325863838196,9.718596458435059
1700822983818928000,122.13092822265625,-1.265478253364563,-0.47007718682289124,9.713289260864258
1700822983829632000,122.14163208007812,-1.2782946825027466,-0.4632546603679657,9.711938858032227
1700822983838873000,122.150873046875,-1.2819690704345703,-0.4612748622894287,9.711549758911133
1700822983848788000,122.1607880859375,-1.289171576499939,-0.46449968218803406,9.710442543029785
1700822983858716000,122.1707158203125,-1.3147501945495605,-0.4692205786705017,9.706783294677734
1700822983868692000,122.18069189453125,-1.3597654104232788,-0.4665946066379547,9.700706481933594
1700822983878673000,122.1906728515625,-1.4024831056594849,-0.4508873224258423,9.695365905761719
1700822983888768000,122.20076806640625,-1.4277234077453613,-0.4308490455150604,9.692594528198242
1700822983898810000,122.21081005859375,-1.4458003044128418,-0.41323915123939514,9.690681457519531
1700822983908867000,122.2208671875,-1.466245412826538,-0.4021870195865631,9.688072204589844
1700822983918952000,122.23095190429687,-1.483224868774414,-0.4031628668308258,9.685446739196777
1700822983928889000,122.24088916015624,-1.4719687700271606,-0.4007359445095062,9.68726634979248
1700822983940756000,122.252755859375,-1.4585826396942139,-0.38829731941223145,9.689796447753906
1700822983948943000,122.26094311523437,-1.4425450563430786,-0.3690758943557739,9.692949295043945
1700822983958724000,122.27072412109375,-1.4084101915359497,-0.3549012243747711,9.698494911193848
1700822983968667000,122.2806669921875,-1.358383297920227,-0.3458373546600342,9.705954551696777
1700822983978644000,122.29064404296875,-1.297648549079895,-0.3386743366718292,9.714515686035156
1700822983988704000,122.3007041015625,-1.2355592250823975,-0.33203795552253723,9.7228364944458
1700822983998834000,122.310833984375,-1.1838635206222534,-0.32727351784706116,9.729427337646484
1700822984008765000,122.32076489257813,-1.1445543766021729,-0.3239247798919678,9.734241485595703
1700822984018643000,122.33064282226563,-1.1158686876296997,-0.3219745457172394,9.737638473510742
1700822984028635000,122.340634765625,-1.0884721279144287,-0.32246291637420654,9.740721702575684
1700822984038735000,122.35073510742187,-1.0505796670913696,-0.3222951591014862,9.744884490966797
1700822984048753000,122.3607529296875,-1.0056488513946533,-0.31593993306159973,9.749832153320312
1700822984058724000,122.37072412109374,-0.9443217515945435,-0.30392947793006897,9.756346702575684
1700822984068767000,122.38076708984374,-0.8752122521400452,-0.2915796935558319,9.763163566589355
1700822984078774000,122.39077392578125,-0.8075909614562988,-0.2798910140991211,9.769332885742188
1700822984088827000,122.40082690429688,-0.7455000877380371,-0.26744213700294495,9.774616241455078
1700822984098780000,122.41077978515625,-0.6843339800834656,-0.2556748390197754,9.779403686523438
1700822984108853000,122.42085302734375,-0.6175707578659058,-0.24420185387134552,9.784138679504395
1700822984118841000,122.43084106445312,-0.5455710887908936,-0.23036593198776245,9.788753509521484
1700822984128935000,122.44093481445313,-0.47450318932533264,-0.21408933401107788,9.792823791503906
1700822984138958000,122.4509580078125,-0.4070756733417511,-0.19617724418640137,9.796235084533691
1700822984148840000,122.46083984375,-0.34197890758514404,-0.17739304900169373,9.799080848693848
1700822984158667000,122.4706669921875,-0.2820125222206116,-0.1602601259946823,9.801285743713379
1700822984168662000,122.480662109375,-0.21565818786621094,-0.14201602339744568,9.803250312805176
1700822984178801000,122.49080078125,-0.14257629215717316,-0.1228124350309372,9.80484676361084
1700822984188807000,122.50080688476562,-0.06331365555524826,-0.10207739472389221,9.805914878845215
1700822984198824000,122.51082397460938,0.011344985105097294,-0.08158902823925018,9.806306838989258
1700822984208800000,122.52080004882812,0.08211217820644379,-0.061963703483343124,9.806110382080078
1700822984218801000,122.53080078125,0.14991584420204163,-0.045874446630477905,9.80539608001709
1700822984229486000,122.54148608398438,0.21893619000911713,-0.04102671518921852,9.804120063781738
1700822984238978000,122.55097802734375,0.2885977625846863,-0.03887070715427399,9.802325248718262
1700822984248645000,122.56064501953125,0.36025574803352356,-0.034463994204998016,9.799971580505371
1700822984258647000,122.57064697265625,0.43050360679626465,-0.024875206872820854,9.797165870666504
1700822984268797000,122.580796875,0.5041609406471252,-0.007403554394841194,9.793679237365723
1700822984278812000,122.59081201171875,0.5854828357696533,0.018046529963612556,9.789141654968262
1700822984288770000,122.60077001953125,0.6835933923721313,0.04909311607480049,9.782672882080078
1700822984298646000,122.61064599609375,0.7975701689720154,0.08371289074420929,9.773804664611816
1700822984308808000,122.62080786132813,0.9016633033752441,0.11679127812385559,9.764412879943848
1700822984318675000,122.63067504882812,1.0002723932266235,0.14486849308013916,9.754427909851074
1700822984328738000,122.64073803710937,1.0881950855255127,0.1630389392375946,9.74472427368164
1700822984338824000,122.65082397460938,1.1666259765625,0.17799773812294006,9.735384941101074
1700822984348897000,122.66089697265625,1.2299492359161377,0.19274930655956268,9.72730541229248
1700822984358891000,122.67089111328124,1.282717227935791,0.21106384694576263,9.720107078552246
1700822984369128000,122.6811279296875,1.3310521841049194,0.2336135357618332,9.713091850280762
1700822984378891000,122.69089111328125,1.3815248012542725,0.26002252101898193,9.705368995666504
1700822984388964000,122.70096411132812,1.4403165578842163,0.2914592921733856,9.695923805236816
1700822984398847000,122.71084692382813,1.4957424402236938,0.3209601044654846,9.686595916748047
1700822984408837000,122.72083715820312,1.5521224737167358,0.34951573610305786,9.676733016967773
1700822984418850000,122.73085009765624,1.6069135665893555,0.37185004353523254,9.666950225830078
1700822984428884000,122.74088403320313,1.6596215963363647,0.3867553472518921,9.657458305358887
1700822984438861000,122.75086108398438,1.702046275138855,0.3960419297218323,9.64969253540039
1700822984448845000,122.76084497070312,1.725238561630249,0.4047478139400482,9.645214080810547
1700822984458854000,122.77085400390625,1.7351009845733643,0.4176473319530487,9.642891883850098
1700822984469024000,122.78102392578126,1.7387357950210571,0.4367024600505829,9.641393661499023
1700822984478938000,122.79093823242188,1.736806035041809,0.4605763554573059,9.640631675720215
1700822984489023000,122.80102294921875,1.7338672876358032,0.4858832359313965,9.639918327331543
1700822984499011000,122.81101098632813,1.7392501831054688,0.5105170607566833,9.637675285339355
1700822984508825000,122.8208251953125,1.757123351097107,0.5308984518051147,9.633331298828125
1700822984518853000,122.83085302734375,1.7815821170806885,0.5453387498855591,9.628029823303223
1700822984528909000,122.84090893554688,1.802095890045166,0.551692545413971,9.623849868774414
1700822984538698000,122.85069799804687,1.8252710103988647,0.5538049936294556,9.619359016418457
1700822984548790000,122.8607900390625,1.8587758541107178,0.5602276921272278,9.612569808959961
1700822984558826000,122.87082592773437,1.894747018814087,0.571340024471283,9.604889869689941
1700822984568761000,122.88076098632813,1.9269392490386963,0.5845701098442078,9.597684860229492
1700822984578917000,122.89091723632812,1.9604966640472412,0.5973527431488037,9.59010124206543
1700822984589507000,122.90150708007812,1.9968796968460083,0.6039516925811768,9.582176208496094
1700822984598892000,122.91089208984376,2.03289794921875,0.6057347655296326,9.574485778808594
1700822984609290000,122.9212900390625,2.048567295074463,0.604369044303894,9.571232795715332
1700822984618903000,122.93090307617187,2.053708553314209,0.6092380881309509,9.569823265075684
1700822984628960000,122.9409599609375,2.0559275150299072,0.6208195686340332,9.568601608276367
1700822984638876000,122.9508759765625,2.0582869052886963,0.6387646794319153,9.566914558410645
1700822984648802000,122.96080200195313,2.0588536262512207,0.6633470058441162,9.565117835998535
1700822984658816000,122.97081591796875,2.060626268386841,0.6952642202377319,9.562470436096191
1700822984668773000,122.98077319335937,2.0870132446289062,0.7142428159713745,9.55534553527832
1700822984678928000,122.99092797851563,2.1194405555725098,0.7345610857009888,9.546663284301758
1700822984688742000,123.00074194335937,2.1562612056732178,0.7563181519508362,9.536713600158691
1700822984698796000,123.01079614257813,2.1820764541625977,0.7762395143508911,9.5292387008667
1700822984708756000,123.020755859375,2.1951241493225098,0.7968135476112366,9.524542808532715
1700822984718902000,123.03090209960938,2.1968324184417725,0.8179579973220825,9.522356033325195
1700822984728920000,123.04092016601562,2.1914377212524414,0.840573787689209,9.52163028717041
1700822984738766000,123.05076611328126,2.1807074546813965,0.8647408485412598,9.521928787231445
1700822984748900000,123.06090014648437,2.167205572128296,0.8870061635971069,9.52296257019043
1700822984758768000,123.07076806640625,2.158764362335205,0.9084282517433167,9.522860527038574
1700822984768866000,123.08086596679688,2.154984712600708,0.9275985360145569,9.521869659423828
1700822984778815000,123.09081494140625,2.1591997146606445,0.9455793499946594,9.519145965576172
1700822984788778000,123.10077807617188,2.167088747024536,0.9619292616844177,9.515713691711426
1700822984798919000,123.1109189453125,2.177196741104126,0.9777218699455261,9.511795997619629
1700822984808774000,123.12077392578125,2.1933867931365967,0.9947913885116577,9.506305694580078
1700822984818816000,123.13081591796875,2.216693162918091,1.0116902589797974,9.499112129211426
1700822984828866000,123.14086596679688,2.2491462230682373,1.025951623916626,9.489950180053711
1700822984838783000,123.15078295898438,2.289839744567871,1.0368839502334595,9.479023933410645
1700822984848871000,123.16087084960938,2.3312501907348633,1.0451102256774902,9.46802043914795
1700822984858780000,123.17077978515626,2.3740711212158203,1.0586326122283936,9.455870628356934
1700822984868761000,123.18076098632812,2.4168877601623535,1.074144959449768,9.443265914916992
1700822984879036000,123.19103588867188,2.4595606327056885,1.0907909870147705,9.430330276489258
1700822984888749000,123.2007490234375,2.4959704875946045,1.1079623699188232,9.418754577636719
1700822984898764000,123.21076391601562,2.51939058303833,1.121832013130188,9.410874366760254
1700822984908817000,123.22081689453125,2.5333216190338135,1.133631706237793,9.405718803405762
1700822984918790000,123.23078979492188,2.5425968170166016,1.1424158811569214,9.402153015136719
1700822984928805000,123.24080517578125,2.5565667152404785,1.1496344804763794,9.397483825683594
1700822984938668000,123.25066796875,2.5745232105255127,1.155735731124878,9.391830444335938
1700822984948757000,123.26075708007812,2.5849480628967285,1.157685399055481,9.388727188110352
1700822984958863000,123.27086303710938,2.583468198776245,1.1561448574066162,9.389325141906738
1700822984968837000,123.28083715820313,2.567732334136963,1.1512682437896729,9.39423942565918
1700822984978879000,123.29087890625,2.5383074283599854,1.1433371305465698,9.40320110321045
1700822984989000000,123.301,2.4983766078948975,1.132241129875183,9.415228843688965
1700822985000288000,123.3122880859375,2.4471757411956787,1.1151829957962036,9.430699348449707
1700822985009269000,123.32126904296875,2.4109997749328613,1.099848985671997,9.441812515258789
1700822985020749000,123.3327490234375,2.413393020629883,1.0950404405593872,9.44175910949707
1700822985033716000,123.34571606445313,1.7383307218551636,0.8568596839904785,9.613241195678711
1700822985048677000,123.36067700195312,1.3496049642562866,0.7519681453704834,9.684188842773438
1700822985059965000,123.37196484375,1.3180299997329712,0.7443430423736572,9.689126014709473
1700822985068663000,123.3806630859375,1.3001643419265747,0.7389835715293884,9.691949844360352
1700822985078758000,123.3907578125,1.2736632823944092,0.7330194115638733,9.695920944213867
1700822985088838000,123.400837890625,1.2554665803909302,0.726231038570404,9.698802947998047
1700822985098880000,123.4108798828125,1.2480003833770752,0.7237632274627686,9.699951171875
1700822985108764000,123.42076391601563,1.2421385049819946,0.7243965268135071,9.700655937194824
1700822985118862000,123.43086206054687,1.2397642135620117,0.7273299694061279,9.700740814208984
1700822985128776000,123.44077587890625,1.2553061246871948,0.7467650175094604,9.697263717651367
1700822985138794000,123.4507939453125,1.2689400911331177,0.7784537076950073,9.692997932434082
1700822985148804000,123.46080419921876,1.2822297811508179,0.8133596181869507,9.688380241394043
1700822985158793000,123.47079296875,1.298577904701233,0.8394561409950256,9.683976173400879
1700822985168815000,123.48081518554687,1.3243588209152222,0.8539771437644958,9.679215431213379
1700822985178831000,123.4908310546875,1.3630001544952393,0.8552882075309753,9.673731803894043
1700822985188813000,123.50081298828125,1.4014114141464233,0.8438315987586975,9.66925048828125
1700822985198805000,123.51080493164062,1.4309502840042114,0.8258265852928162,9.666478157043457
1700822985208684000,123.52068408203125,1.4535294771194458,0.8079232573509216,9.664620399475098
1700822985218848000,123.53084790039063,1.4520046710968018,0.8045584559440613,9.665131568908691
1700822985228843000,123.54084301757813,1.459855079650879,0.8001672029495239,9.664313316345215
1700822985238976000,123.55097607421875,1.479319453239441,0.7966153621673584,9.661646842956543
1700822985248839000,123.5608388671875,1.5008935928344727,0.7939163446426392,9.658541679382324
1700822985258818000,123.57081811523437,1.5190649032592773,0.7927031517028809,9.655799865722656
1700822985268789000,123.5807890625,1.5322118997573853,0.7959662675857544,9.65345287322998
1700822985278826000,123.59082592773437,1.5417524576187134,0.8035615682601929,9.651304244995117
1700822985288846000,123.60084619140625,1.5454550981521606,0.8130746483802795,9.649916648864746
1700822985298748000,123.61074780273438,1.5416537523269653,0.8208332657814026,9.649867057800293
1700822985308836000,123.62083618164063,1.5347633361816406,0.8236626386642456,9.650724411010742
1700822985318849000,123.63084912109375,1.5275217294692993,0.8212550282478333,9.652077674865723
1700822985328867000,123.6408671875,1.5207901000976562,0.8168299198150635,9.653515815734863
1700822985338850000,123.65085009765625,1.5124905109405518,0.814420223236084,9.655024528503418
1700822985348693000,123.66069287109374,1.5002707242965698,0.8137345910072327,9.656988143920898
1700822985358846000,123.67084594726562,1.4866631031036377,0.8135653734207153,9.659107208251953
1700822985368892000,123.68089184570313,1.4762039184570312,0.8157087564468384,9.660530090332031
1700822985378831000,123.6908310546875,1.469882845878601,0.8238540887832642,9.660802841186523
1700822985388878000,123.70087817382813,1.4697853326797485,0.8358861804008484,9.659783363342285
1700822985398731000,123.71073095703125,1.4797863960266113,0.8489885330200195,9.657114028930664
1700822985409004000,123.72100415039063,1.4987871646881104,0.8640855550765991,9.652843475341797
1700822985419032000,123.73103198242187,1.5110881328582764,0.8739268779754639,9.650040626525879
1700822985428840000,123.74083984375,1.5293787717819214,0.9359923005104065,9.64133358001709
1700822985438929000,123.75092895507812,1.5372084379196167,1.0133774280548096,9.632261276245117
1700822985448733000,123.76073291015625,1.539916753768921,1.0947405099868774,9.622920989990234
1700822985459047000,123.771046875,1.525719404220581,1.157599687576294,9.617823600769043
1700822985468725000,123.78072509765624,1.5146101713180542,1.179213285446167,9.616954803466797
1700822985478922000,123.790921875,1.5101783275604248,1.1815478801727295,9.617364883422852
1700822985488988000,123.80098779296875,1.5137702226638794,1.1695771217346191,9.618263244628906
1700822985498909000,123.81090893554688,1.53262197971344,1.1218740940093994,9.620960235595703
1700822985508896000,123.82089599609375,1.5526201725006104,1.0585501194000244,9.624926567077637
1700822985518909000,123.83090893554687,1.5563716888427734,1.0276552438735962,9.627670288085938
1700822985528894000,123.84089404296876,1.5476515293121338,1.020050287246704,9.629884719848633
1700822985538870000,123.8508701171875,1.5350308418273926,1.0120275020599365,9.632750511169434
1700822985548657000,123.86065698242187,1.5230059623718262,1.0081632137298584,9.635065078735352
1700822985558810000,123.87081005859375,1.517500400543213,1.0119024515151978,9.635540962219238
1700822985568801000,123.88080102539062,1.521956205368042,1.0231839418411255,9.633646011352539
1700822985578827000,123.89082690429687,1.5332845449447632,1.0385992527008057,9.630200386047363
1700822985588779000,123.90077905273438,1.5421202182769775,1.0501230955123901,9.62753963470459
1700822985598770000,123.91077001953126,1.5441941022872925,1.0552523136138916,9.626646995544434
1700822985608844000,123.92084399414063,1.5431468486785889,1.057223916053772,9.62659740447998
1700822985618996000,123.93099584960937,1.545119047164917,1.0586068630218506,9.626128196716309
1700822985628773000,123.94077319335938,1.548600196838379,1.060655951499939,9.625343322753906
1700822985638789000,123.9507890625,1.5518702268600464,1.0642863512039185,9.62441635131836
1700822985648768000,123.96076806640625,1.5549226999282837,1.0693155527114868,9.623367309570312
1700822985658809000,123.97080908203125,1.5581574440002441,1.0785574913024902,9.621811866760254
1700822985668717000,123.98071704101562,1.5651649236679077,1.0926231145858765,9.619086265563965
1700822985678881000,123.99088110351562,1.577507734298706,1.1084821224212646,9.615256309509277
1700822985688865000,124.00086499023438,1.5936641693115234,1.1243637800216675,9.610745429992676
1700822985699630000,124.01163012695312,1.6115461587905884,1.1393734216690063,9.605995178222656
1700822985708685000,124.02068505859376,1.6251024007797241,1.1471014022827148,9.602790832519531
1700822985718752000,124.030751953125,1.6351438760757446,1.1489862203598022,9.600862503051758
1700822985728634000,124.04063403320312,1.6441478729248047,1.1459403038024902,9.599687576293945
1700822985738794000,124.0507939453125,1.654593825340271,1.1412655115127563,9.598450660705566
1700822985748710000,124.0607099609375,1.666011095046997,1.137450098991394,9.596925735473633
1700822985758657000,124.07065698242188,1.678188443183899,1.135347604751587,9.595054626464844
1700822985768804000,124.08080419921875,1.690325140953064,1.1353706121444702,9.592921257019043
1700822985778802000,124.09080200195312,1.7015180587768555,1.137519359588623,9.590688705444336
1700822985788850000,124.10084985351563,1.71334707736969,1.1431605815887451,9.587909698486328
1700822985798815000,124.11081494140625,1.725653052330017,1.1509242057800293,9.584773063659668
1700822985808928000,124.12092797851562,1.738701581954956,1.1613775491714478,9.58115291595459
1700822985818797000,124.13079711914062,1.750044584274292,1.1736950874328613,9.577588081359863
1700822985828890000,124.14089013671875,1.7563433647155762,1.1850316524505615,9.575037956237793
1700822985838827000,124.15082690429688,1.757341980934143,1.1950404644012451,9.573612213134766
1700822985848841000,124.16084106445312,1.752949595451355,1.2014745473861694,9.573610305786133
1700822985858840000,124.17084008789062,1.744472622871399,1.2054264545440674,9.574661254882812
1700822985868996000,124.18099609375,1.734667181968689,1.2076964378356934,9.576157569885254
1700822985879082000,124.19108203125,1.7245783805847168,1.209681749343872,9.577728271484375
1700822985888973000,124.20097314453125,1.7155457735061646,1.2116446495056152,9.579103469848633
1700822985898856000,124.21085595703126,1.7100173234939575,1.2131094932556152,9.57990550994873
1700822985908813000,124.22081298828125,1.7064833641052246,1.2134010791778564,9.580499649047852
1700822985918874000,124.2308740234375,1.6998153924942017,1.210374116897583,9.582067489624023
1700822985928881000,124.240880859375,1.685298204421997,1.202582836151123,9.585611343383789
1700822985938756000,124.25075610351563,1.6658438444137573,1.191726803779602,9.590367317199707
1700822985948856000,124.26085595703125,1.6477423906326294,1.1823664903640747,9.59465217590332
1700822985958825000,124.27082495117187,1.6342417001724243,1.1756024360656738,9.597792625427246
1700822985968703000,124.28070288085938,1.6262153387069702,1.1677552461624146,9.600113868713379
1700822985978710000,124.2907099609375,1.6168863773345947,1.15964674949646,9.602670669555664
1700822985988986000,124.30098608398437,1.5988982915878296,1.1505980491638184,9.606771469116211
1700822985998821000,124.31082104492188,1.5691107511520386,1.1393755674362183,9.613018989562988
1700822986008853000,124.32085302734374,1.519856333732605,1.1306734085083008,9.621953964233398
1700822986018827000,124.33082690429687,1.4658842086791992,1.1182433366775513,9.631776809692383
1700822986028822000,124.34082202148437,1.4167864322662354,1.1044152975082397,9.640713691711426
1700822986038814000,124.35081396484375,1.3741735219955444,1.0915093421936035,9.64834976196289
1700822986048830000,124.36082983398437,1.3369266986846924,1.080378532409668,9.654833793640137
1700822986058810000,124.37081005859375,1.2991846799850464,1.0702184438705444,9.661115646362305
1700822986069378000,124.3813779296875,1.411988377571106,0.9551087617874146,9.657353401184082
1700822986078816000,124.39081591796875,1.46028470993042,0.8989771604537964,9.655558586120605
1700822986089615000,124.40161499023438,1.4743547439575195,0.8707181215286255,9.65600872039795
1700822986098642000,124.41064184570313,1.4529536962509155,0.8560513257980347,9.660564422607422
1700822986108714000,124.4207138671875,1.420617699623108,0.8432894349098206,9.666494369506836
1700822986118785000,124.43078491210937,1.3880057334899902,0.8308244943618774,9.672308921813965
1700822986128833000,124.4408330078125,1.3589341640472412,0.8177300691604614,9.67755126953125
1700822986138665000,124.4506650390625,1.3355647325515747,0.8035258650779724,9.681994438171387
1700822986148716000,124.46071606445312,1.3193930387496948,0.7829170823097229,9.68589973449707
1700822986158681000,124.47068115234374,1.3083958625793457,0.7557815313339233,9.689545631408691
1700822986168642000,124.48064208984376,1.2928444147109985,0.7422422766685486,9.692680358886719
1700822986178737000,124.49073681640625,1.281324863433838,0.7286138534545898,9.695242881774902
1700822986188719000,124.50071899414063,1.2743351459503174,0.7144105434417725,9.697219848632812
1700822986198667000,124.5106669921875,1.2721976041793823,0.6993316411972046,9.698601722717285
1700822986208705000,124.520705078125,1.2742024660110474,0.683481752872467,9.699466705322266
1700822986218806000,124.53080590820312,1.2783935070037842,0.6637693047523499,9.700284957885742
1700822986228891000,124.54089086914063,1.2723983526229858,0.6364160180091858,9.702905654907227
1700822986238815000,124.55081494140624,1.2756468057632446,0.5968921184539795,9.70499038696289
1700822986248783000,124.560783203125,1.3300541639328003,0.5249310731887817,9.701844215393066
1700822986258946000,124.57094604492187,1.42074453830719,0.4644269049167633,9.692069053649902
1700822986268881000,124.580880859375,1.4754910469055176,0.4379214644432068,9.685118675231934
1700822986279083000,124.5910830078125,1.500008225440979,0.43209028244018555,9.681614875793457
1700822986288871000,124.60087084960938,1.5151073932647705,0.4329036474227905,9.679226875305176
1700822986298701000,124.610701171875,1.5249050855636597,0.43805503845214844,9.677457809448242
1700822986308864000,124.62086401367188,1.5188074111938477,0.4519830346107483,9.677774429321289
1700822986318860000,124.63086010742188,1.514272928237915,0.4491770267486572,9.67861557006836
1700822986328969000,124.64096899414062,1.5130228996276855,0.43928223848342896,9.679266929626465
1700822986338707000,124.65070703125,1.5159944295883179,0.4295218884944916,9.679239273071289
1700822986348840000,124.66083984375,1.5055580139160156,0.4357210397720337,9.680591583251953
1700822986358979000,124.67097900390625,1.49392569065094,0.44214463233947754,9.682101249694824
1700822986368828000,124.68082788085937,1.4805501699447632,0.44794923067092896,9.683889389038086
1700822986378694000,124.69069384765625,1.4638067483901978,0.4541366994380951,9.686144828796387
1700822986388668000,124.70066796875,1.4452821016311646,0.4610840380191803,9.6885986328125
1700822986398853000,124.71085302734375,1.426510214805603,0.4711456894874573,9.690896987915039
1700822986409751000,124.7217509765625,1.409886360168457,0.48135435581207275,9.692828178405762
1700822986418880000,124.7308798828125,1.399312973022461,0.489218533039093,9.69396686553955
1700822986428742000,124.74074194335938,1.3902145624160767,0.4961608946323395,9.69492244720459
1700822986438806000,124.75080590820312,1.3809300661087036,0.50269615650177,9.695913314819336
1700822986448759000,124.76075903320313,1.3739780187606812,0.5100204944610596,9.696517944335938
1700822986458708000,124.7707080078125,1.3684712648391724,0.5181155204772949,9.696866989135742
1700822986468738000,124.78073803710937,1.3612053394317627,0.5279860496520996,9.697358131408691
1700822986479314000,124.79131396484375,1.3484352827072144,0.5398889780044556,9.698486328125
1700822986488849000,124.80084887695313,1.3351143598556519,0.5515934228897095,9.699670791625977
1700822986498775000,124.81077514648437,1.320116400718689,0.5617805123329163,9.701139450073242
1700822986508954000,124.8209541015625,1.3033678531646729,0.5694959163665771,9.702953338623047
1700822986518766000,124.83076611328126,1.2858712673187256,0.576179027557373,9.7048921585083
1700822986528772000,124.84077221679688,1.2682642936706543,0.5830869078636169,9.70679759979248
1700822986538776000,124.85077612304687,1.2518115043640137,0.5931962132453918,9.708321571350098
1700822986548702000,124.86070190429687,1.2371242046356201,0.6062561869621277,9.709395408630371
1700822986558876000,124.8708759765625,1.2244161367416382,0.6208566427230835,9.710084915161133
1700822986568837000,124.88083715820312,1.2148391008377075,0.6350298523902893,9.710371017456055
1700822986578846000,124.89084594726563,1.2074410915374756,0.6467761397361755,9.710517883300781
1700822986588824000,124.90082397460938,1.2016416788101196,0.6554819941520691,9.710654258728027
1700822986598708000,124.9107080078125,1.1926780939102173,0.6600766181945801,9.711447715759277
1700822986608758000,124.92075805664062,1.1778931617736816,0.6613941192626953,9.71316146850586
1700822986618873000,124.930873046875,1.1578422784805298,0.6604492664337158,9.715635299682617
1700822986628708000,124.9407080078125,1.1366665363311768,0.6586000919342041,9.718262672424316
1700822986638938000,124.95093823242188,1.1185791492462158,0.6560384631156921,9.720535278320312
1700822986648849000,124.96084887695312,1.1062895059585571,0.6530228853225708,9.72214412689209
1700822986658707000,124.97070703125,1.1020476818084717,0.6520490646362305,9.722691535949707
1700822986668774000,124.98077392578125,1.1004527807235718,0.6532660722732544,9.722789764404297
1700822986678634000,124.99063403320312,1.1031217575073242,0.6577338576316833,9.722187042236328
1700822986688729000,125.00072900390624,1.1107207536697388,0.6649532914161682,9.720829963684082
1700822986698766000,125.01076611328125,1.121942400932312,0.6736652851104736,9.718942642211914
1700822986708853000,125.02085302734375,1.1347808837890625,0.680459201335907,9.7169771194458
1700822986718753000,125.0307529296875,1.1460434198379517,0.6872645020484924,9.71517562866211
1700822986728640000,125.04063989257813,1.1532491445541382,0.6939482092857361,9.713847160339355
1700822986738631000,125.050630859375,1.156529188156128,0.700270414352417,9.713005065917969
1700822986748744000,125.06074389648437,1.1551265716552734,0.7054983377456665,9.712793350219727
1700822986758710000,125.0707099609375,1.149376392364502,0.7083166241645813,9.71327018737793
1700822986768787000,125.08078686523437,1.1414049863815308,0.708660900592804,9.714184761047363
1700822986778817000,125.09081713867188,1.1359800100326538,0.7096455097198486,9.71474838256836
1700822986788719000,125.10071899414062,1.1292349100112915,0.7075777649879456,9.715685844421387
1700822986798774000,125.11077392578125,1.121261715888977,0.7076812386512756,9.716602325439453
1700822986808746000,125.12074609375,1.1354273557662964,0.753128707408905,9.711539268493652
1700822986818839000,125.13083911132813,1.1503055095672607,0.8069593906402588,9.705462455749512
1700822986828812000,125.14081201171875,1.1545277833938599,0.8544941544532776,9.700892448425293
1700822986838851000,125.15085107421875,1.1496467590332031,0.8915949463844299,9.69813346862793
1700822986848667000,125.1606669921875,1.1425044536590576,0.9177952408790588,9.696533203125
1700822986858818000,125.17081811523437,1.1373592615127563,0.9367247223854065,9.695327758789062
1700822986868796000,125.1807958984375,1.1271815299987793,0.9494029879570007,9.695281028747559
1700822986878772000,125.19077197265625,1.1135551929473877,0.9613581895828247,9.695677757263184
1700822986888773000,125.20077319335938,1.0867098569869995,0.9673764109611511,9.698126792907715
1700822986898818000,125.21081811523437,1.0616016387939453,0.9636305570602417,9.70128059387207
1700822986908831000,125.2208310546875,1.0560764074325562,0.9523094892501831,9.70300006866455
1700822986918802000,125.23080200195312,1.047767162322998,0.944507896900177,9.70466136932373
1700822986928968000,125.24096801757813,1.0379823446273804,0.9431579113006592,9.705846786499023
1700822986938696000,125.25069604492188,1.0257333517074585,0.9493851661682129,9.70654010772705
1700822986948840000,125.26083984375,1.0130468606948853,0.9617998003959656,9.706649780273438
1700822986958824000,125.27082397460937,1.0038050413131714,0.97646164894104,9.706147193908691
1700822986968706000,125.2807060546875,1.0001120567321777,0.9903417229652405,9.705121040344238
1700822986978713000,125.29071313476562,1.0007871389389038,1.001362919807434,9.7039213180542
1700822986988773000,125.30077319335938,0.90489661693573,1.0869591236114502,9.70412540435791
1700822986998808000,125.31080810546875,0.847960352897644,1.118714690208435,9.705659866333008
1700822987008831000,125.3208310546875,0.7939815521240234,1.1189552545547485,9.710198402404785
1700822987019062000,125.33106201171876,0.7385475039482117,1.1029109954833984,9.716404914855957
1700822987028715000,125.34071508789063,0.7079132795333862,1.0833336114883423,9.720887184143066
1700822987039047000,125.351046875,0.6940972805023193,1.0437947511672974,9.726208686828613
1700822987049010000,125.36101000976562,0.7126701474189758,0.9830664396286011,9.731191635131836
1700822987058810000,125.37081005859375,0.7454121112823486,0.9272934198379517,9.734210968017578
1700822987068747000,125.3807470703125,0.7701441645622253,0.9005082845687866,9.73480224609375
1700822987078675000,125.39067504882813,0.7875038385391235,0.8988777995109558,9.733562469482422
1700822987088785000,125.40078491210937,0.8048445582389832,0.8996192216873169,9.732076644897461
1700822987098800000,125.41080004882812,0.8274991512298584,0.8938961625099182,9.730703353881836
1700822987108762000,125.42076220703125,0.8531468510627747,0.8836243748664856,9.729427337646484
1700822987118701000,125.430701171875,0.881209135055542,0.870113730430603,9.728142738342285
1700822987129842000,125.44184204101562,0.9030547738075256,0.8580556511878967,9.72721004486084
1700822987140153000,125.45215307617187,0.9176055788993835,0.8450345396995544,9.726987838745117
1700822987151019000,125.46301904296875,0.9226073026657104,0.8342927694320679,9.727441787719727
1700822987168762000,125.48076220703125,0.9219599366188049,0.8261249661445618,9.728201866149902
1700822987178664000,125.49066381835938,0.9248772859573364,0.8270111083984375,9.727849960327148
1700822987188951000,125.50095092773438,0.9377268552780151,0.8279264569282532,9.726542472839355
1700822987198642000,125.51064184570312,0.9623077511787415,0.8286150097846985,9.724081039428711
1700822987208800000,125.52080004882812,0.991724967956543,0.8270768523216248,9.721256256103516
1700822987218820000,125.53082006835938,1.0191919803619385,0.8225871324539185,9.718795776367188
1700822987228803000,125.54080297851563,1.044663667678833,0.8159566521644592,9.71665096282959
1700822987238748000,125.55074780273438,1.0666300058364868,0.8117433786392212,9.714615821838379
1700822987248807000,125.56080688476563,1.085875153541565,0.8120508193969727,9.712459564208984
1700822987258786000,125.5707861328125,1.1007277965545654,0.8159350156784058,9.710461616516113
1700822987268759000,125.58075903320312,1.1115761995315552,0.8221741914749146,9.708698272705078
1700822987278722000,125.59072216796875,1.138512134552002,0.8104854822158813,9.706560134887695
1700822987288857000,125.60085717773437,1.188462495803833,0.7918126583099365,9.702112197875977
1700822987298736000,125.61073608398438,1.216488003730774,0.7899038791656494,9.698795318603516
1700822987308819000,125.62081884765625,1.2364000082015991,0.7947966456413269,9.69587516784668
1700822987318820000,125.63082006835937,1.2442522048950195,0.7973910570144653,9.694658279418945
1700822987328819000,125.64081884765625,1.2384364604949951,0.8137068152427673,9.694046974182129
1700822987338722000,125.65072216796875,1.2308590412139893,0.8320546746253967,9.693453788757324
1700822987348950000,125.66094995117187,1.2352248430252075,0.856809139251709,9.690741539001465
1700822987358712000,125.67071215820313,1.2456228733062744,0.8448366522789001,9.690462112426758
1700822987368831000,125.6808310546875,1.259214162826538,0.8338733911514282,9.689657211303711
1700822987378846000,125.69084594726563,1.2707438468933105,0.8268345594406128,9.688754081726074
1700822987388877000,125.700876953125,1.2752455472946167,0.824330747127533,9.688375473022461
1700822987398842000,125.71084204101562,1.2701424360275269,0.8266457915306091,9.688850402832031
1700822987408858000,125.72085815429688,1.2561708688735962,0.8318608999252319,9.690223693847656
1700822987418989000,125.73098901367187,1.232613444328308,0.8374883532524109,9.692764282226562
1700822987428895000,125.74089501953125,1.2042852640151978,0.83952397108078,9.696146965026855
1700822987438922000,125.750921875,1.1891353130340576,0.8381406664848328,9.698137283325195
1700822987449220000,125.76122021484375,1.1789551973342896,0.8303124904632568,9.700052261352539
1700822987458776000,125.77077612304687,1.1742358207702637,0.8161401748657227,9.701828002929688
1700822987469214000,125.7812138671875,1.1409274339675903,0.7795774340629578,9.708806991577148
1700822987478876000,125.7908759765625,1.1250877380371094,0.7560469508171082,9.712514877319336
1700822987489196000,125.80119604492188,1.1073691844940186,0.7388336062431335,9.715876579284668
1700822987498879000,125.81087890625,1.0827888250350952,0.7261804938316345,9.719599723815918
1700822987509051000,125.82105078125,1.052493929862976,0.7143591046333313,9.723803520202637
1700822987518747000,125.83074682617188,1.026363730430603,0.7061702609062195,9.727192878723145
1700822987529000000,125.841,1.004920244216919,0.7000114321708679,9.729877471923828
1700822987538748000,125.85074780273438,0.9882263541221619,0.6891422867774963,9.732364654541016
1700822987549281000,125.86128100585937,0.9787302017211914,0.6735507249832153,9.734414100646973
1700822987558800000,125.8707998046875,0.9568073749542236,0.6571028828620911,9.737717628479004
1700822987568726000,125.88072607421876,0.9334896802902222,0.6445645689964294,9.740817070007324
1700822987578753000,125.8907529296875,0.909416139125824,0.644026517868042,9.743130683898926
1700822987588827000,125.90082690429688,0.8774304986000061,0.6536991596221924,9.745420455932617
1700822987598901000,125.91090087890625,0.8419564366340637,0.6687167286872864,9.747529983520508
1700822987608938000,125.92093798828125,0.8090271353721619,0.684333086013794,9.749235153198242
1700822987618671000,125.93067114257812,0.7790338397026062,0.695171594619751,9.750909805297852
1700822987628784000,125.9407841796875,0.748987078666687,0.700928270816803,9.752852439880371
1700822987638755000,125.95075512695313,0.7269359827041626,0.6876686811447144,9.755462646484375
1700822987648737000,125.96073706054688,0.7229071855545044,0.6700529456138611,9.756989479064941
1700822987658640000,125.97063989257812,0.7303621768951416,0.651297390460968,9.75770378112793
1700822987668724000,125.98072387695312,0.7519359588623047,0.6352157592773438,9.757124900817871
1700822987678785000,125.99078491210938,0.7758107781410217,0.6233519911766052,9.756022453308105
1700822987688809000,126.00080908203125,0.7869856953620911,0.6126736402511597,9.7558012008667
1700822987699044000,126.01104418945313,0.775711715221405,0.5994421243667603,9.757527351379395
1700822987708899000,126.02089916992188,0.7486448287963867,0.5845572352409363,9.760543823242188
1700822987718632000,126.0306318359375,0.7215209603309631,0.5665987133979797,9.763646125793457
1700822987728741000,126.0407412109375,0.7106491327285767,0.5483706593513489,9.765484809875488
1700822987738837000,126.0508369140625,0.7175260782241821,0.5328361392021179,9.765839576721191
1700822987748755000,126.0607548828125,0.7339081764221191,0.5204752683639526,9.765290260314941
1700822987758812000,126.07081201171874,0.7531351447105408,0.5100160837173462,9.76437759399414
1700822987768795000,126.080794921875,0.7760910391807556,0.49768006801605225,9.763216018676758
1700822987778812000,126.09081201171875,0.7979176640510559,0.48039400577545166,9.762322425842285
1700822987789061000,126.10106103515625,0.804966151714325,0.4579927921295166,9.76282024383545
1700822987798812000,126.11081201171875,0.7953689098358154,0.43256813287734985,9.76476764678955
1700822987808839000,126.1208388671875,0.7798019051551819,0.4071037173271179,9.76711654663086
1700822987818735000,126.13073510742187,0.7663412094116211,0.385274738073349,9.769068717956543
1700822987828899000,126.14089916992188,0.757244348526001,0.37178048491477966,9.770298957824707
1700822987840190000,126.15218994140625,0.752727746963501,0.36664721369743347,9.770841598510742
1700822987848774000,126.16077392578126,0.7497218251228333,0.3661220073699951,9.771092414855957
1700822987858763000,126.17076293945313,0.7405895590782166,0.3641480803489685,9.771862983703613
1700822987868753000,126.1807529296875,0.8079615235328674,0.32315731048583984,9.767966270446777
1700822987878924000,126.19092407226563,0.8541440367698669,0.3021516501903534,9.764708518981934
1700822987888744000,126.20074389648437,0.9033984541893005,0.284822016954422,9.760795593261719
1700822987898888000,126.21088793945313,0.9822314977645874,0.26039019227027893,9.753862380981445
1700822987908821000,126.22082104492188,1.0743600130081177,0.22519056499004364,9.74502182006836
1700822987918835000,126.2308349609375,1.1802247762680054,0.1844002902507782,9.733627319335938
1700822987928814000,126.24081396484375,1.304025411605835,0.14946313202381134,9.718414306640625
1700822987938930000,126.25092993164063,1.4203803539276123,0.13176818192005157,9.702347755432129
1700822987948900000,126.26090014648437,1.4848434925079346,0.1367369145154953,9.692623138427734
1700822987958928000,126.27092797851563,1.5323741436004639,0.1600438505411148,9.684864044189453
1700822987968850000,126.28084985351562,1.5242958068847656,0.1599108725786209,9.686141967773438
1700822987979261000,126.29126098632813,1.5220634937286377,0.15721885859966278,9.68653678894043
1700822987989009000,126.3010087890625,1.5190777778625488,0.15130582451820374,9.68709945678711
1700822987998846000,126.31084594726562,1.5115700960159302,0.1442427635192871,9.68838119506836
1700822988008849000,126.32084887695312,1.501265048980713,0.13713642954826355,9.690086364746094
1700822988018818000,126.33081811523438,1.4928505420684814,0.13121142983436584,9.691469192504883
1700822988028848000,126.34084814453125,1.4893734455108643,0.12785598635673523,9.692049026489258
1700822988038869000,126.35086889648437,1.4916852712631226,0.12698416411876678,9.691704750061035
1700822988048875000,126.360875,1.4961358308792114,0.12661738693714142,9.691021919250488
1700822988058815000,126.37081494140625,1.4952129125595093,0.12464666366577148,9.691190719604492
1700822988068793000,126.38079296875,1.4868308305740356,0.1206488236784935,9.69253158569336
1700822988078899000,126.39089892578124,1.4768685102462769,0.11276157945394516,9.6941499710083
1700822988088833000,126.4008330078125,1.4742016792297363,0.10082739591598511,9.694687843322754
1700822988098745000,126.4107451171875,1.479675054550171,0.08614946901798248,9.693995475769043
1700822988108810000,126.42081005859374,1.4905977249145508,0.07453794032335281,9.692418098449707
1700822988118741000,126.43074096679688,1.5043836832046509,0.06666355580091476,9.69034481048584
1700822988128744000,126.44074389648438,1.5143065452575684,0.05778554454445839,9.688857078552246
1700822988138777000,126.45077709960937,1.5173695087432861,0.04357055574655533,9.688450813293457
1700822988148793000,126.46079296875,1.5164005756378174,0.01925795152783394,9.688681602478027
1700822988158836000,126.4708359375,1.5110951662063599,-0.01228080503642559,9.689522743225098
1700822988168734000,126.48073388671875,1.4959771633148193,-0.04830167442560196,9.691754341125488
1700822988179002000,126.49100219726563,1.4713726043701172,-0.0800786241889,9.695310592651367
1700822988188956000,126.50095581054687,1.4402458667755127,-0.10226269066333771,9.699774742126465
1700822988200012000,126.51201196289063,1.3979334831237793,-0.11794102936983109,9.70578384399414
1700822988208822000,126.52082202148438,1.352984070777893,-0.12844721972942352,9.712019920349121
1700822988218657000,126.53065698242187,1.308754801750183,-0.1376180797815323,9.7179536819458
1700822988228794000,126.54079418945312,1.2633154392242432,-0.1469917744398117,9.72382926940918
1700822988238806000,126.55080590820313,1.2132468223571777,-0.1586781144142151,9.730016708374023
1700822988248723000,126.56072290039063,1.1580228805541992,-0.1736404150724411,9.736490249633789
1700822988258745000,126.5707451171875,1.0992802381515503,-0.1883186399936676,9.743023872375488
1700822988268718000,126.58071801757812,1.0290333032608032,-0.20143267512321472,9.750432014465332
1700822988278818000,126.59081811523437,0.950775146484375,-0.219523623585701,9.757984161376953
1700822988288761000,126.60076098632813,0.8658429384231567,-0.2434343695640564,9.76531982421875
1700822988298711000,126.6107109375,0.7658817768096924,-0.26979103684425354,9.772974967956543
1700822988308771000,126.62077099609375,0.6686456799507141,-0.29070788621902466,9.779508590698242
1700822988318841000,126.63084106445312,0.5674862861633301,-0.31214258074760437,9.785240173339844
1700822988328791000,126.640791015625,0.47068217396736145,-0.3370566666126251,9.78954792022705
1700822988338868000,126.65086791992188,0.37116730213165283,-0.3622191548347473,9.792926788330078
1700822988348766000,126.66076586914062,0.2647007405757904,-0.3869076073169708,9.795440673828125
1700822988358789000,126.6707890625,0.17064766585826874,-0.40791329741477966,9.796677589416504
1700822988369042000,126.6810419921875,0.07329671084880829,-0.4271186292171478,9.797072410583496
1700822988378784000,126.69078393554688,-0.019324585795402527,-0.44405487179756165,9.7965726852417
1700822988388780000,126.70078002929688,-0.12356851249933243,-0.4633113443851471,9.794921875
1700822988398791000,126.710791015625,-0.2391892820596695,-0.48550212383270264,9.791704177856445
1700822988408781000,126.72078100585938,-0.35746321082115173,-0.5076906085014343,9.78697395324707
1700822988418898000,126.73089794921874,-0.47750353813171387,-0.5250651836395264,9.780933380126953
1700822988429113000,126.74111303710937,-0.603151798248291,-0.5353562831878662,9.773433685302734
1700822988438872000,126.7508720703125,-0.7363812923431396,-0.5425190329551697,9.763903617858887
1700822988448814000,126.76081396484375,-0.8621949553489685,-0.5450929999351501,9.753454208374023
1700822988458731000,126.77073095703125,-0.9812696576118469,-0.5456491708755493,9.742165565490723
1700822988469189000,126.78118920898437,-1.1152812242507935,-0.5468447804450989,9.727666854858398
1700822988479037000,126.79103686523437,-1.2787041664123535,-0.5545984506607056,9.707097053527832
1700822988489104000,126.80110375976562,-1.4293032884597778,-0.5609928369522095,9.685700416564941
1700822988498969000,126.81096899414062,-1.5832067728042603,-0.5669602155685425,9.661388397216797
1700822988508818000,126.82081787109375,-1.7382214069366455,-0.569464921951294,9.63455867767334
1700822988518781000,126.83078100585938,-1.8935312032699585,-0.5675047039985657,9.605356216430664
1700822988528940000,126.84093994140625,-2.0542659759521484,-0.565369725227356,9.572394371032715
1700822988538912000,126.850912109375,-2.2057905197143555,-0.5574526786804199,9.539082527160645
1700822988548674000,126.86067407226562,-2.3490467071533203,-0.5480862855911255,9.505365371704102
1700822988558669000,126.8706689453125,-2.4889767169952393,-0.540862500667572,9.470104217529297
1700822988568800000,126.88080004882812,-2.624723196029663,-0.5411053895950317,9.433369636535645
1700822988578786000,126.8907861328125,-2.7245664596557617,-0.5528337955474854,9.40433406829834
1700822988589055000,126.90105493164063,-2.8098108768463135,-0.5587517619132996,9.378866195678711
1700822988598886000,126.91088598632813,-2.8893327713012695,-0.5580945014953613,9.354714393615723
1700822988608932000,126.92093212890624,-2.9383699893951416,-0.5512140989303589,9.339834213256836
1700822988618776000,126.93077612304687,-2.982799530029297,-0.5398363471031189,9.326408386230469
1700822988628878000,126.94087817382812,-3.0223095417022705,-0.5323421955108643,9.31411075592041
1700822988638989000,126.95098901367187,-3.0489165782928467,-0.5357722043991089,9.3052396774292
1700822988649210000,126.96121020507813,-3.066744327545166,-0.5447840690612793,9.298855781555176
1700822988658817000,126.97081713867188,-3.0766685009002686,-0.5537418723106384,9.295044898986816
1700822988668805000,126.98080517578126,-3.082718849182129,-0.5603402256965637,9.292646408081055
1700822988678629000,126.99062915039063,-3.090197801589966,-0.5653124451637268,9.289860725402832
1700822988688804000,127.00080419921875,-3.105090856552124,-0.5714218616485596,9.284518241882324
1700822988698678000,127.01067797851563,-3.132854461669922,-0.5781357288360596,9.274770736694336
1700822988708884000,127.02088403320313,-3.1696903705596924,-0.5885337591171265,9.261594772338867
1700822988718790000,127.03078979492187,-3.2074389457702637,-0.6029667854309082,9.247658729553223
1700822988728805000,127.04080517578124,-3.2454164028167725,-0.6170747876167297,9.233464241027832
1700822988738824000,127.05082397460937,-3.28816294670105,-0.6317424774169922,9.217337608337402
1700822988748838000,127.060837890625,-3.3326492309570312,-0.6441378593444824,9.200484275817871
1700822988758969000,127.07096899414063,-3.378377676010132,-0.6533548831939697,9.18314266204834
1700822988768781000,127.08078100585938,-3.4146108627319336,-0.6608192324638367,9.169196128845215
1700822988778832000,127.09083178710938,-3.439836025238037,-0.6666898727416992,9.159337043762207
1700822988789620000,127.10161987304687,-3.456483840942383,-0.6725760102272034,9.15263843536377
1700822988798821000,127.11082104492188,-3.471248149871826,-0.6815162897109985,9.146387100219727
1700822988808844000,127.12084399414063,-3.4914205074310303,-0.6919640302658081,9.137918472290039
1700822988818793000,127.13079296875,-3.514110565185547,-0.7014274597167969,9.128495216369629
1700822988828832000,127.14083203125,-3.5368127822875977,-0.7102826833724976,9.119037628173828
1700822988838743000,127.15074291992188,-3.5593361854553223,-0.7169246077537537,9.109747886657715
1700822988848742000,127.16074194335937,-3.57651424407959,-0.7147802710533142,9.103190422058105
1700822988858858000,127.17085791015624,-3.566999912261963,-0.7015767693519592,9.107948303222656
1700822988868742000,127.18074194335938,-3.525960683822632,-0.6808788776397705,9.125480651855469
1700822988878858000,127.19085791015625,-3.4734816551208496,-0.6622010469436646,9.146957397460938
1700822988889189000,127.20118920898437,-3.403430223464966,-0.6430579423904419,9.174613952636719
1700822988898692000,127.21069213867187,-3.320305824279785,-0.6240490078926086,9.20633316040039
1700822988908791000,127.220791015625,-3.22127628326416,-0.5995511412620544,9.243067741394043
1700822988918656000,127.23065600585937,-3.1074674129486084,-0.5710305571556091,9.2837495803833
1700822988929123000,127.241123046875,-2.9752509593963623,-0.5413380265235901,9.328729629516602
1700822988938663000,127.25066284179688,-2.8245208263397217,-0.5056485533714294,9.377461433410645
1700822988948811000,127.26081103515625,-2.691538095474243,-0.4705375134944916,9.418314933776855
1700822988958794000,127.2707939453125,-2.5330801010131836,-0.4256684184074402,9.464286804199219
1700822988968807000,127.28080688476562,-2.363455295562744,-0.37773850560188293,9.510087966918945
1700822988978784000,127.29078393554687,-2.165358543395996,-0.32146891951560974,9.559200286865234
1700822988988806000,127.30080590820313,-1.9677006006240845,-0.26523149013519287,9.603551864624023
1700822988998696000,127.31069604492187,-1.7481892108917236,-0.211427703499794,9.647255897521973
1700822989008803000,127.32080297851563,-1.5290069580078125,-0.1622059941291809,9.6853609085083
1700822989018676000,127.33067602539063,-1.3064870834350586,-0.11051087826490402,9.718605995178223
1700822989028709000,127.34070922851562,-1.0991765260696411,-0.06367138773202896,9.744648933410645
1700822989038819000,127.35081909179688,-0.8957003355026245,-0.024003684520721436,9.765631675720215
1700822989048862000,127.36086206054688,-0.6960580348968506,0.007833762094378471,9.781913757324219
1700822989058822000,127.37082177734375,-0.4819982051849365,0.03691460192203522,9.79472827911377
1700822989069293000,127.38129296875,-0.26933833956718445,0.061849430203437805,9.802756309509277
1700822989079079000,127.39107885742187,-0.053988195955753326,0.08690262585878372,9.80611801147461
1700822989088984000,127.40098413085937,0.15189853310585022,0.11504209041595459,9.804798126220703
1700822989098867000,127.41086694335938,0.3509741425514221,0.14826135337352753,9.799247741699219
1700822989108799000,127.42079907226562,0.5368567705154419,0.18455810844898224,9.790204048156738
1700822989118768000,127.43076806640624,0.6947904825210571,0.22073212265968323,9.779516220092773
1700822989128635000,127.440634765625,0.8094403743743896,0.25454673171043396,9.769872665405273
1700822989138660000,127.45066015625,0.8863608241081238,0.2811746299266815,9.76246452331543
1700822989148762000,127.46076220703125,0.9406845569610596,0.2943611443042755,9.756990432739258
1700822989158880000,127.4708798828125,0.9818792939186096,0.2941489517688751,9.752938270568848
1700822989168830000,127.48082983398437,1.0141843557357788,0.2866118252277374,9.74985408782959
1700822989178771000,127.49077099609374,1.0331953763961792,0.2730535566806793,9.748247146606445
1700822989188729000,127.50072900390624,1.031153678894043,0.25476619601249695,9.748961448669434
1700822989198749000,127.5107490234375,0.9806818962097168,0.23589521646499634,9.754640579223633
1700822989208767000,127.52076708984374,0.9023536443710327,0.21443068981170654,9.762694358825684
1700822989219100000,127.53109985351563,0.7993415594100952,0.19288374483585358,9.772114753723145
1700822989228823000,127.54082299804688,0.6800968050956726,0.1719011664390564,9.781529426574707
1700822989238841000,127.55084106445312,0.5549100041389465,0.14962825179100037,9.789793968200684
1700822989250402000,127.56240209960937,0.42453357577323914,0.1254495084285736,9.796653747558594
1700822989258856000,127.57085595703126,0.29797640442848206,0.10324731469154358,9.801578521728516
1700822989268950000,127.58094995117187,0.17676176130771637,0.08387859910726547,9.80469799041748
1700822989278668000,127.59066796875,0.056387659162282944,0.06101005896925926,9.806297302246094
1700822989288780000,127.60078002929687,-0.0688888281583786,0.03034399263560772,9.806361198425293
1700822989298677000,127.61067700195312,-0.2110758274793625,-0.006069090683013201,9.804376602172852
1700822989308691000,127.62069091796874,-0.3437327742576599,-0.03645282983779907,9.800557136535645
1700822989318832000,127.63083203125,-0.479618638753891,-0.06303396821022034,9.794713020324707
1700822989328785000,127.64078491210938,-0.6050933003425598,-0.08376111090183258,9.787607192993164
1700822989338676000,127.65067602539062,-0.7254288196563721,-0.09991993010044098,9.779271125793457
1700822989348883000,127.66088305664063,-0.8402604460716248,-0.11403875797986984,9.769920349121094
1700822989358911000,127.67091088867187,-0.9497563242912292,-0.12822189927101135,9.759708404541016
1700822989368771000,127.68077099609376,-1.063867211341858,-0.1482972949743271,9.74764633178711
1700822989378883000,127.69088305664063,-1.18677818775177,-0.1776549071073532,9.732954025268555
1700822989388804000,127.70080419921875,-1.3093916177749634,-0.20829203724861145,9.716609954833984
1700822989398793000,127.71079296875,-1.416060447692871,-0.23162119090557098,9.701109886169434
1700822989408863000,127.72086303710938,-1.4968314170837402,-0.24292787909507751,9.688698768615723
1700822989418695000,127.73069482421874,-1.5579694509506226,-0.24517039954662323,9.678997993469238
1700822989428873000,127.740873046875,-1.591416358947754,-0.24351590871810913,9.673599243164062
1700822989438730000,127.75072998046875,-1.6014403104782104,-0.24214988946914673,9.671977996826172
1700822989448790000,127.7607900390625,-1.606341004371643,-0.2515513300895691,9.670926094055176
1700822989458666000,127.770666015625,-1.6268326044082642,-0.2763686776161194,9.66682243347168
1700822989468744000,127.78074389648438,-1.6702905893325806,-0.3060062825679779,9.658513069152832
1700822989478826000,127.79082592773437,-1.7168939113616943,-0.3242340087890625,9.649742126464844
1700822989488822000,127.80082202148438,-1.7351573705673218,-0.317440390586853,9.64670181274414
1700822989498907000,127.81090698242187,-1.7180817127227783,-0.27756431698799133,9.65098762512207
1700822989508871000,127.82087084960938,-1.660860538482666,-0.22323855757713318,9.662406921386719
1700822989518818000,127.83081811523438,-1.6008493900299072,-0.18614889681339264,9.673315048217773
1700822989528808000,127.84080786132813,-1.538199782371521,-0.16563831269741058,9.683849334716797
1700822989538690000,127.85068994140624,-1.4905039072036743,-0.15850509703159332,9.691423416137695
1700822989548801000,127.86080102539063,-1.4526158571243286,-0.1529649943113327,9.697263717651367
1700822989558926000,127.87092602539063,-1.427006721496582,-0.14481091499328613,9.701189994812012
1700822989568699000,127.88069897460937,-1.393858551979065,-0.12850041687488556,9.70623779296875
1700822989578831000,127.8908310546875,-1.3298141956329346,-0.1075882688164711,9.715474128723145
1700822989588822000,127.90082202148437,-1.241297721862793,-0.08850450813770294,9.72736930847168
1700822989598828000,127.910828125,-1.1398100852966309,-0.07402005046606064,9.739906311035156
1700822989608863000,127.92086303710937,-1.0474486351013184,-0.06482289731502533,9.750336647033691
1700822989618706000,127.93070581054687,-0.9763280749320984,-0.0566004253923893,9.757765769958496
1700822989628817000,127.94081689453125,-0.9245049953460693,-0.04680003970861435,9.762863159179688
1700822989638704000,127.9507041015625,-0.8772896528244019,-0.03444002941250801,9.767269134521484
1700822989649013000,127.96101293945313,-0.8276029229164124,-0.019639350473880768,9.771646499633789
1700822989658888000,127.97088793945312,-0.7657812833786011,-0.002039104700088501,9.776704788208008
1700822989668858000,127.98085815429687,-0.6857061386108398,0.016283610835671425,9.782634735107422
1700822989678662000,127.99066186523437,-0.5943623185157776,0.034276071935892105,9.788561820983887
1700822989688748000,128.000748046875,-0.5045440793037415,0.05033493414521217,9.793535232543945
1700822989698748000,128.0107478027344,-0.4221712350845337,0.06488602608442307,9.797344207763672
1700822989708689000,128.02068896484374,-0.34669747948646545,0.07893792539834976,9.800203323364258
1700822989718922000,128.030921875,-0.2725333273410797,0.09288111329078674,9.802424430847168
1700822989728877000,128.040876953125,-0.19163258373737335,0.10985533893108368,9.80416202545166
1700822989738678000,128.05067797851564,-0.11645722389221191,0.12741553783416748,9.805130004882812
1700822989748797000,128.060796875,-0.031567104160785675,0.14552024006843567,9.805521011352539
1700822989758685000,128.07068481445313,0.057139936834573746,0.16210399568080902,9.805144309997559
1700822989768764000,128.08076391601563,0.1501327008008957,0.18015608191490173,9.80384635925293
1700822989778692000,128.09069213867187,0.24865765869617462,0.199625626206398,9.801464080810547
1700822989789023000,128.10102294921876,0.3510352075099945,0.2200835943222046,9.797894477844238
1700822989798987000,128.11098706054688,0.4543780982494354,0.24320991337299347,9.793098449707031
1700822989808780000,128.12078002929687,0.5533210039138794,0.2689052224159241,9.787334442138672
1700822989818898000,128.13089794921876,0.6604316830635071,0.30098727345466614,9.779756546020508
1700822989828849000,128.14084887695313,0.779914140701294,0.33492082357406616,9.769848823547363
1700822989838842000,128.15084204101564,0.8996426463127136,0.36896923184394836,9.758325576782227
1700822989849635000,128.16163500976563,1.0127110481262207,0.402247816324234,9.745922088623047
1700822989858725000,128.17072509765626,1.1246256828308105,0.43698593974113464,9.732144355773926
1700822989868890000,128.18089013671874,1.2313178777694702,0.4737865626811981,9.717497825622559
1700822989878927000,128.19092700195313,1.3288295269012451,0.5123065710067749,9.702688217163086
1700822989888799000,128.20079907226562,1.419169545173645,0.5486667156219482,9.687894821166992
1700822989898685000,128.21068481445312,1.5108485221862793,0.582622230052948,9.672037124633789
1700822989908770000,128.22077001953124,1.5882214307785034,0.6063622832298279,9.658171653747559
1700822989918949000,128.23094921875,1.663174033164978,0.6216410994529724,9.644575119018555
1700822989928885000,128.24088500976563,1.7491964101791382,0.6301066875457764,9.628792762756348
1700822989938672000,128.25067211914063,1.831932783126831,0.6335375905036926,9.613170623779297
1700822989948795000,128.260794921875,1.905219554901123,0.6386959552764893,9.59857177734375
1700822989958798000,128.27079809570313,1.9638755321502686,0.6456091403961182,9.58627986907959
1700822989968815000,128.28081518554689,2.0168042182922363,0.6519593596458435,9.57485294342041
1700822989978838000,128.29083813476564,2.086348533630371,0.6616939902305603,9.559273719787598
1700822989988837000,128.30083715820314,2.171609878540039,0.6761439442634583,9.539252281188965
1700822989998839000,128.31083911132814,2.262817859649658,0.6955857276916504,9.51662826538086
1700822990008831000,128.3208310546875,2.344599723815918,0.7186205983161926,9.495094299316406
1700822990018894000,128.33089404296874,2.412946939468384,0.743738055229187,9.476019859313965
1700822990028839000,128.3408388671875,2.4745216369628906,0.7707239985466003,9.457965850830078
1700822990038821000,128.35082104492187,2.5177106857299805,0.7899588346481323,9.44497299194336
1700822990048721000,128.36072094726563,2.548542022705078,0.8007184267044067,9.435791969299316
1700822990058842000,128.37084204101564,2.579906463623047,0.8099156022071838,9.426478385925293
1700822990069020000,128.38102001953126,2.6082890033721924,0.8111392855644226,9.418560028076172
1700822990078848000,128.3908479003906,2.6499130725860596,0.8148390054702759,9.406614303588867
1700822990088982000,128.40098193359376,2.702303409576416,0.8211223483085632,9.391151428222656
1700822990098695000,128.41069482421875,2.7572479248046875,0.8279305696487427,9.374567031860352
1700822990108799000,128.42079907226562,2.8172295093536377,0.8395160436630249,9.355685234069824
1700822990118885000,128.43088500976563,2.868971824645996,0.8540250658988953,9.338631629943848
1700822990128685000,128.44068505859374,2.915794610977173,0.8753443360328674,9.322139739990234
1700822990138703000,128.450703125,2.969134569168091,0.8982134461402893,9.303110122680664
1700822990148688000,128.46068798828125,3.025986909866333,0.9180310964584351,9.28283405303955
1700822990158840000,128.47084008789062,3.0930838584899902,0.937932014465332,9.258699417114258
1700822990168865000,128.48086499023438,3.1604459285736084,0.9576172828674316,9.233901977539062
1700822990178839000,128.4908391113281,3.2265679836273193,0.9772381782531738,9.208943367004395
1700822990188825000,128.5008251953125,3.2934622764587402,0.997031569480896,9.18310546875
1700822990198829000,128.5108291015625,3.3618061542510986,1.0182546377182007,9.155970573425293
1700822990208674000,128.52067407226562,3.426027774810791,1.040614366531372,9.12961483001709
1700822990218748000,128.53074780273437,3.483703136444092,1.0636948347091675,9.105094909667969
1700822990228830000,128.54082983398436,3.5337975025177,1.0874141454696655,9.082962036132812
1700822990238838000,128.55083813476563,3.578244924545288,1.1125425100326538,9.062494277954102
1700822990248842000,128.56084204101563,3.6207175254821777,1.1394257545471191,9.04226303100586
1700822990258696000,128.57069604492187,3.661306142807007,1.1659703254699707,9.022514343261719
1700822990269014000,128.58101391601562,3.7014176845550537,1.1917731761932373,9.002753257751465
1700822990278840000,128.59084008789063,3.743408679962158,1.216096043586731,8.982115745544434
1700822990288826000,128.600826171875,3.783184766769409,1.2368731498718262,8.962592124938965
1700822990299072000,128.61107202148438,3.8224358558654785,1.2562065124511719,8.943228721618652
1700822990308954000,128.6209541015625,3.8557937145233154,1.2728148698806763,8.926545143127441
1700822990319311000,128.63131103515624,3.884547233581543,1.2876777648925781,8.911933898925781
1700822990329466000,128.6414660644531,3.9173429012298584,1.3032464981079102,8.895299911499023
1700822990339817000,128.65181689453124,3.942620277404785,1.313961148262024,8.882547378540039
1700822990353510000,128.66551000976563,3.9675967693328857,1.3244868516921997,8.869853019714355
1700822990368662000,128.680662109375,3.8079121112823486,1.4174895286560059,8.925296783447266
1700822990378635000,128.69063500976563,3.6390979290008545,1.4725182056427002,8.986604690551758
1700822990388675000,128.70067504882812,3.422335147857666,1.4836176633834839,9.069559097290039
1700822990398810000,128.71081005859375,3.403635263442993,1.4899516105651855,9.075554847717285
1700822990408816000,128.72081616210937,3.3958606719970703,1.4999357461929321,9.076822280883789
1700822990418639000,128.73063916015624,3.3767013549804688,1.5088833570480347,9.08248519897461
1700822990428708000,128.7407080078125,3.348569393157959,1.5170379877090454,9.09153938293457
1700822990438641000,128.75064086914062,3.3148980140686035,1.5235501527786255,9.102783203125
1700822990448610000,128.76061010742188,3.2717981338500977,1.5289946794509888,9.117449760437012
1700822990458888000,128.77088793945313,3.231801748275757,1.5317115783691406,9.13124942779541
1700822990468997000,128.7809970703125,3.1925907135009766,1.5315215587615967,9.145065307617188
1700822990478650000,128.79065014648438,3.1524088382720947,1.5276765823364258,9.159634590148926
1700822990488734000,128.80073388671875,3.1114871501922607,1.520219326019287,9.17485523223877
1700822990498781000,128.81078100585938,3.070286512374878,1.5112059116363525,9.19021224975586
1700822990508874000,128.8208740234375,2.863698720932007,1.4334183931350708,9.269031524658203
1700822990518741000,128.83074096679687,2.7407901287078857,1.3930069208145142,9.312250137329102
1700822990529023000,128.84102294921874,2.6652166843414307,1.3740251064300537,9.336973190307617
1700822990538870000,128.8508701171875,2.6140310764312744,1.3648419380187988,9.352777481079102
1700822990548727000,128.86072705078124,2.5524709224700928,1.3535270690917969,9.371405601501465
1700822990558775000,128.87077514648436,2.4979348182678223,1.342961311340332,9.38760757446289
1700822990568988000,128.88098779296874,2.4468796253204346,1.331174373626709,9.402721405029297
1700822990578862000,128.89086206054688,2.3991122245788574,1.3169138431549072,9.41702651977539
1700822990588772000,128.90077221679687,2.3502843379974365,1.2994471788406372,9.431754112243652
1700822990598631000,128.910630859375,2.2955079078674316,1.2793524265289307,9.447978019714355
1700822990608761000,128.92076098632813,2.2396419048309326,1.25847327709198,9.464177131652832
1700822990618869000,128.93086889648438,2.1839187145233154,1.2374801635742188,9.479954719543457
1700822990628767000,128.94076708984375,2.1285452842712402,1.2174874544143677,9.495125770568848
1700822990638803000,128.9508029785156,2.0731403827667236,1.199560284614563,9.509654998779297
1700822990648823000,128.96082299804686,2.0166430473327637,1.1843901872634888,9.523695945739746
1700822990659003000,128.9710029296875,1.96006178855896,1.1721563339233398,9.537013053894043
1700822990668709000,128.98070922851562,1.9035522937774658,1.1623775959014893,9.549647331237793
1700822990678806000,128.99080590820313,1.844241976737976,1.1531351804733276,9.562397956848145
1700822990688783000,129.000783203125,1.7852064371109009,1.1435203552246094,9.574748039245605
1700822990698624000,129.0106240234375,1.7246581315994263,1.1319924592971802,9.587207794189453
1700822990708743000,129.02074291992187,1.667959213256836,1.1196510791778564,9.59868049621582
1700822990718796000,129.0307961425781,1.6179221868515015,1.1082117557525635,9.608570098876953
1700822990728673000,129.0406730957031,1.578618049621582,1.0999643802642822,9.61605167388916
1700822990738792000,129.0507919921875,1.5495593547821045,1.0940560102462769,9.621450424194336
1700822990748738000,129.0607380371094,1.5448352098464966,1.0909498929977417,9.622563362121582
1700822990758673000,129.0706728515625,1.5451929569244385,1.0879238843917847,9.622846603393555
1700822990768781000,129.08078100585936,1.5439521074295044,1.084261178970337,9.623459815979004
1700822990778811000,129.09081079101563,1.539955973625183,1.0791940689086914,9.624670028686523
1700822990788828000,129.10082788085938,1.5327234268188477,1.0727356672286987,9.626546859741211
1700822990798867000,129.11086694335938,1.5230451822280884,1.0657076835632324,9.628862380981445
1700822990808821000,129.12082104492188,1.5136439800262451,1.060076355934143,9.630966186523438
1700822990818704000,129.13070385742188,1.508795142173767,1.057350754737854,9.632027626037598
1700822990828833000,129.1408330078125,1.508368968963623,1.0595136880874634,9.631855964660645
1700822990838854000,129.15085400390626,1.5177949666976929,1.0759239196777344,9.628554344177246
1700822990848826000,129.160826171875,1.537239670753479,1.0969067811965942,9.623101234436035
1700822990858727000,129.17072680664063,1.56141197681427,1.1013859510421753,9.618697166442871
1700822990868719000,129.18071899414062,1.5830299854278564,1.1048483848571777,9.614765167236328
1700822990878887000,129.19088696289063,1.5975735187530518,1.1076409816741943,9.612039566040039
1700822990888864000,129.20086401367186,1.6083824634552002,1.1091606616973877,9.610060691833496
1700822990898878000,129.2108779296875,1.6184124946594238,1.0757330656051636,9.612175941467285
1700822990908880000,129.2208798828125,1.641127109527588,1.05808687210083,9.610283851623535
1700822990918729000,129.23072900390625,1.6672037839889526,1.0520687103271484,9.60645580291748
1700822990928857000,129.24085717773437,1.695375680923462,1.0495853424072266,9.601794242858887
1700822990939023000,129.25102319335937,1.7261799573898315,1.04486882686615,9.596819877624512
1700822990949024000,129.26102392578125,1.7563451528549194,1.0332859754562378,9.59260082244873
1700822990959081000,129.2710810546875,1.7922513484954834,1.0086755752563477,9.588577270507812
1700822990968725000,129.28072509765624,1.8316543102264404,0.9771257042884827,9.584396362304688
1700822990978729000,129.29072900390625,1.865927815437317,0.9515975713729858,9.580354690551758
1700822990988706000,129.3007060546875,1.8882757425308228,0.9509546160697937,9.576038360595703
1700822990998882000,129.31088208007813,1.9085522890090942,0.9509124755859375,9.572020530700684
1700822991008816000,129.32081616210937,1.9257649183273315,0.953567385673523,9.568307876586914
1700822991018857000,129.33085693359374,1.9368945360183716,0.9614087343215942,9.565278053283691
1700822991028825000,129.3408251953125,1.942658543586731,0.9750576615333557,9.562726974487305
1700822991038696000,129.35069604492188,1.9467968940734863,0.9921563863754272,9.560127258300781
1700822991049885000,129.36188500976561,1.9535812139511108,1.0118159055709839,9.556680679321289
1700822991058889000,129.37088891601562,1.966623067855835,1.0307047367095947,9.551985740661621
1700822991068909000,129.38090893554687,1.977303385734558,1.0441168546676636,9.548323631286621
1700822991078869000,129.39086889648436,1.9852824211120605,1.0608301162719727,9.544825553894043
1700822991088906000,129.40090600585938,1.989890217781067,1.0800042152404785,9.541715621948242
1700822991099193000,129.41119311523437,1.9910796880722046,1.1004948616027832,9.539124488830566
1700822991108696000,129.42069604492187,1.990490198135376,1.1194167137145996,9.5370454788208
1700822991118854000,129.43085400390626,1.9904239177703857,1.1387901306152344,9.534767150878906
1700822991128676000,129.44067602539062,1.99313223361969,1.1569430828094482,9.532013893127441
1700822991138699000,129.45069897460937,2.000739812850952,1.1733129024505615,9.52841854095459
1700822991148806000,129.46080590820313,2.012387990951538,1.187770962715149,9.524173736572266
1700822991158660000,129.47066015625,2.025338649749756,1.199918270111084,9.519906044006348
1700822991168704000,129.4807041015625,2.038149356842041,1.2098711729049683,9.515911102294922
1700822991178798000,129.49079809570313,2.049895763397217,1.218319296836853,9.512309074401855
1700822991188828000,129.50082788085936,2.060478925704956,1.227465271949768,9.508846282958984
1700822991198908000,129.51090795898438,2.0706639289855957,1.2384370565414429,9.505209922790527
1700822991208860000,129.52085986328126,2.076740026473999,1.2501333951950073,9.502352714538574
1700822991218746000,129.53074609375,2.075291156768799,1.2607591152191162,9.501265525817871
1700822991228783000,129.540783203125,2.068645715713501,1.2717291116714478,9.501253128051758
1700822991238818000,129.55081811523436,2.063586711883545,1.282604455947876,9.50089168548584
1700822991248992000,129.56099194335937,2.062448024749756,1.292616367340088,9.49978256225586
1700822991260431000,129.57243115234374,2.0666792392730713,1.3011329174041748,9.497699737548828
1700822991268789000,129.5807890625,2.0750434398651123,1.3050612211227417,9.49533748626709
1700822991278636000,129.59063598632812,2.0858805179595947,1.3076366186141968,9.492606163024902
1700822991288864000,129.60086401367187,2.097012996673584,1.3088315725326538,9.489990234375
1700822991298635000,129.61063500976562,2.1078944206237793,1.309713363647461,9.487456321716309
1700822991308802000,129.62080200195314,2.117583751678467,1.3119992017745972,9.48498249053955
1700822991318658000,129.6306579589844,2.1260414123535156,1.3129197359085083,9.482962608337402
1700822991328757000,129.64075708007812,2.1346871852874756,1.3141323328018188,9.480853080749512
1700822991338813000,129.65081298828125,2.1452267169952393,1.3157572746276855,9.478248596191406
1700822991348876000,129.6608759765625,2.1582448482513428,1.3185933828353882,9.474897384643555
1700822991358729000,129.67072900390625,2.171919345855713,1.3227578401565552,9.471193313598633
1700822991368757000,129.68075708007814,2.1847360134124756,1.328515648841858,9.467437744140625
1700822991378789000,129.6907890625,2.1929376125335693,1.3317267894744873,9.465089797973633
1700822991388803000,129.7008029785156,2.193427085876465,1.3335524797439575,9.46471881866455
1700822991398794000,129.7107939453125,2.1883456707000732,1.3349311351776123,9.46570110321045
1700822991408797000,129.720796875,2.1841800212860107,1.335984468460083,9.466514587402344
1700822991418839000,129.73083911132812,2.1820621490478516,1.3340294361114502,9.467279434204102
1700822991429033000,129.74103295898436,2.1818740367889404,1.329988956451416,9.467890739440918
1700822991438704000,129.7507041015625,2.1830124855041504,1.3252736330032349,9.46828842163086
1700822991448685000,129.76068505859374,2.1851933002471924,1.3210867643356323,9.468372344970703
1700822991458650000,129.77065014648437,2.1856212615966797,1.3192527294158936,9.468528747558594
1700822991468790000,129.7807900390625,2.180882692337036,1.3214493989944458,9.469314575195312
1700822991478803000,129.79080297851561,2.1742637157440186,1.3224624395370483,9.470695495605469
1700822991488735000,129.80073486328126,2.1685643196105957,1.3192404508590698,9.472452163696289
1700822991498838000,129.81083813476562,2.1611151695251465,1.3131802082061768,9.474995613098145
1700822991508729000,129.82072900390625,2.1525800228118896,1.300864577293396,9.478636741638184
1700822991518774000,129.83077392578124,2.1488349437713623,1.2835285663604736,9.48184871673584
1700822991528754000,129.84075390625,2.1513803005218506,1.259750247001648,9.484461784362793
1700822991538809000,129.85080908203125,2.161041259765625,1.2356343269348145,9.48543643951416
1700822991548910000,129.86091015625,2.17228102684021,1.216745138168335,9.485312461853027
1700822991558822000,129.87082177734376,2.173637628555298,1.203511357307434,9.486688613891602
1700822991568804000,129.88080419921874,2.165295124053955,1.1936696767807007,9.489839553833008
1700822991578701000,129.890701171875,2.1506636142730713,1.185713529586792,9.494163513183594
1700822991588682000,129.90068188476562,2.131723642349243,1.1780980825424194,9.499381065368652
1700822991598977000,129.91097705078124,2.1269078254699707,1.1746662855148315,9.500885963439941
1700822991608837000,129.9208371582031,2.125375747680664,1.1685398817062378,9.501981735229492
1700822991618868000,129.93086791992187,2.1221985816955566,1.1592787504196167,9.503828048706055
1700822991628694000,129.94069409179687,2.1155788898468018,1.149598240852356,9.506478309631348
1700822991638907000,129.95090698242188,1.8575252294540405,1.0463403463363647,9.572104454040527
1700822991648855000,129.96085498046875,1.6990704536437988,1.0061402320861816,9.605792999267578
1700822991658712000,129.97071215820313,1.6326757669448853,0.999151349067688,9.61802864074707
1700822991668775000,129.98077490234374,1.611983060836792,0.9997560381889343,9.621455192565918
1700822991678670000,129.99067016601563,1.6033798456192017,0.9990782737731934,9.622962951660156
1700822991688798000,130.0007978515625,1.6142401695251465,0.9945753812789917,9.621612548828125
1700822991698887000,130.01088696289062,1.6454209089279175,0.9894640445709229,9.61685848236084
1700822991708776000,130.02077587890625,1.703560471534729,0.9911445379257202,9.606554985046387
1700822991718914000,130.0309140625,1.7709128856658936,1.0018579959869385,9.593255996704102
1700822991728807000,130.04080688476563,1.7668893337249756,1.0018965005874634,9.593993186950684
1700822991738675000,130.0506750488281,1.7597037553787231,1.003676414489746,9.595128059387207
1700822991748625000,130.060625,1.7500079870224,1.0068614482879639,9.59656810760498
1700822991758880000,130.0708798828125,1.7421321868896484,1.0109580755233765,9.597570419311523
1700822991768762000,130.08076220703126,1.7376620769500732,1.0151249170303345,9.597939491271973
1700822991778887000,130.09088696289064,1.7339532375335693,1.018662929534912,9.598236083984375
1700822991789075000,130.10107495117188,1.7214146852493286,1.0215966701507568,9.600181579589844
1700822991798704000,130.1107041015625,1.703864336013794,1.0230027437210083,9.603160858154297
1700822991808776000,130.12077587890624,1.679178237915039,1.022204041481018,9.60759449005127
1700822991818840000,130.13084008789062,1.6514561176300049,1.0181678533554077,9.612826347351074
1700822991828793000,130.14079296875,1.620320439338684,1.010296106338501,9.618952751159668
1700822991838793000,130.15079296875,1.5907336473464966,1.0008982419967651,9.624872207641602
1700822991848851000,130.16085083007812,1.566271185874939,0.9918524026870728,9.629817962646484
1700822991858848000,130.1708479003906,1.5474293231964111,0.9845622777938843,9.633613586425781
1700822991868812000,130.18081201171876,1.5274492502212524,0.9789251089096069,9.637374877929688
1700822991878832000,130.19083203125,1.5071762800216675,0.9742875099182129,9.641036033630371
1700822991888911000,130.2009111328125,1.4891068935394287,0.9705734848976135,9.644218444824219
1700822991898833000,130.2108330078125,1.479798436164856,0.9665700793266296,9.646052360534668
1700822991908816000,130.22081591796876,1.4724860191345215,0.9630258679389954,9.647526741027832
1700822991918767000,130.23076708984374,1.4597811698913574,0.9633491039276123,9.64942455291748
1700822991928792000,130.2407919921875,1.4475269317626953,0.9665542840957642,9.650948524475098
1700822991938669000,130.2506689453125,1.436604619026184,0.973107099533081,9.651924133300781
1700822991948926000,130.26092602539063,1.429778814315796,0.9842270612716675,9.651808738708496
1700822991958768000,130.27076806640625,1.4282810688018799,0.997391939163208,9.650679588317871
1700822991969043000,130.28104296875,1.429181456565857,1.0102405548095703,9.649209022521973
1700822991978733000,130.29073315429687,1.4307681322097778,1.0214611291885376,9.647793769836426
1700822991989047000,130.30104711914063,1.4334943294525146,1.026942491531372,9.646805763244629
1700822991998942000,130.31094189453125,1.4419076442718506,1.0327045917510986,9.644936561584473
1700822992008828000,130.32082788085938,1.453881859779358,1.0409095287322998,9.642256736755371
1700822992018966000,130.33096606445312,1.4675298929214478,1.0506479740142822,9.63913345336914
1700822992028867000,130.3408671875,1.4800807237625122,1.0586249828338623,9.636343002319336
1700822992038861000,130.35086108398437,1.4940680265426636,1.06503427028656,9.633476257324219
1700822992049125000,130.361125,1.5096973180770874,1.0684826374053955,9.630657196044922
1700822992058933000,130.37093310546874,1.5212032794952393,1.0664091110229492,9.629077911376953
1700822992068894000,130.38089404296875,1.5283523797988892,1.06121826171875,9.628518104553223
1700822992078874000,130.3908740234375,1.5329601764678955,1.052638292312622,9.628727912902832
1700822992088906000,130.40090600585938,1.5395325422286987,1.0441653728485107,9.62860107421875
1700822992098766000,130.41076611328126,1.5478841066360474,1.0360784530639648,9.628134727478027
1700822992109052000,130.42105200195311,1.5590821504592896,1.0297268629074097,9.627010345458984
1700822992119028000,130.43102807617188,1.5718111991882324,1.0242016315460205,9.625529289245605
1700822992129010000,130.44101000976562,1.5886270999908447,1.0222169160842896,9.622979164123535
1700822992138855000,130.45085498046876,1.6107752323150635,1.0234686136245728,9.619162559509277
1700822992149578000,130.46157788085938,1.6349475383758545,1.0297472476959229,9.614415168762207
1700822992158842000,130.47084204101563,1.6506088972091675,1.0369024276733398,9.610969543457031
1700822992168710000,130.4807099609375,1.6571564674377441,1.0397005081176758,9.609539985656738
1700822992178863000,130.49086303710936,1.6550006866455078,1.0366898775100708,9.610237121582031
1700822992189067000,130.50106689453125,1.6464935541152954,1.0305486917495728,9.612359046936035
1700822992198790000,130.51078979492186,1.6350764036178589,1.0231267213821411,9.615099906921387
1700822992208836000,130.52083618164062,1.632949948310852,1.017901062965393,9.616015434265137
1700822992218855000,130.53085498046875,1.6395827531814575,1.0146338939666748,9.615230560302734
1700822992228740000,130.54073999023439,1.6500258445739746,1.0130164623260498,9.613615989685059
1700822992238943000,130.55094287109375,1.773943305015564,1.0725573301315308,9.58504581451416
1700822992248873000,130.560873046875,1.8386794328689575,1.089818000793457,9.570889472961426
1700822992258642000,130.57064184570314,1.884441614151001,1.0901497602462769,9.5619478225708
1700822992268717000,130.58071704101562,1.9248063564300537,1.0716031789779663,9.55600357055664
1700822992278738000,130.59073803710936,1.963646411895752,1.0143524408340454,9.55434799194336
1700822992288791000,130.600791015625,1.9774954319000244,0.9346423149108887,9.55962085723877
1700822992298901000,130.61090087890625,1.9620400667190552,0.8699705600738525,9.568903923034668
1700822992308846000,130.62084619140626,1.9279555082321167,0.8253107070922852,9.57978343963623
1700822992318849000,130.63084912109375,1.906545639038086,0.8279279470443726,9.583841323852539
1700822992328933000,130.64093310546875,1.8763588666915894,0.8288885951042175,9.589713096618652
1700822992338829000,130.6508291015625,1.8502000570297241,0.8308642506599426,9.594624519348145
1700822992348850000,130.66084985351563,1.835329532623291,0.8360302448272705,9.597031593322754
1700822992358734000,130.6707341308594,1.830135464668274,0.8430392742156982,9.597411155700684
1700822992368779000,130.68077905273438,1.8287878036499023,0.8499033451080322,9.597061157226562
1700822992378786000,130.6907861328125,1.8280233144760132,0.8557111024856567,9.596692085266113
1700822992388801000,130.70080102539063,1.8270938396453857,0.8597419857978821,9.59650707244873
1700822992398712000,130.71071215820314,1.8248189687728882,0.8601529002189636,9.596903800964355
1700822992408836000,130.72083618164064,1.8191335201263428,0.8562120795249939,9.598336219787598
1700822992418900000,130.73089990234374,1.811806321144104,0.8500938415527344,9.600264549255371
1700822992428743000,130.74074291992187,1.7569650411605835,0.6084104180335999,9.628775596618652
1700822992438730000,130.75072998046875,1.7571941614151,0.6051633954048157,9.628937721252441
1700822992449070000,130.76107006835937,1.761431336402893,0.600795567035675,9.628437995910645
1700822992458791000,130.770791015625,1.8370869159698486,0.5765247344970703,9.615774154663086
1700822992468786000,130.7807858886719,1.8788070678710938,0.5919426679611206,9.606772422790527
1700822992478749000,130.7907490234375,1.8890049457550049,0.6471017003059387,9.601215362548828
1700822992488817000,130.80081689453124,1.8376266956329346,0.7524874806404114,9.603504180908203
1700822992499595000,130.8115949707031,1.7492755651474,0.865441083908081,9.610486030578613
1700822992509638000,130.82163793945313,1.6803131103515625,0.9429004788398743,9.61550235748291
1700822992518720000,130.83071997070311,1.6341601610183716,0.9999740719795227,9.617691993713379
1700822992528692000,130.84069189453126,1.624044418334961,0.9959683418273926,9.619818687438965
1700822992538663000,130.85066284179686,1.623758316040039,0.9901751279830933,9.620464324951172
1700822992550815000,130.86281494140624,1.6350653171539307,0.9842673540115356,9.619157791137695
1700822992558897000,130.87089697265625,1.651066541671753,0.9809557795524597,9.616761207580566
1700822992568771000,130.88077099609376,1.6867682933807373,1.0371867418289185,9.604658126831055
1700822992578740000,130.89073999023438,1.7041224241256714,1.0717054605484009,9.597801208496094
1700822992588792000,130.9007919921875,1.7095810174942017,1.1002397537231445,9.59360122680664
1700822992598667000,130.9106669921875,1.691366195678711,1.1085290908813477,9.595874786376953
1700822992608730000,130.92073022460937,1.6720877885818481,1.109820008277893,9.599104881286621
1700822992618918000,130.93091796875,1.6555285453796387,1.1050704717636108,9.602523803710938
1700822992628803000,130.94080297851562,1.635043978691101,1.0951812267303467,9.607165336608887
1700822992638879000,130.95087890625,1.6136951446533203,1.0824612379074097,9.612215042114258
1700822992648806000,130.96080590820313,1.5960320234298706,1.0707002878189087,9.616480827331543
1700822992658897000,130.97089697265625,1.5800176858901978,1.0599164962768555,9.620316505432129
1700822992668820000,130.98082006835938,1.6914511919021606,0.9871087074279785,9.609110832214355
1700822992678825000,130.99082495117187,1.7771955728530884,0.9248074889183044,9.599828720092773
1700822992688754000,131.00075390625,1.8505610227584839,0.868686318397522,9.591205596923828
1700822992698827000,131.01082690429686,1.9178786277770996,0.8173147439956665,9.582490921020508
1700822992708747000,131.0207470703125,1.982872724533081,0.7733587026596069,9.572905540466309
1700822992718645000,131.03064501953125,2.056096076965332,0.7388499975204468,9.560176849365234
1700822992728884000,131.04088403320313,2.12287974357605,0.7226254343986511,9.546810150146484
1700822992738876000,131.0508759765625,2.154043197631836,0.7238923907279968,9.5397310256958
1700822992749189000,131.0611892089844,2.1662793159484863,0.7487450838088989,9.535041809082031
1700822992758855000,131.07085498046874,2.1475627422332764,0.7309882044792175,9.540651321411133
1700822992768839000,131.0808388671875,2.128473997116089,0.7158321142196655,9.546075820922852
1700822992778846000,131.09084594726562,2.1134896278381348,0.7001768350601196,9.550566673278809
1700822992788843000,131.10084301757811,2.1070101261138916,0.6844611167907715,9.553136825561523
1700822992798870000,131.1108701171875,2.1086959838867188,0.6718573570251465,9.55366039276123
1700822992808860000,131.12085986328125,2.1100451946258545,0.6668705344200134,9.5537109375
1700822992819029000,131.13102905273436,2.103559970855713,0.6649325489997864,9.555274963378906
1700822992828722000,131.14072192382812,2.088322877883911,0.6624836921691895,9.558788299560547
1700822992838757000,131.15075708007814,2.066197633743286,0.6593819260597229,9.563809394836426
1700822992848734000,131.16073388671876,2.0441925525665283,0.6578998565673828,9.568638801574707
1700822992858668000,131.17066796875,2.0309062004089355,0.6439858675003052,9.572412490844727
1700822992868746000,131.18074609375,1.9764398336410522,0.7115373611450195,9.579028129577637
1700822992878773000,131.19077294921874,1.9775398969650269,0.7087979912757874,9.579005241394043
1700822992888793000,131.20079296875,1.9889848232269287,0.7114534378051758,9.576438903808594
1700822992898923000,131.21092309570312,2.0085883140563965,0.7178957462310791,9.57186508178711
1700822992908806000,131.22080590820312,2.02958607673645,0.7254685163497925,9.566863059997559
1700822992918831000,131.2308310546875,2.054640054702759,0.7364712953567505,9.560672760009766
1700822992928778000,131.24077807617186,2.0751149654388428,0.7462988495826721,9.555486679077148
1700822992938838000,131.25083813476562,2.0853826999664307,0.7520897388458252,9.5527982711792
1700822992948825000,131.2608251953125,2.0895073413848877,0.7555904388427734,9.551619529724121
1700822992958828000,131.270828125,1.947027564048767,0.8069549798965454,9.57748794555664
1700822992968815000,131.28081518554689,1.8178282976150513,0.8072016835212708,9.602829933166504
1700822992978834000,131.290833984375,1.8136130571365356,0.8063216805458069,9.603699684143066
1700822992988830000,131.30082983398438,1.8108184337615967,0.8029171228408813,9.604514122009277
1700822992998899000,131.31089892578126,1.8086662292480469,0.7951982021331787,9.605562210083008
1700822993008861000,131.32086083984376,1.7589716911315918,0.5202718377113342,9.633573532104492
1700822993018893000,131.33089306640625,1.707518219947815,0.3034621477127075,9.652082443237305
1700822993028859000,131.34085888671876,1.6579867601394653,0.15143150091171265,9.664291381835938
1700822993039024000,131.35102416992189,1.6378920078277588,0.14044424891471863,9.66788387298584
1700822993048837000,131.3608371582031,1.6239014863967896,0.13321459293365479,9.670345306396484
1700822993058836000,131.3708359375,1.6154706478118896,0.12983693182468414,9.67180347442627
1700822993068684000,131.38068408203125,1.6118922233581543,0.12921032309532166,9.672410011291504
1700822993078717000,131.39071704101562,1.6153277158737183,0.1564011126756668,9.671435356140137
1700822993088967000,131.400966796875,1.5969206094741821,0.23993688821792603,9.672779083251953
1700822993098851000,131.41085107421875,1.5702321529388428,0.34377193450927734,9.674015045166016
1700822993109128000,131.4211279296875,1.5471575260162354,0.4355670213699341,9.674036979675293
1700822993118848000,131.43084790039063,1.520139455795288,0.48176440596580505,9.676128387451172
1700822993128641000,131.44064111328126,1.4872713088989258,0.5039204359054565,9.680108070373535
1700822993138694000,131.45069384765625,1.4494389295578003,0.5130807757377625,9.68536376953125
1700822993148805000,131.46080517578125,1.3985165357589722,0.5136772394180298,9.692816734313965
1700822993158656000,131.47065600585938,1.346701979637146,0.5093424320220947,9.700380325317383
1700822993168692000,131.48069189453125,1.3285934925079346,0.5022828578948975,9.703243255615234
1700822993179968000,131.49196801757813,1.3106863498687744,0.49460840225219727,9.706073760986328
1700822993189501000,131.5015009765625,1.2916908264160156,0.485790878534317,9.709065437316895
1700822993198753000,131.5107529296875,1.2713093757629395,0.47680503129959106,9.712198257446289
1700822993208703000,131.52070288085937,1.2524445056915283,0.46804100275039673,9.715076446533203
1700822993218735000,131.53073510742186,1.236152172088623,0.45976972579956055,9.717556953430176
1700822993228724000,131.54072387695314,1.2193299531936646,0.45347413420677185,9.719978332519531
1700822993238788000,131.5507880859375,1.1973598003387451,0.44863399863243103,9.722935676574707
1700822993248744000,131.56074389648438,1.1797198057174683,0.4429486393928528,9.725350379943848
1700822993258770000,131.57077001953124,1.1666370630264282,0.4365338087081909,9.727219581604004
1700822993268751000,131.58075122070312,1.1601289510726929,0.43183600902557373,9.7282075881958
1700822993278725000,131.59072509765625,1.1581883430480957,0.4288014769554138,9.728571891784668
1700822993288724000,131.6007238769531,1.1482526063919067,0.4292106330394745,9.729734420776367
1700822993299028000,131.61102807617186,1.1169637441635132,0.43262219429016113,9.733223915100098
1700822993308780000,131.62078002929687,1.0726525783538818,0.43401336669921875,9.738143920898438
1700822993318892000,131.63089208984374,1.0399936437606812,0.42907413840293884,9.741904258728027
1700822993328603000,131.64060278320312,1.0150917768478394,0.42256519198417664,9.7448148727417
1700822993338834000,131.650833984375,0.9971879124641418,0.41567280888557434,9.74696159362793
1700822993348736000,131.66073608398438,0.9833794832229614,0.40953385829925537,9.748623847961426
1700822993358844000,131.67084399414063,0.9722306132316589,0.4033452570438385,9.749998092651367
1700822993368812000,131.68081201171876,0.9323846101760864,0.3916150629520416,9.75436782836914
1700822993378817000,131.6908171386719,0.9127157330513,0.38611119985580444,9.756446838378906
1700822993388823000,131.70082299804687,0.9034194946289062,0.3832511305809021,9.757425308227539
1700822993398813000,131.71081298828125,0.9042340517044067,0.38398003578186035,9.75732135772705
1700822993408825000,131.7208251953125,0.9159241914749146,0.3862175941467285,9.756141662597656
1700822993418693000,131.73069311523437,0.9347089529037476,0.3847475051879883,9.754419326782227
1700822993428817000,131.74081689453126,0.9497191905975342,0.37483111023902893,9.753355026245117
1700822993438898000,131.75089794921874,0.9671934843063354,0.3642962574958801,9.752037048339844
1700822993449025000,131.76102490234376,0.9851847887039185,0.35371729731559753,9.750625610351562
1700822993458864000,131.77086401367188,1.0041553974151611,0.343834787607193,9.749043464660645
1700822993468747000,131.7807470703125,1.0322744846343994,0.3360445499420166,9.746377944946289
1700822993478740000,131.79073999023439,1.065936803817749,0.32662439346313477,9.743074417114258
1700822993488756000,131.800755859375,1.1059283018112183,0.31636810302734375,9.738954544067383
1700822993498663000,131.81066284179687,1.1484794616699219,0.3049164414405823,9.734393119812012
1700822993508776000,131.82077587890626,1.190334677696228,0.29092034697532654,9.729792594909668
1700822993518831000,131.8308310546875,1.222951054573059,0.2737865447998047,9.72624397277832
1700822993528841000,131.84084106445312,1.2454293966293335,0.25075843930244446,9.724014282226562
1700822993538642000,131.85064184570314,1.259663701057434,0.21868425607681274,9.722952842712402
1700822993548842000,131.86084204101562,1.2617454528808594,0.1937050074338913,9.723213195800781
1700822993559034000,131.8710341796875,1.2519915103912354,0.17439736425876617,9.724839210510254
1700822993569225000,131.88122485351562,1.234447956085205,0.16155220568180084,9.727303504943848
1700822993578687000,131.89068701171874,1.2132049798965454,0.1541980504989624,9.730094909667969
1700822993588684000,131.90068408203126,1.1871318817138672,0.1495499312877655,9.733383178710938
1700822993600280000,131.91228002929688,1.1493901014328003,0.14379093050956726,9.73799991607666
1700822993608716000,131.92071606445313,1.0994561910629272,0.1323392689228058,9.743926048278809
1700822993618767000,131.93076708984376,1.0468144416809082,0.11238251626491547,9.749972343444824
1700822993629002000,131.941001953125,1.0014312267303467,0.08713438361883163,9.75499439239502
1700822993638764000,131.95076391601563,0.9586118459701538,0.0620531365275383,9.759489059448242
1700822993648948000,131.96094799804686,0.9150739908218384,0.042167700827121735,9.763772010803223
1700822993658816000,131.97081591796876,0.8772466778755188,0.027196049690246582,9.767297744750977
1700822993668642000,131.98064208984374,0.8366749882698059,0.009374854154884815,9.770890235900879
1700822993678890000,131.99088989257814,0.7873989343643188,-0.012213001027703285,9.774979591369629
1700822993688953000,132.000953125,0.7182120084762573,-0.03436492010951042,9.780255317687988
1700822993698752000,132.010751953125,0.6431093811988831,-0.05291442945599556,9.785396575927734
1700822993708744000,132.02074389648436,0.5636477470397949,-0.07497633248567581,9.790151596069336
1700822993718635000,132.03063500976563,0.49036741256713867,-0.09776975959539413,9.793893814086914
1700822993728920000,132.04092016601564,0.41932258009910583,-0.11665713042020798,9.79698657989502
1700822993738665000,132.0506650390625,0.3463236689567566,-0.12843669950962067,9.799692153930664
1700822993748783000,132.060783203125,0.27169397473335266,-0.13420885801315308,9.801968574523926
1700822993758778000,132.07077807617188,0.1818137764930725,-0.13979308307170868,9.803967475891113
1700822993768755000,132.0807548828125,0.08941607177257538,-0.14926029741764069,9.805108070373535
1700822993778655000,132.09065502929687,-0.004226678051054478,-0.16284984350204468,9.8052978515625
1700822993788731000,132.10073095703126,-0.10349895805120468,-0.17687223851680756,9.804510116577148
1700822993798887000,132.11088696289062,-0.2135007083415985,-0.18832068145275116,9.802517890930176
1700822993808920000,132.12092016601562,-0.3249976933002472,-0.192778542637825,9.799367904663086
1700822993818832000,132.13083178710937,-0.4325070381164551,-0.19336743652820587,9.79520034790039
1700822993828900000,132.14090014648437,-0.5391460657119751,-0.19534721970558167,9.78986930847168
1700822993838690000,132.15068994140626,-0.6502209901809692,-0.1981479525566101,9.783065795898438
1700822993848816000,132.16081616210937,-0.7753869891166687,-0.20196138322353363,9.773862838745117
1700822993858681000,132.17068115234375,-0.9368056654930115,-0.20528700947761536,9.759644508361816
1700822993868865000,132.18086499023437,-1.116574764251709,-0.2071191966533661,9.74067497253418
1700822993879640000,132.19164013671875,-1.27564537525177,-0.20347148180007935,9.721199989318848
1700822993888776000,132.20077587890626,-1.476582407951355,-0.20095746219158173,9.692766189575195
1700822993899029000,132.21102905273438,-1.6746207475662231,-0.19859598577022552,9.66057014465332
1700822993909018000,132.22101806640626,-1.869738221168518,-0.19962124526500702,9.624690055847168
1700822993918894000,132.23089404296874,-2.0606956481933594,-0.20554770529270172,9.585491180419922
1700822993928939000,132.24093896484376,-2.2542946338653564,-0.2146265059709549,9.541620254516602
1700822993938864000,132.25086401367187,-2.4480631351470947,-0.22297289967536926,9.493560791015625
1700822993949199000,132.26119921875,-2.6413042545318604,-0.22763533890247345,9.441510200500488
1700822993958834000,132.270833984375,-2.8313450813293457,-0.22612842917442322,9.386307716369629
1700822993968849000,132.28084887695312,-3.0001614093780518,-0.21629385650157928,9.333951950073242
1700822993978740000,132.29073999023439,-3.1327643394470215,-0.20277181267738342,9.290590286254883
1700822993988808000,132.30080786132814,-3.2309162616729736,-0.19498832523822784,9.257080078125
1700822993998825000,132.31082495117187,-3.3196523189544678,-0.19798517227172852,9.225567817687988
1700822994008779000,132.32077905273437,-3.4029667377471924,-0.21677052974700928,9.194740295410156
1700822994018835000,132.3308349609375,-3.4456982612609863,-0.25209668278694153,9.177907943725586
1700822994028855000,132.34085498046875,-3.4758081436157227,-0.2964785695075989,9.165221214294434
1700822994038841000,132.35084106445314,-3.521890640258789,-0.3375122845172882,9.146188735961914
1700822994048844000,132.36084399414062,-3.571138858795166,-0.36626872420310974,9.125964164733887
1700822994058696000,132.37069604492189,-3.6084933280944824,-0.37410658597946167,9.110939025878906
1700822994069061000,132.38106103515625,-3.6508266925811768,-0.3609071969985962,9.09459114074707
1700822994079132000,132.3911318359375,-3.730224609375,-0.343478798866272,9.062992095947266
1700822994088815000,132.40081518554686,-3.8380584716796875,-0.3333168923854828,9.01823616027832
1700822994098722000,132.41072216796874,-3.947009801864624,-0.3295058012008667,8.971229553222656
1700822994108857000,132.42085717773438,-4.065837383270264,-0.3341819941997528,8.917830467224121
1700822994118900000,132.43089990234375,-4.18211555480957,-0.3497539460659027,8.863296508789062
1700822994128919000,132.4409189453125,-4.25812292098999,-0.36625030636787415,8.826361656188965
1700822994138656000,132.45065600585937,-4.295559883117676,-0.3796817660331726,8.807632446289062
1700822994148768000,132.46076806640625,-4.3093414306640625,-0.39172494411468506,8.800370216369629
1700822994158781000,132.47078100585938,-4.316940784454346,-0.4008861482143402,8.79623031616211
1700822994168809000,132.48080908203124,-4.366452217102051,-0.41318127512931824,8.77119255065918
1700822994178826000,132.49082592773436,-4.458586692810059,-0.4333250820636749,8.723736763000488
1700822994188789000,132.5007890625,-4.554076194763184,-0.4546951949596405,8.673181533813477
1700822994198888000,132.5108879394531,-4.610084533691406,-0.4616030752658844,8.643173217773438
1700822994208649000,132.52064892578124,-4.6030473709106445,-0.45454147458076477,8.647297859191895
1700822994218819000,132.53081909179687,-4.548635959625244,-0.4422583281993866,8.676676750183105
1700822994229100000,132.54110009765625,-4.487443447113037,-0.43354836106300354,8.708922386169434
1700822994238884000,132.55088403320312,-4.449771881103516,-0.4302472770214081,8.728392601013184
1700822994248888000,132.56088818359376,-4.447913646697998,-0.44209787249565125,8.72874641418457
1700822994258938000,132.57093823242187,-4.483850479125977,-0.4791960120201111,8.708377838134766
1700822994268847000,132.58084716796876,-4.536171913146973,-0.5281400680541992,8.678399085998535
1700822994278867000,132.59086694335937,-4.562012195587158,-0.5612395405769348,8.662761688232422
1700822994288807000,132.60080688476563,-4.542525291442871,-0.5742091536521912,8.672149658203125
1700822994298897000,132.61089697265626,-4.460739612579346,-0.5706555843353271,8.714733123779297
1700822994308664000,132.6206640625,-4.331390857696533,-0.5543798804283142,8.780781745910645
1700822994318804000,132.63080395507814,-4.193596839904785,-0.5349424481391907,8.848614692687988
1700822994328850000,132.64084985351562,-4.070643901824951,-0.523837149143219,8.90650749206543
1700822994338834000,132.650833984375,-3.989351511001587,-0.5265019536018372,8.943058013916016
1700822994348766000,132.66076586914062,-3.937185764312744,-0.5433753728866577,8.965137481689453
1700822994358848000,132.6708479003906,-3.888704299926758,-0.5602133870124817,8.98524284362793
1700822994368842000,132.68084204101564,-3.7962779998779297,-0.5686787366867065,9.024147987365723
1700822994378837000,132.6908369140625,-3.6468467712402344,-0.563315749168396,9.085902214050293
1700822994388685000,132.70068505859376,-3.452188730239868,-0.5498033165931702,9.162450790405273
1700822994398850000,132.71085009765625,-3.2502083778381348,-0.534151017665863,9.236949920654297
1700822994408860000,132.72085986328125,-3.064008951187134,-0.5210548043251038,9.301115989685059
1700822994418916000,132.730916015625,-2.898228406906128,-0.5170662999153137,9.354321479797363
1700822994429205000,132.741205078125,-2.7611091136932373,-0.5250339508056641,9.395265579223633
1700822994438908000,132.75090795898439,-2.6409902572631836,-0.5399421453475952,9.428894996643066
1700822994448930000,132.76092993164062,-2.5161874294281006,-0.555574357509613,9.462059020996094
1700822994459023000,132.77102319335938,-2.3568782806396484,-0.5637801289558411,9.502509117126465
1700822994468828000,132.78082788085936,-2.158167600631714,-0.5580027103424072,9.549941062927246
1700822994478653000,132.79065283203124,-1.9375123977661133,-0.537784993648529,9.598291397094727
1700822994488744000,132.80074389648436,-1.756894588470459,-0.5229518413543701,9.633805274963379
1700822994498918000,132.81091796875,-1.6169973611831665,-0.5129761099815369,9.658809661865234
1700822994508782000,132.82078198242186,-1.4877227544784546,-0.5042030215263367,9.680024147033691
1700822994518783000,132.83078295898437,-1.3502683639526367,-0.48938044905662537,9.700910568237305
1700822994528815000,132.8408151855469,-1.2226585149765015,-0.46707743406295776,9.718916893005371
1700822994538930000,132.85092993164062,-1.0964789390563965,-0.4413277804851532,9.735161781311035
1700822994548775000,132.86077490234376,-0.9862240552902222,-0.41719549894332886,9.748010635375977
1700822994558741000,132.8707409667969,-0.8945143222808838,-0.3964104652404785,9.757719993591309
1700822994569241000,132.88124096679687,-0.8437912464141846,-0.38506606221199036,9.762691497802734
1700822994578806000,132.89080590820313,-0.8225088119506836,-0.38099634647369385,9.764666557312012
1700822994588785000,132.90078491210937,-0.8173440098762512,-0.3796919882297516,9.765151023864746
1700822994598856000,132.91085595703126,-0.829383373260498,-0.3785942494869232,9.764179229736328
1700822994611213000,132.92321313476563,-0.8685749769210815,-0.3812702000141144,9.760665893554688
1700822994628823000,132.94082299804688,-1.0171475410461426,-0.3862859606742859,9.746106147766113
1700822994638736000,132.95073583984376,-1.1096744537353516,-0.38941490650177,9.735880851745605
1700822994648752000,132.96075219726563,-1.20241117477417,-0.3961687684059143,9.724589347839355
1700822994658656000,132.97065600585938,-1.2967987060546875,-0.4077671468257904,9.711974143981934
1700822994668773000,132.98077319335937,-1.3926316499710083,-0.42606911063194275,9.697909355163574
1700822994678812000,132.99081201171876,-1.4909085035324097,-0.44707390666007996,9.682340621948242
1700822994688754000,133.00075390625,-1.5971260070800781,-0.4652785658836365,9.664529800415039
1700822994698709000,133.010708984375,-1.7037076950073242,-0.47997403144836426,9.645589828491211
1700822994708644000,133.02064404296874,-1.8025983572006226,-0.4916027784347534,9.62701416015625
1700822994718883000,133.03088305664062,-1.8955899477005005,-0.5023676156997681,9.608577728271484
1700822994728785000,133.0407849121094,-1.9971318244934082,-0.5165879130363464,9.587231636047363
1700822994738780000,133.05077978515624,-2.1106512546539307,-0.5329194068908691,9.561984062194824
1700822994748768000,133.06076806640624,-2.213453531265259,-0.5474921464920044,9.537888526916504
1700822994758652000,133.07065185546875,-2.3107998371124268,-0.5590171813964844,9.51409912109375
1700822994768743000,133.08074291992187,-2.408541202545166,-0.5708268284797668,9.489124298095703
1700822994778830000,133.090830078125,-2.508545398712158,-0.5875654816627502,9.462154388427734
1700822994788879000,133.10087915039063,-2.5741496086120605,-0.6069576144218445,9.443293571472168
1700822994798778000,133.11077807617187,-2.615523338317871,-0.6225754618644714,9.43089771270752
1700822994808790000,133.1207900390625,-2.654310464859009,-0.6381763219833374,9.419012069702148
1700822994818687000,133.13068701171875,-2.711003303527832,-0.6589876413345337,9.40141487121582
1700822994829101000,133.14110107421874,-2.7892754077911377,-0.6843456625938416,9.37667465209961
1700822994838835000,133.1508349609375,-2.8752245903015137,-0.7047069072723389,9.349166870117188
1700822994848830000,133.16082983398437,-2.950336217880249,-0.7171899676322937,9.324780464172363
1700822994858837000,133.1708369140625,-2.998192310333252,-0.724687933921814,9.308924674987793
1700822994868850000,133.18084985351564,-3.023723602294922,-0.7313517332077026,9.300141334533691
1700822994878860000,133.19086010742188,-3.042696714401245,-0.7398632764816284,9.293277740478516
1700822994888805000,133.20080517578126,-3.0579636096954346,-0.75197833776474,9.287291526794434
1700822994898858000,133.21085791015625,-3.0665438175201416,-0.7630787491798401,9.283557891845703
1700822994908844000,133.22084399414064,-3.071899890899658,-0.7717971801757812,9.281063079833984
1700822994918854000,133.23085400390624,-3.0773510932922363,-0.7763605117797852,9.278877258300781
1700822994928801000,133.24080102539062,-3.0826218128204346,-0.7751865386962891,9.277227401733398
1700822994939273000,133.25127294921876,-3.0877625942230225,-0.7658417820930481,9.276294708251953
1700822994948801000,133.26080102539063,-3.0754098892211914,-0.7560127377510071,9.281201362609863
1700822994959658000,133.27165795898438,-3.0434513092041016,-0.7409685850143433,9.29294204711914
1700822994968811000,133.28081103515626,-3.0147624015808105,-0.717976450920105,9.304089546203613
1700822994978807000,133.29080712890624,-2.9949984550476074,-0.6942217350006104,9.312273025512695
1700822994988880000,133.3008798828125,-2.9638404846191406,-0.6748650074005127,9.32365894317627
1700822994998891000,133.31089111328126,-2.914828300476074,-0.6514917612075806,9.340758323669434
1700822995009029000,133.3210290527344,-2.853121519088745,-0.6224813461303711,9.361764907836914
1700822995018802000,133.33080200195312,-2.794795036315918,-0.5937424302101135,9.381203651428223
1700822995029893000,133.34189306640624,-2.747819423675537,-0.5664139986038208,9.396758079528809
1700822995038752000,133.350751953125,-2.7072365283966064,-0.5400079488754272,9.410080909729004
1700822995048806000,133.36080590820313,-2.6565637588500977,-0.5100424289703369,9.426182746887207
1700822995058783000,133.37078295898436,-2.5912222862243652,-0.4755190908908844,9.446155548095703
1700822995068778000,133.38077807617188,-2.513831615447998,-0.441425085067749,9.468695640563965
1700822995078828000,133.390828125,-2.423816442489624,-0.41129472851753235,9.493490219116211
1700822995088791000,133.400791015625,-2.3136954307556152,-0.3841790556907654,9.522059440612793
1700822995098685000,133.41068481445313,-2.198833465576172,-0.36470893025398254,9.550000190734863
1700822995109179000,133.42117895507812,-2.0928268432617188,-0.3445189595222473,9.57453727722168
1700822995118709000,133.430708984375,-2.007889986038208,-0.32278087735176086,9.593464851379395
1700822995128926000,133.44092602539064,-1.9145699739456177,-0.2949693202972412,9.61341667175293
1700822995138767000,133.45076708984374,-1.8098101615905762,-0.2625119984149933,9.634628295898438
1700822995148920000,133.46092016601563,-1.6941958665847778,-0.22595658898353577,9.65655517578125
1700822995158983000,133.47098291015624,-1.5681425333023071,-0.18925006687641144,9.678610801696777
1700822995168742000,133.48074194335936,-1.4320119619369507,-0.15582652390003204,9.70028018951416
1700822995178881000,133.49088110351562,-1.289042592048645,-0.12321633845567703,9.720782279968262
1700822995188878000,133.5008781738281,-1.140628457069397,-0.08716040104627609,9.739701271057129
1700822995198750000,133.51075,-1.0057792663574219,-0.049389760941267014,9.754814147949219
1700822995208765000,133.52076489257811,-0.8769196271896362,-0.011650105938315392,9.76735782623291
1700822995218905000,133.5309050292969,-0.7280150055885315,0.02531914971768856,9.779559135437012
1700822995228850000,133.54084985351562,-0.5694388747215271,0.06088526174426079,9.789913177490234
1700822995238862000,133.55086206054688,-0.4079436659812927,0.0970689207315445,9.797680854797363
1700822995248829000,133.56082885742188,-0.2697618305683136,0.12877777218818665,9.802093505859375
1700822995258850000,133.57085009765626,-0.14790596067905426,0.16035394370555878,9.804224014282227
1700822995268852000,133.58085205078126,-0.029506372287869453,0.19650457799434662,9.80463695526123
1700822995278731000,133.59073095703124,0.10019728541374207,0.2380634993314743,9.803247451782227
1700822995288888000,133.60088818359375,0.24035044014453888,0.28222909569740295,9.799640655517578
1700822995299000000,133.611,0.37366583943367004,0.3203054368495941,9.794293403625488
1700822995308919000,133.6209189453125,0.4982122778892517,0.34625527262687683,9.78786563873291
1700822995318940000,133.63093994140624,0.6122422814369202,0.36042964458465576,9.780881881713867
1700822995328752000,133.6407521972656,0.7091004848480225,0.3659241497516632,9.774133682250977
1700822995338752000,133.650751953125,0.8013748526573181,0.36858198046684265,9.766901016235352
1700822995348875000,133.660875,0.891237199306488,0.3728685677051544,9.758947372436523
1700822995358916000,133.670916015625,0.994190514087677,0.38284868001937866,9.748610496520996
1700822995368887000,133.6808869628906,1.127173662185669,0.4018848240375519,9.733363151550293
1700822995378890000,133.69088989257813,1.2691432237625122,0.42893561720848083,9.714715003967285
1700822995388846000,133.70084619140624,1.3965694904327393,0.46021249890327454,9.695780754089355
1700822995398933000,133.71093310546874,1.456764817237854,0.4834934175014496,9.685785293579102
1700822995408849000,133.7208488769531,1.479313850402832,0.49456048011779785,9.681807518005371
1700822995418866000,133.73086596679687,1.4779001474380493,0.49365299940109253,9.682071685791016
1700822995428831000,133.7408310546875,1.4636343717575073,0.4833052158355713,9.684760093688965
1700822995438904000,133.75090405273437,1.451120376586914,0.47005176544189453,9.687295913696289
1700822995448981000,133.76098095703125,1.4504153728485107,0.4568175971508026,9.688034057617188
1700822995459147000,133.77114697265625,1.46693754196167,0.45030075311660767,9.68585205078125
1700822995468982000,133.78098193359375,1.4855355024337769,0.4542351961135864,9.682833671569824
1700822995478758000,133.7907578125,1.480008602142334,0.46404170989990234,9.683215141296387
1700822995488824000,133.8008239746094,1.4462445974349976,0.4680512249469757,9.688121795654297
1700822995498852000,133.81085205078125,1.3938112258911133,0.46106356382369995,9.696139335632324
1700822995509465000,133.82146508789063,1.3437086343765259,0.44717884063720703,9.70386028289795
1700822995519355000,133.83135498046875,1.2998603582382202,0.43369215726852417,9.710441589355469
1700822995528893000,133.84089282226563,1.2596137523651123,0.4216776192188263,9.716272354125977
1700822995538892000,133.85089208984374,1.2230676412582397,0.4126797616481781,9.721325874328613
1700822995548825000,133.8608251953125,1.2018182277679443,0.4039607346057892,9.724342346191406
1700822995559244000,133.871244140625,1.1824729442596436,0.3892211616039276,9.727314949035645
1700822995568801000,133.88080102539064,1.144054889678955,0.3680155575275421,9.732732772827148
1700822995578900000,133.89089990234376,1.1042989492416382,0.35013943910598755,9.737982749938965
1700822995588911000,133.9009111328125,1.088067889213562,0.34388330578804016,9.740032196044922
1700822995598897000,133.91089697265625,1.1029367446899414,0.34833529591560364,9.738203048706055
1700822995609143000,133.92114306640624,1.1179232597351074,0.3564367890357971,9.736201286315918
1700822995618840000,133.93084008789063,1.1042860746383667,0.35787996649742126,9.737704277038574
1700822995628998000,133.9409978027344,1.0800038576126099,0.3495464324951172,9.740730285644531
1700822995638864000,133.95086376953125,1.0666533708572388,0.33902037143707275,9.742571830749512
1700822995648959000,133.960958984375,1.0650535821914673,0.33373627066612244,9.742929458618164
1700822995658709000,133.970708984375,1.066779613494873,0.3349725604057312,9.74269962310791
1700822995668945000,133.98094482421874,1.0668100118637085,0.3408908247947693,9.7424898147583
1700822995678891000,133.99089111328124,1.0616638660430908,0.3481239974498749,9.742795944213867
1700822995688709000,134.00070922851563,1.049257755279541,0.3540264964103699,9.743926048278809
1700822995698735000,134.01073510742188,1.0365233421325684,0.3599386513233185,9.745074272155762
1700822995708822000,134.02082202148438,1.2120169401168823,0.417772114276886,9.722493171691895
1700822995718644000,134.03064404296876,1.211812138557434,0.4270508289337158,9.722116470336914
1700822995728701000,134.04070092773438,1.2276724576950073,0.4396028518676758,9.719565391540527
1700822995738637000,134.05063696289062,1.2511916160583496,0.45266544818878174,9.715968132019043
1700822995748735000,134.06073486328125,1.276074767112732,0.4639981687068939,9.71219539642334
1700822995758631000,134.070630859375,1.2995152473449707,0.47330403327941895,9.708637237548828
1700822995768610000,134.08061010742188,1.3221347332000732,0.48357468843460083,9.70507526397705
1700822995778629000,134.0906291503906,1.3425769805908203,0.49558600783348083,9.701663970947266
1700822995788611000,134.10061108398438,1.3590458631515503,0.509231686592102,9.698663711547852
1700822995798612000,134.11061206054688,1.1751154661178589,0.5392162203788757,9.721046447753906
1700822995808710000,134.1207099609375,1.1933716535568237,0.5570867657661438,9.717814445495605
1700822995818598000,134.13059790039063,1.2174147367477417,0.5773463249206543,9.713648796081543
1700822995828631000,134.14063110351563,1.2454922199249268,0.6013926863670349,9.708630561828613
1700822995838809000,134.15080908203126,1.2773290872573853,0.629253625869751,9.702725410461426
1700822995848737000,134.16073706054686,1.3121955394744873,0.6597659587860107,9.69604206085205
1700822995858996000,134.17099584960937,1.347830057144165,0.6903420090675354,9.6890230178833
1700822995868651000,134.18065112304689,1.385748267173767,0.7208110690116882,9.681452751159668
1700822995878648000,134.19064794921874,1.4328802824020386,0.7496174573898315,9.672398567199707
1700822995888937000,134.20093701171874,1.4900062084197998,0.7760741114616394,9.661675453186035
1700822995898819000,134.21081909179688,1.5561577081680298,0.8005173802375793,9.649245262145996
1700822995909003000,134.2210029296875,1.6245763301849365,0.82173752784729,9.636175155639648
1700822995918838000,134.23083813476563,1.6929758787155151,0.8414745330810547,9.622689247131348
1700822995928816000,134.24081616210938,1.7565505504608154,0.8606427311897278,9.609589576721191
1700822995938872000,134.2508720703125,1.8151921033859253,0.8819368481636047,9.59675407409668
1700822995948831000,134.2608310546875,1.8678759336471558,0.9062833786010742,9.584366798400879
1700822995958745000,134.2707451171875,1.9150173664093018,0.9322989583015442,9.572562217712402
1700822995968786000,134.2807858886719,1.9017969369888306,0.9458315372467041,9.573869705200195
1700822995978817000,134.29081713867188,1.907621145248413,0.9536980390548706,9.571930885314941
1700822995988878000,134.30087817382812,1.919062852859497,0.9534758925437927,9.569664001464844
1700822995998687000,134.31068701171876,1.9208219051361084,0.9414531588554382,9.570502281188965
1700822996008785000,134.3207849121094,1.9007248878479004,0.9186732172966003,9.576725959777832
1700822996019018000,134.33101806640624,1.8725954294204712,0.8986948132514954,9.584160804748535
1700822996028796000,134.3407958984375,1.836991548538208,0.8908841609954834,9.591775894165039
1700822996038667000,134.3506669921875,1.8763848543167114,0.9172387719154358,9.581661224365234
1700822996048732000,134.36073193359374,1.9089763164520264,0.9424354434013367,9.572774887084961
1700822996059069000,134.37106884765626,1.943483591079712,0.9648545384407043,9.563593864440918
1700822996068669000,134.3806689453125,1.9876518249511719,0.9871510863304138,9.55223274230957
1700822996078797000,134.39079711914061,2.0281617641448975,1.0045090913772583,9.541903495788574
1700822996088801000,134.40080102539062,2.0710089206695557,1.0198460817337036,9.53106689453125
1700822996098702000,134.4107021484375,2.111759662628174,1.0312179327011108,9.520895957946777
1700822996109572000,134.42157202148437,2.3545188903808594,0.9669947624206543,9.470562934875488
1700822996118971000,134.43097094726562,2.5009477138519287,0.9120116829872131,9.438426971435547
1700822996128835000,134.4408349609375,2.5776288509368896,0.8776996731758118,9.421032905578613
1700822996138832000,134.45083178710937,2.633483648300171,0.8582924008369446,9.407362937927246
1700822996148825000,134.4608251953125,2.6895182132720947,0.8485159277915955,9.392385482788086
1700822996159095000,134.47109497070312,2.741309404373169,0.8495739102363586,9.377305030822754
1700822996169125000,134.481125,2.784714698791504,0.8583744764328003,9.363704681396484
1700822996178830000,134.490830078125,2.81613826751709,0.8710376024246216,9.353130340576172
1700822996189179000,134.50117895507813,2.8332457542419434,0.885385274887085,9.346614837646484
1700822996198876000,134.5108759765625,2.8408331871032715,0.8916752934455872,9.343711853027344
1700822996209207000,134.52120703125,2.844327211380005,0.8961533308029175,9.342220306396484
1700822996218702000,134.5307021484375,2.8466532230377197,0.898716151714325,9.341267585754395
1700822996228818000,134.54081787109374,2.8487343788146973,0.9016367197036743,9.340352058410645
1700822996238834000,134.550833984375,2.8505802154541016,0.9071592688560486,9.339253425598145
1700822996248901000,134.56090112304688,2.8493540287017822,0.9154881238937378,9.338814735412598
1700822996259214000,134.57121411132812,2.843658924102783,0.9250187873840332,9.339611053466797
1700822996268796000,134.5807958984375,2.8360683917999268,0.9341060519218445,9.341015815734863
1700822996278862000,134.59086206054687,2.8292877674102783,0.9426566958427429,9.342212677001953
1700822996289356000,134.60135595703125,2.8229548931121826,0.9518716931343079,9.343194007873535
1700822996298686000,134.61068603515625,2.8169331550598145,0.9614476561546326,9.344030380249023
1700822996308739000,134.62073901367188,2.8106913566589355,0.9726757407188416,9.344748497009277
1700822996318828000,134.630828125,2.8001441955566406,0.9832742810249329,9.346805572509766
1700822996329092000,134.6410920410156,2.775998592376709,0.9908905625343323,9.353201866149902
1700822996338992000,134.6509921875,2.7529942989349365,0.9947636127471924,9.359585762023926
1700822996348696000,134.66069604492188,2.725412607192993,0.9934574961662292,9.36779499053955
1700822996358841000,134.67084106445313,2.7003278732299805,0.9895961880683899,9.37546443939209
1700822996368798000,134.6807978515625,2.703223705291748,1.0175433158874512,9.371637344360352
1700822996379632000,134.69163208007814,2.691877841949463,1.05367112159729,9.370909690856934
1700822996388696000,134.70069604492187,2.670694589614868,1.0838721990585327,9.373528480529785
1700822996398791000,134.710791015625,2.6466662883758545,1.114358901977539,9.3767671585083
1700822996408774000,134.72077392578126,2.629490375518799,1.1246905326843262,9.380365371704102
1700822996418823000,134.73082299804688,2.6140408515930176,1.1233470439910889,9.384842872619629
1700822996428693000,134.74069287109376,2.599540948867798,1.1141233444213867,9.389968872070312
1700822996438747000,134.75074682617188,2.5926003456115723,1.102347493171692,9.393277168273926
1700822996448815000,134.76081518554687,2.5767030715942383,1.099840760231018,9.397943496704102
1700822996458821000,134.7708210449219,2.5548908710479736,1.1181994676589966,9.401732444763184
1700822996468810000,134.78081005859374,2.51699161529541,1.1220835447311401,9.411486625671387
1700822996478818000,134.79081811523437,2.4765398502349854,1.1363129615783691,9.42050552368164
1700822996489197000,134.80119702148437,2.433967351913452,1.1564011573791504,9.429153442382812
1700822996498709000,134.810708984375,2.3981528282165527,1.1557512283325195,9.43840503692627
1700822996508911000,134.8209111328125,2.361537218093872,1.1553709506988525,9.447680473327637
1700822996518818000,134.83081811523436,2.3277945518493652,1.1558120250701904,9.455995559692383
1700822996528949000,134.84094897460938,2.2916181087493896,1.1569584608078003,9.464689254760742
1700822996538818000,134.85081811523438,2.255150556564331,1.1582564115524292,9.473284721374512
1700822996548791000,134.860791015625,2.2175986766815186,1.1593036651611328,9.482017517089844
1700822996558835000,134.8708349609375,2.181572914123535,1.1603785753250122,9.490240097045898
1700822996568817000,134.88081689453125,2.145341396331787,1.1601479053497314,9.498523712158203
1700822996578844000,134.89084399414062,2.092302083969116,1.2747337818145752,9.495670318603516
1700822996589109000,134.90110888671876,2.065331220626831,1.3243366479873657,9.49478530883789
1700822996598834000,134.910833984375,2.043524742126465,1.3437594175338745,9.496773719787598
1700822996608809000,134.92080908203124,2.019885301589966,1.3499623537063599,9.50094985961914
1700822996618870000,134.9308701171875,1.994178056716919,1.3454936742782593,9.507013320922852
1700822996628843000,134.94084301757812,1.9673420190811157,1.3340964317321777,9.514206886291504
1700822996639124000,134.9511240234375,1.947224497795105,1.324883222579956,9.519631385803223
1700822996649277000,134.96127685546875,1.928911805152893,1.316107153892517,9.524576187133789
1700822996658879000,134.97087890625,1.9151772260665894,1.3105738162994385,9.52811050415039
1700822996671219000,134.98321899414063,1.9078388214111328,1.3083932399749756,9.52988338470459
1700822996688823000,135.00082299804689,1.9050933122634888,1.3100050687789917,9.5302095413208
1700822996699504000,135.01150415039064,1.907128095626831,1.3118232488632202,9.529552459716797
1700822996708770000,135.02077001953126,1.9135855436325073,1.3141087293624878,9.527942657470703
1700822996718778000,135.03077807617188,1.9271929264068604,1.3187751770019531,9.524555206298828
1700822996728657000,135.04065698242186,1.9477900266647339,1.3271023035049438,9.519207000732422
1700822996738669000,135.0506689453125,1.9702012538909912,1.3377753496170044,9.513099670410156
1700822996748902000,135.06090185546876,1.988661289215088,1.349249243736267,9.507637977600098
1700822996758688000,135.07068798828124,2.000722646713257,1.3604846000671387,9.503503799438477
1700822996768707000,135.08070703125,2.0371756553649902,1.3276511430740356,9.500404357910156
1700822996778633000,135.09063305664063,2.0953409671783447,1.2466806173324585,9.498723030090332
1700822996788694000,135.10069409179687,2.148723602294922,1.1483014822006226,9.499199867248535
1700822996798799000,135.11079907226562,2.1766586303710938,1.0839543342590332,9.500399589538574
1700822996808746000,135.12074609375,2.187598705291748,1.0451879501342773,9.50223159790039
1700822996818780000,135.13077978515625,2.180112838745117,1.0121937990188599,9.507522583007812
1700822996828752000,135.140751953125,2.137991428375244,0.9777902960777283,9.520678520202637
1700822996838658000,135.15065795898437,2.065805673599243,0.9516241550445557,9.539247512817383
1700822996848784000,135.16078393554687,2.0010933876037598,0.9368497729301453,9.55449390411377
1700822996858906000,135.17090600585936,1.9884473085403442,0.93318772315979,9.557491302490234
1700822996868841000,135.18084106445312,1.9772979021072388,0.9288289546966553,9.56022834777832
1700822996879069000,135.19106884765625,1.9685242176055908,0.9238240122795105,9.562524795532227
1700822996889052000,135.20105200195312,1.9618918895721436,0.9186752438545227,9.564382553100586
1700822996898904000,135.21090405273438,1.9564763307571411,0.9132707715034485,9.566010475158691
1700822996908805000,135.22080517578124,1.9526102542877197,0.9080331325531006,9.567296981811523
1700822996918770000,135.23077001953126,1.9515169858932495,0.9018845558166504,9.56810188293457
1700822996928775000,135.24077490234376,1.9555083513259888,0.8964707255363464,9.56779670715332
1700822996938772000,135.25077197265625,1.9646780490875244,0.8940914273262024,9.566140174865723
1700822996948788000,135.2607880859375,1.9768080711364746,0.896103024482727,9.56345272064209
1700822996958698000,135.27069799804687,1.991106629371643,0.9025526642799377,9.559879302978516
1700822996968787000,135.28078686523438,2.006868839263916,0.9090984463691711,9.555962562561035
1700822996979027000,135.29102685546874,2.02543306350708,0.9153101444244385,9.551451683044434
1700822996988797000,135.300796875,2.0414979457855225,0.9196341633796692,9.547615051269531
1700822996998825000,135.31082495117187,2.0518085956573486,0.9213757514953613,9.545236587524414
1700822997008831000,135.3208310546875,2.0545976161956787,0.9206114411354065,9.54471206665039
1700822997018839000,135.33083911132812,2.0554537773132324,0.9186267256736755,9.544716835021973
1700822997028813000,135.34081298828124,2.058593511581421,0.9163798093795776,9.544256210327148
1700822997038845000,135.35084497070312,2.065178632736206,0.9143509268760681,9.543028831481934
1700822997048804000,135.36080419921876,2.074052333831787,0.9125146865844727,9.541280746459961
1700822997058881000,135.37088110351561,2.082491159439087,0.9108496904373169,9.539599418640137
1700822997068884000,135.38088403320313,2.0887837409973145,0.9089654684066772,9.538403511047363
1700822997078846000,135.39084594726563,2.0925707817077637,0.9078902006149292,9.537676811218262
1700822997088878000,135.40087817382812,2.0973925590515137,0.9077756404876709,9.536628723144531
1700822997098794000,135.4107939453125,2.1008615493774414,0.9099804759025574,9.535655975341797
1700822997108783000,135.420783203125,2.1005613803863525,0.9138967990875244,9.535346984863281
1700822997118797000,135.43079711914064,2.098280191421509,0.9167816638946533,9.535572052001953
1700822997128715000,135.44071508789062,2.0959341526031494,0.9167448282241821,9.536090850830078
1700822997138821000,135.45082104492187,2.093791961669922,0.9141440391540527,9.536812782287598
1700822997148794000,135.4607941894531,2.0906193256378174,0.9110875725746155,9.537798881530762
1700822997158792000,135.4707919921875,2.0858917236328125,0.910143256187439,9.538926124572754
1700822997168671000,135.4806708984375,2.0796637535095215,0.9122621417045593,9.540082931518555
1700822997178842000,135.4908420410156,2.0728204250335693,0.9169061779975891,9.54112720489502
1700822997188818000,135.50081787109374,2.0644125938415527,0.9213842153549194,9.542516708374023
1700822997198710000,135.5107099609375,2.053706407546997,0.924595296382904,9.544517517089844
1700822997208697000,135.52069702148438,2.0440471172332764,0.9257047176361084,9.546483039855957
1700822997218851000,135.53085107421876,2.0335841178894043,0.9257575869560242,9.548712730407715
1700822997228824000,135.54082397460937,2.020735740661621,0.925299346446991,9.551484107971191
1700822997238902000,135.55090209960937,2.0060341358184814,0.9230828285217285,9.554797172546387
1700822997248903000,135.56090283203125,1.989748239517212,0.9178098440170288,9.558710098266602
1700822997258763000,135.57076293945312,1.9718577861785889,0.9084802865982056,9.56330680847168
1700822997268781000,135.58078100585936,1.9580591917037964,0.8986194133758545,9.567072868347168
1700822997278759000,135.5907590332031,1.9507617950439453,0.8937780857086182,9.569016456604004
1700822997288893000,135.60089282226562,1.944541335105896,0.8938672542572021,9.57027530670166
1700822997298787000,135.610787109375,1.9343714714050293,0.8979007601737976,9.571958541870117
1700822997308751000,135.6207512207031,1.9187602996826172,0.9061585664749146,9.574322700500488
1700822997318787000,135.630787109375,1.903725266456604,0.9180980324745178,9.57618522644043
1700822997328791000,135.640791015625,1.8932474851608276,0.929478108882904,9.577164649963379
1700822997339026000,135.65102587890624,1.8862138986587524,0.940450131893158,9.577481269836426
1700822997349064000,135.66106396484375,1.8807460069656372,0.9493486285209656,9.577678680419922
1700822997358715000,135.67071484375,1.8755849599838257,0.9545590281486511,9.57817268371582
1700822997368807000,135.68080688476562,1.8696280717849731,0.9489175081253052,9.5798978805542
1700822997378812000,135.69081201171875,1.8638018369674683,0.9425932765007019,9.581657409667969
1700822997388806000,135.70080590820314,1.8563488721847534,0.9403189420700073,9.583327293395996
1700822997398940000,135.71093994140625,1.8426748514175415,0.9322034120559692,9.586759567260742
1700822997408769000,135.72076904296875,1.8270515203475952,0.9232447147369385,9.590615272521973
1700822997418829000,135.7308291015625,1.81071937084198,0.9113380312919617,9.594850540161133
1700822997428799000,135.74079907226562,1.793821096420288,0.9010756015777588,9.598993301391602
1700822997439117000,135.75111694335936,1.7780039310455322,0.8944427371025085,9.602556228637695
1700822997448801000,135.76080102539063,1.763588547706604,0.8903215527534485,9.605596542358398
1700822997458783000,135.77078295898437,1.7501736879348755,0.8819760084152222,9.608819961547852
1700822997468925000,135.78092504882812,1.7389453649520874,0.8657807111740112,9.612329483032227
1700822997479162000,135.791162109375,1.7310911417007446,0.8485685586929321,9.61528205871582
1700822997488969000,135.80096899414062,1.7279248237609863,0.8421922922134399,9.616411209106445
1700822997498871000,135.81087109375,1.7260686159133911,0.8348670601844788,9.617384910583496
1700822997508841000,135.82084106445313,1.7141032218933105,0.8277859091758728,9.620135307312012
1700822997518866000,135.83086596679686,1.6923223733901978,0.8203639388084412,9.624626159667969
1700822997528856000,135.84085595703124,1.6700910329818726,0.8010852336883545,9.630132675170898
1700822997538872000,135.8508720703125,1.647832989692688,0.7776055335998535,9.635890007019043
1700822997548760000,135.8607600097656,1.6317673921585083,0.7525900602340698,9.640609741210938
1700822997558900000,135.87089990234375,1.6204966306686401,0.7295385599136353,9.644280433654785
1700822997568768000,135.88076806640626,1.60801100730896,0.7103034257888794,9.647807121276855
1700822997578894000,135.89089404296874,1.5928022861480713,0.6952569484710693,9.651424407958984
1700822997588889000,135.90088916015625,1.5758315324783325,0.6812751889228821,9.655206680297852
1700822997598889000,135.91088891601564,1.559187889099121,0.669158935546875,9.6587553024292
1700822997608774000,135.92077392578125,1.5542837381362915,0.6683704257011414,9.659600257873535
1700822997618817000,135.93081713867187,1.5644997358322144,0.676274299621582,9.657401084899902
1700822997628797000,135.940796875,1.582463264465332,0.6872445940971375,9.65369701385498
1700822997639402000,135.95140209960937,1.5988473892211914,0.6972112655639648,9.650283813476562
1700822997648812000,135.96081201171876,1.605787754058838,0.6878308653831482,9.649805068969727
1700822997658845000,135.97084497070313,1.615282416343689,0.6788093447685242,9.648858070373535
1700822997668786000,135.98078588867187,1.626700520515442,0.6715911030769348,9.647444725036621
1700822997679117000,135.99111694335937,1.678009271621704,0.8883037567138672,9.621102333068848
1700822997688748000,136.000748046875,1.695288896560669,1.001247763633728,9.606971740722656
1700822997698772000,136.01077197265624,1.705557107925415,1.0529744625091553,9.599620819091797
1700822997708737000,136.02073706054688,1.716161847114563,1.0788357257843018,9.594858169555664
1700822997718854000,136.03085400390626,1.7233144044876099,1.0858397483825684,9.592784881591797
1700822997728857000,136.04085717773438,1.7350460290908813,1.0737948417663574,9.592025756835938
1700822997738811000,136.05081079101564,1.7666590213775635,0.9936951398849487,9.594888687133789
1700822997748807000,136.0608068847656,1.8070435523986816,0.8202552199363708,9.60375690460205
1700822997758809000,136.07080908203125,1.8378608226776123,0.6726379990577698,9.609382629394531
1700822997768807000,136.08080688476562,1.87565016746521,0.5788052678108215,9.608189582824707
1700822997779005000,136.0910048828125,1.8741285800933838,0.5788441300392151,9.608484268188477
1700822997788729000,136.10072900390625,1.8751965761184692,0.5825111269950867,9.608054161071777
1700822997798771000,136.11077099609375,1.878295660018921,0.5878817439079285,9.607122421264648
1700822997808846000,136.12084619140626,1.88480544090271,0.5935539603233337,9.605500221252441
1700822997818623000,136.130623046875,1.8944419622421265,0.5996394157409668,9.60322380065918
1700822997828908000,136.14090795898437,1.9052090644836426,0.6062511801719666,9.600678443908691
1700822997838905000,136.15090502929687,1.9139926433563232,0.6120479106903076,9.598564147949219
1700822997848749000,136.1607490234375,1.9175313711166382,0.617263913154602,9.597521781921387
1700822997858652000,136.17065185546875,1.9191575050354004,0.6213836073875427,9.596933364868164
1700822997868766000,136.18076586914063,1.9263211488723755,0.6251403093338013,9.595252990722656
1700822997878774000,136.19077392578126,1.93890380859375,0.6259072422981262,9.592669486999512
1700822997888903000,136.20090283203126,1.950459599494934,0.6226751208305359,9.590536117553711
1700822997898756000,136.21075610351562,1.9517896175384521,0.6189914345741272,9.590503692626953
1700822997908781000,136.22078100585938,1.9429303407669067,0.6145274639129639,9.59259033203125
1700822997918799000,136.23079907226563,1.931389570236206,0.6087634563446045,9.595287322998047
1700822997928797000,136.240796875,1.9285180568695068,0.6050304174423218,9.596101760864258
1700822997938908000,136.25090795898439,1.9371377229690552,0.6054431200027466,9.594339370727539
1700822997948949000,136.26094897460936,1.953160285949707,0.6082190275192261,9.590912818908691
1700822997958804000,136.27080395507812,1.9715020656585693,0.6118123531341553,9.586932182312012
1700822997968840000,136.28083984375,1.9917893409729004,0.6158610582351685,9.582478523254395
1700822997978845000,136.29084497070312,2.0094947814941406,0.6178448796272278,9.578652381896973
1700822997989066000,136.30106591796874,2.019774913787842,0.6165323853492737,9.57657527923584
1700822997998835000,136.3108349609375,2.020658016204834,0.6143971085548401,9.576526641845703
1700822998008803000,136.32080297851562,2.0134196281433105,0.6115797162055969,9.578229904174805
1700822998018801000,136.33080078125,1.9997254610061646,0.6073129773139954,9.58137035369873
1700822998028800000,136.34080004882813,1.9970210790634155,0.6041957139968872,9.582132339477539
1700822998038951000,136.35095092773437,2.0010433197021484,0.5973094701766968,9.581725120544434
1700822998048937000,136.36093701171876,2.01613187789917,0.5881286859512329,9.57912826538086
1700822998058822000,136.37082177734376,2.036247968673706,0.5838274955749512,9.575135231018066
1700822998068804000,136.38080419921874,2.0640268325805664,0.5834899544715881,9.569208145141602
1700822998079054000,136.39105419921876,2.0939266681671143,0.5842527151107788,9.562663078308105
1700822998089573000,136.40157299804687,2.1142659187316895,0.5879158973693848,9.557961463928223
1700822998099131000,136.411130859375,2.1181135177612305,0.5924266576766968,9.556831359863281
1700822998109122000,136.4211220703125,2.1043317317962646,0.597686767578125,9.559548377990723
1700822998118695000,136.43069482421876,2.081958532333374,0.600184440612793,9.564289093017578
1700822998129138000,136.4411379394531,2.0591719150543213,0.5990607142448425,9.569290161132812
1700822998138865000,136.45086499023438,2.045334577560425,0.594294548034668,9.572554588317871
1700822998148808000,136.46080786132814,2.0390079021453857,0.5875287055969238,9.574322700500488
1700822998158929000,136.47092895507814,2.0354671478271484,0.58100426197052,9.575472831726074
1700822998168785000,136.48078491210939,2.028855562210083,0.5782464742660522,9.577044486999512
1700822998178818000,136.49081811523436,2.0142621994018555,0.5796869993209839,9.580036163330078
1700822998188847000,136.50084716796874,1.9971336126327515,0.5848331451416016,9.583309173583984
1700822998198826000,136.51082592773437,1.9930273294448853,0.5914222002029419,9.583760261535645
1700822998208887000,136.52088696289061,1.9067723751068115,0.5359431505203247,9.604549407958984
1700822998218901000,136.53090087890624,1.9282591342926025,0.5326911807060242,9.600440979003906
1700822998229072000,136.54107177734375,1.9457495212554932,0.5226525664329529,9.597461700439453
1700822998239034000,136.5510341796875,1.9532287120819092,0.5094423890113831,9.596652030944824
1700822998253655000,136.56565502929686,1.9510785341262817,0.5003253221511841,9.59757137298584
1700822998268792000,136.5807919921875,1.9179364442825317,0.49304306507110596,9.604625701904297
1700822998278670000,136.59067016601563,1.8825322389602661,0.4950380325317383,9.611526489257812
1700822998288759000,136.60075903320313,1.8442606925964355,0.4974941909313202,9.618815422058105
1700822998298839000,136.61083911132812,1.8136132955551147,0.4978346824645996,9.624621391296387
1700822998308830000,136.62082983398437,1.7970731258392334,0.4952388107776642,9.627859115600586
1700822998318840000,136.63084008789062,1.7967733144760132,0.49032387137413025,9.628165245056152
1700822998328836000,136.64083618164062,1.8062909841537476,0.4835904538631439,9.626725196838379
1700822998338727000,136.65072680664062,1.811607003211975,0.4777081310749054,9.626021385192871
1700822998348861000,136.66086083984376,1.8068512678146362,0.47181057929992676,9.627206802368164
1700822998358877000,136.670876953125,1.7927252054214478,0.4682619571685791,9.63001823425293
1700822998368768000,136.68076806640624,1.776460886001587,0.46903878450393677,9.63299560546875
1700822998378752000,136.690751953125,1.7675644159317017,0.4739876389503479,9.634389877319336
1700822998388747000,136.7007470703125,1.769616961479187,0.4797030985355377,9.633728981018066
1700822998398892000,136.71089208984375,1.7554025650024414,0.5942439436912537,9.629944801330566
1700822998408703000,136.72070288085936,1.746260643005371,0.6173153519630432,9.630154609680176
1700822998418877000,136.730876953125,1.726887583732605,0.6130836606025696,9.633917808532715
1700822998428847000,136.74084716796875,1.6913970708847046,0.5903025269508362,9.641633987426758
1700822998438846000,136.75084594726562,1.6590619087219238,0.5820245146751404,9.64775276184082
1700822998448904000,136.76090405273436,1.6317399740219116,0.5708940625190735,9.653077125549316
1700822998458726000,136.77072583007813,1.6139438152313232,0.55903559923172,9.65676212310791
1700822998469346000,136.78134594726563,1.6029683351516724,0.5474851131439209,9.659252166748047
1700822998478859000,136.79085888671875,1.5938783884048462,0.5378758907318115,9.661296844482422
1700822998488837000,136.80083715820314,1.8176547288894653,0.6446791291236877,9.615139961242676
1700822998499047000,136.811046875,1.911428689956665,0.6851920485496521,9.594130516052246
1700822998509071000,136.82107104492187,1.8600869178771973,0.6833420395851135,9.604348182678223
1700822998518901000,136.83090087890625,1.8099077939987183,0.682120680809021,9.614018440246582
1700822998529224000,136.84122387695314,1.7783710956573486,0.6807131767272949,9.620001792907715
1700822998538726000,136.85072583007812,1.7646137475967407,0.6773363947868347,9.622772216796875
1700822998549049000,136.86104907226562,1.7588547468185425,0.669715940952301,9.624360084533691
1700822998558738000,136.87073803710936,1.7569328546524048,0.6580220460891724,9.625517845153809
1700822998568804000,136.88080419921874,1.7574647665023804,0.6444628834724426,9.626338958740234
1700822998578738000,136.89073803710937,1.7579904794692993,0.6318924427032471,9.627076148986816
1700822998589076000,136.90107592773438,1.7585899829864502,0.6239894032478333,9.627481460571289
1700822998598879000,136.91087890625,1.7603932619094849,0.6223273277282715,9.62725830078125
1700822998608849000,136.92084887695313,1.7640411853790283,0.6245940923690796,9.626444816589355
1700822998618895000,136.93089501953125,1.7651716470718384,0.6258151531219482,9.626157760620117
1700822998628701000,136.94070092773438,1.7158145904541016,0.683928906917572,9.631128311157227
1700822998638917000,136.95091723632814,1.6852794885635376,0.6905468702316284,9.6360445022583
1700822998649008000,136.96100805664062,1.6758263111114502,0.6823267340660095,9.638280868530273
1700822998658842000,136.97084204101563,1.6812162399291992,0.6733753681182861,9.637969017028809
1700822998668862000,136.98086206054688,1.7017171382904053,0.6613733768463135,9.635202407836914
1700822998678881000,136.99088110351562,1.7320398092269897,0.6448901295661926,9.630918502807617
1700822998689021000,137.00102099609376,1.7541207075119019,0.6284767985343933,9.62800407409668
1700822998698993000,137.01099291992188,1.7626941204071045,0.613460123538971,9.627408981323242
1700822998708765000,137.02076489257811,1.7573329210281372,0.5990917086601257,9.629293441772461
1700822998718770000,137.03077001953125,1.7018890380859375,0.5719327330589294,9.640896797180176
1700822998728806000,137.0408059082031,1.685581088066101,0.5637497305870056,9.644241333007812
1700822998738728000,137.05072802734375,1.6670058965682983,0.5539298057556152,9.648038864135742
1700822998748675000,137.06067504882813,1.6542553901672363,0.5440136790275574,9.650798797607422
1700822998758703000,137.070703125,1.649214744567871,0.5333589911460876,9.65225601196289
1700822998768863000,137.08086303710937,1.6517828702926636,0.5233204364776611,9.652364730834961
1700822998778702000,137.0907021484375,1.657884120941162,0.5141676664352417,9.651810646057129
1700822998788839000,137.1008388671875,1.6625901460647583,0.5051084756851196,9.651480674743652
1700822998798709000,137.110708984375,1.67808198928833,0.49801498651504517,9.649168014526367
1700822998808801000,137.12080102539062,1.5111629962921143,0.44023793935775757,9.679512977600098
1700822998818861000,137.13086108398437,1.4967966079711914,0.4369204640388489,9.681894302368164
1700822998828764000,137.14076391601563,1.4752751588821411,0.4362356960773468,9.685229301452637
1700822998838630000,137.1506298828125,1.4501290321350098,0.4350052773952484,9.689080238342285
1700822998848872000,137.16087182617187,1.4261925220489502,0.4290121793746948,9.692899703979492
1700822998858651000,137.17065087890626,1.404503583908081,0.41673168540000916,9.696602821350098
1700822998869166000,137.181166015625,1.3845906257629395,0.40020811557769775,9.700161933898926
1700822998878640000,137.19064013671874,1.3627116680145264,0.38282325863838196,9.703962326049805
1700822998888760000,137.20076000976562,1.3398395776748657,0.36752018332481384,9.707737922668457
1700822998898818000,137.2108181152344,1.3296754360198975,0.33934447169303894,9.710159301757812
1700822998908660000,137.22065991210937,1.3032736778259277,0.31828269362449646,9.71445083618164
1700822998919312000,137.23131176757812,1.2781015634536743,0.29697832465171814,9.718470573425293
1700822998928864000,137.24086401367188,1.2652485370635986,0.2721419930458069,9.720878601074219
1700822998938860000,137.2508601074219,1.257469654083252,0.244023859500885,9.722633361816406
1700822998948690000,137.26068994140624,1.2356071472167969,0.21253100037574768,9.726177215576172
1700822998958683000,137.2706828613281,1.2051266431808472,0.18459230661392212,9.730569839477539
1700822998968784000,137.28078393554688,1.1816948652267456,0.16975772380828857,9.733715057373047
1700822998978804000,137.29080395507813,1.166825771331787,0.15736615657806396,9.735715866088867
1700822998988767000,137.30076708984376,1.1487959623336792,0.1467798799276352,9.738022804260254
1700822998998793000,137.31079296875,1.130751132965088,0.13604922592639923,9.740290641784668
1700822999008840000,137.32083984375,1.1130062341690063,0.12678572535514832,9.742461204528809
1700822999018845000,137.3308449707031,1.0939382314682007,0.12188918143510818,9.744684219360352
1700822999028952000,137.3409521484375,1.0794848203659058,0.12058394402265549,9.746312141418457
1700822999038963000,137.350962890625,1.0737473964691162,0.12337708473205566,9.746909141540527
1700822999048793000,137.36079296875,1.0734004974365234,0.12874825298786163,9.74687671661377
1700822999059104000,137.37110400390625,1.0727654695510864,0.1373535841703415,9.746829986572266
1700822999069086000,137.3810859375,1.0736764669418335,0.14714315533638,9.746587753295898
1700822999078676000,137.39067602539063,1.0764286518096924,0.1565156728029251,9.746138572692871
1700822999088760000,137.40076000976563,1.0803654193878174,0.16621582210063934,9.7455415725708
1700822999098875000,137.410875,1.0822224617004395,0.1783367544412613,9.745121955871582
1700822999108787000,137.42078686523436,1.0796849727630615,0.19829437136650085,9.745018005371094
1700822999118870000,137.4308701171875,1.0845508575439453,0.2038312554359436,9.744361877441406
1700822999128819000,137.44081884765626,1.0909438133239746,0.20982874929904938,9.743521690368652
1700822999138852000,137.45085205078124,1.09698486328125,0.218573197722435,9.742650985717773
1700822999148908000,137.46090795898436,1.1037225723266602,0.22899609804153442,9.741650581359863
1700822999158724000,137.47072412109375,1.111942172050476,0.2382403165102005,9.740493774414062
1700822999168914000,137.48091381835937,1.123421311378479,0.24616672098636627,9.73897933959961
1700822999178988000,137.4909880371094,1.1382473707199097,0.252634733915329,9.737092018127441
1700822999188903000,137.50090283203124,1.153405785560608,0.25745296478271484,9.735182762145996
1700822999198793000,137.51079296875,1.1707707643508911,0.2600415050983429,9.733039855957031
1700822999209239000,137.52123901367187,1.1898311376571655,0.2600552439689636,9.730728149414062
1700822999219033000,137.531033203125,1.209251880645752,0.258075475692749,9.728386878967285
1700822999228822000,137.5408220214844,1.2278300523757935,0.2560834288597107,9.72611141204834
1700822999238846000,137.55084594726563,1.2402347326278687,0.2570519745349884,9.72451114654541
1700822999248881000,137.560880859375,1.2503838539123535,0.25897154211997986,9.723161697387695
1700822999258846000,137.57084594726564,1.261282205581665,0.26221272349357605,9.72166633605957
1700822999269003000,137.5810029296875,1.2779791355133057,0.2669578790664673,9.71935749053955
1700822999278797000,137.59079711914063,1.3032515048980713,0.27320700883865356,9.715826034545898
1700822999288832000,137.60083203125,1.3327465057373047,0.2804369628429413,9.711618423461914
1700822999299043000,137.61104296875,1.365573763847351,0.2869625389575958,9.706866264343262
1700822999308967000,137.620966796875,1.3932032585144043,0.29060500860214233,9.702831268310547
1700822999318933000,137.63093310546876,1.4086837768554688,0.2902858555316925,9.700605392456055
1700822999328993000,137.64099291992187,1.416770577430725,0.28618690371513367,9.699548721313477
1700822999338697000,137.65069702148438,1.426210641860962,0.2805839478969574,9.698328971862793
1700822999348915000,137.6609150390625,1.4395474195480347,0.2709466516971588,9.696632385253906
1700822999358858000,137.67085791015626,1.449938416481018,0.2579682171344757,9.695439338684082
1700822999368819000,137.68081884765624,1.4574968814849854,0.24048341810703278,9.694754600524902
1700822999378711000,137.6907109375,1.4621917009353638,0.21689708530902863,9.694602966308594
1700822999388846000,137.70084619140624,1.4662220478057861,0.18971359729766846,9.694564819335938
1700822999398824000,137.71082397460938,1.4737370014190674,0.15540654957294464,9.694035530090332
1700822999408840000,137.72083984375,1.4858227968215942,0.11872194707393646,9.692710876464844
1700822999418953000,137.73095288085938,1.4985700845718384,0.08432663977146149,9.691107749938965
1700822999428836000,137.74083618164062,1.4880346059799194,0.06417465955018997,9.692885398864746
1700822999438814000,137.75081396484376,1.4630144834518433,0.05040624737739563,9.696775436401367
1700822999448706000,137.7607060546875,1.425368309020996,0.03588292375206947,9.702445030212402
1700822999458852000,137.77085205078126,1.373072862625122,0.017562253400683403,9.710033416748047
1700822999469544000,137.7815439453125,1.3122060298919678,-0.0003504208871163428,9.718461990356445
1700822999478795000,137.790794921875,1.2444851398468018,-0.020869769155979156,9.72734260559082
1700822999488964000,137.8009641113281,1.185737133026123,-0.0475996658205986,9.734585762023926
1700822999498788000,137.8107880859375,1.139602541923523,-0.07986702769994736,9.739883422851562
1700822999508830000,137.82082983398436,1.094886064529419,-0.10723375529050827,9.74474811553955
1700822999518878000,137.8308779296875,1.038627028465271,-0.12476065009832382,9.750696182250977
1700822999528676000,137.84067602539062,0.9743661284446716,-0.13929039239883423,9.75713062286377
1700822999538858000,137.85085791015624,0.9125319123268127,-0.15285977721214294,9.76290512084961
1700822999548768000,137.86076806640625,0.8352078795433044,-0.16426759958267212,9.769638061523438
1700822999559043000,137.87104296875,0.7414975762367249,-0.169624462723732,9.777106285095215
1700822999568892000,137.88089184570313,0.6406500339508057,-0.17049948871135712,9.784215927124023
1700822999578865000,137.89086499023438,0.5336951017379761,-0.17162615060806274,9.79061222076416
1700822999588871000,137.90087084960936,0.4393097162246704,-0.1746940165758133,9.795248031616211
1700822999598802000,137.91080200195313,0.3454056680202484,-0.1762637495994568,9.798980712890625
1700822999608829000,137.92082885742187,0.24853432178497314,-0.17440204322338104,9.801949501037598
1700822999618831000,137.9308310546875,0.14801263809204102,-0.17205284535884857,9.804024696350098
1700822999628838000,137.940837890625,0.0393470898270607,-0.17002427577972412,9.805096626281738
1700822999638869000,137.95086889648437,0.38955578207969666,-0.1739005297422409,9.797369003295898
1700822999648793000,137.96079296875,0.8500009179115295,-0.2196916788816452,9.767274856567383
1700822999658906000,137.97090600585938,1.2743299007415771,-0.27290332317352295,9.719669342041016
1700822999669523000,137.98152294921874,1.1721593141555786,-0.2668880224227905,9.732687950134277
1700822999678883000,137.99088305664063,1.0734835863113403,-0.25799599289894104,9.744303703308105
1700822999688906000,138.00090600585938,0.9754679799079895,-0.24918138980865479,9.75483226776123
1700822999698786000,138.0107861328125,0.8757029175758362,-0.24270138144493103,9.764456748962402
1700822999708796000,138.0207958984375,0.7649033069610596,-0.23829583823680878,9.773870468139648
1700822999718673000,138.0306728515625,0.6380585432052612,-0.23630671203136444,9.783019065856934
1700822999728750000,138.04075,0.5002788305282593,-0.23645196855068207,9.79102611541748
1700822999738711000,138.0507109375,0.3741498291492462,-0.23196692764759064,9.79676342010498
1700822999748788000,138.0607880859375,0.23018209636211395,-0.21564269065856934,9.8015775680542
1700822999758788000,138.0707880859375,0.07356821745634079,-0.19858166575431824,9.804363250732422
1700822999768768000,138.08076806640625,-0.08086217194795609,-0.17724107205867767,9.804716110229492
1700822999778694000,138.09069384765624,-0.23636078834533691,-0.15468086302280426,9.802581787109375
1700822999789218000,138.10121801757813,-0.42096155881881714,-0.13417057693004608,9.79669189453125
1700822999798791000,138.110791015625,-0.5919914841651917,-0.11546061187982559,9.7880859375
1700822999808732000,138.12073193359376,-0.7611421942710876,-0.08916179835796356,9.77666187286377
1700822999818718000,138.13071801757812,-0.9046698212623596,-0.0640413910150528,9.764623641967773
1700822999828825000,138.1408251953125,-1.0325772762298584,-0.04862988367676735,9.752016067504883
1700822999838750000,138.15075,-1.1544114351272583,-0.046998776495456696,9.738351821899414
1700822999848757000,138.16075708007813,-1.2685825824737549,-0.05902531370520592,9.72407341003418
1700822999858778000,138.17077807617187,-1.3707154989242554,-0.07738310098648071,9.71007251739502
1700822999868789000,138.1807890625,-1.4676005840301514,-0.09198445826768875,9.69577693939209
1700822999878660000,138.19066015625,-1.5757745504379272,-0.10128829628229141,9.678690910339355
1700822999888954000,138.2009541015625,-1.6676193475723267,-0.10317074507474899,9.663269996643066
1700822999898667000,138.2106669921875,-1.7439854145050049,-0.10057751089334488,9.649807929992676
1700822999908881000,138.220880859375,-1.8088691234588623,-0.09855682402849197,9.6378755569458
1700822999918706000,138.23070581054688,-1.8737627267837524,-0.10443857312202454,9.625410079956055
1700822999928670000,138.240669921875,-1.9321634769439697,-0.11970774829387665,9.613678932189941
1700822999938769000,138.25076879882812,-1.968264102935791,-0.14102233946323395,9.606062889099121
1700822999948791000,138.260791015625,-1.991294264793396,-0.1613265872001648,9.600994110107422
1700822999959047000,138.271046875,-2.032773733139038,-0.17439328134059906,9.592072486877441
1700822999968858000,138.28085815429688,-2.0880560874938965,-0.17539748549461365,9.580169677734375
1700822999978858000,138.29085791015626,-2.1334879398345947,-0.16337329149246216,9.570366859436035
1700822999988729000,138.30072900390624,-2.1854817867279053,-0.13926643133163452,9.559009552001953
1700822999998822000,138.31082177734376,-2.2795021533966064,-0.11836685240268707,9.537307739257812
1700823000010593000,138.32259301757813,-2.4075567722320557,-0.11405892670154572,9.505842208862305
1700823000018748000,138.33074780273438,-2.525940179824829,-0.11978314816951752,9.475003242492676
1700823000028816000,138.34081591796874,-2.603614330291748,-0.11976736783981323,9.45395565032959
1700823000039108000,138.35110815429687,-2.645463705062866,-0.10702624917030334,9.442480087280273
1700823000048944000,138.36094409179688,-2.6504859924316406,-0.07715396583080292,9.441365242004395
1700823000058896000,138.37089575195313,-2.6337201595306396,-0.04732903093099594,9.446249961853027
1700823000068740000,138.3807399902344,-2.6407973766326904,-0.026056524366140366,9.444358825683594
1700823000078759000,138.39075903320312,-2.7033026218414307,-0.027716275304555893,9.426651000976562
1700823000088779000,138.40077905273438,-2.8087692260742188,-0.051610067486763,9.395668029785156
1700823000098797000,138.41079711914062,-2.9156529903411865,-0.07842062413692474,9.362862586975098
1700823000108737000,138.42073706054688,-2.97939395904541,-0.0904112160205841,9.342666625976562
1700823000118869000,138.43086889648438,-2.97611141204834,-0.07851619273424149,9.343822479248047
1700823000128907000,138.44090698242186,-2.9098236560821533,-0.04525105655193329,9.364895820617676
1700823000138846000,138.45084594726563,-2.7989561557769775,-0.0031985037494450808,9.398734092712402
1700823000148787000,138.46078686523438,-2.690523862838745,0.03318067640066147,9.430292129516602
1700823000158881000,138.47088110351564,-2.6187312602996826,0.0551183708012104,9.4503755569458
1700823000168876000,138.4808759765625,-2.597646951675415,0.055214524269104004,9.456192970275879
1700823000178844000,138.49084399414062,-2.609952211380005,0.03061959519982338,9.452916145324707
1700823000188851000,138.50085083007812,-2.6232945919036865,-0.0008379121427424252,9.449271202087402
1700823000198849000,138.51084912109374,-2.625516891479492,-0.023461831733584404,9.448625564575195
1700823000208978000,138.52097802734374,-2.608921766281128,-0.029417525976896286,9.453202247619629
1700823000218875000,138.530875,-2.538205146789551,-0.01225011795759201,9.472474098205566
1700823000229024000,138.54102392578125,-2.4066193103790283,0.021815817803144455,9.50674057006836
1700823000238774000,138.55077392578124,-2.286076784133911,0.051734570413827896,9.536330223083496
1700823000248875000,138.560875,-2.179090738296509,0.07330197095870972,9.561203956604004
1700823000258896000,138.57089575195312,-2.1143834590911865,0.07210750132799149,9.575730323791504
1700823000269047000,138.58104711914064,-2.056640863418579,0.05667874962091446,9.588400840759277
1700823000278994000,138.59099389648438,-1.9680712223052979,0.045537471771240234,9.60702896118164
1700823000288885000,138.60088500976562,-1.8571078777313232,0.04244476556777954,9.629109382629395
1700823000298873000,138.610873046875,-1.7282769680023193,0.043261926621198654,9.653060913085938
1700823000308848000,138.62084814453124,-1.5889456272125244,0.04942483454942703,9.67694091796875
1700823000318872000,138.6308720703125,-1.474373459815979,0.0562128871679306,9.695022583007812
1700823000328859000,138.64085888671875,-1.3499643802642822,0.0608539916574955,9.71309757232666
1700823000338720000,138.65071997070314,-1.2339222431182861,0.06039777025580406,9.728524208068848
1700823000348877000,138.660876953125,-1.1337859630584717,0.05695025995373726,9.74072265625
1700823000358882000,138.67088208007812,-1.0408984422683716,0.05134732648730278,9.751117706298828
1700823000368873000,138.680873046875,-0.9388877153396606,0.059490300714969635,9.761420249938965
1700823000378994000,138.69099389648437,-0.8121978640556335,0.07564356178045273,9.772665023803711
1700823000388873000,138.700873046875,-0.6775678396224976,0.0940878614783287,9.78276252746582
1700823000398950000,138.71094995117187,-0.5463982224464417,0.10972177237272263,9.790801048278809
1700823000408901000,138.72090112304687,-0.4305740296840668,0.11605214327573776,9.796506881713867
1700823000418900000,138.73089990234374,-0.32777532935142517,0.11411299556493759,9.800506591796875
1700823000428960000,138.7409599609375,-0.22585107386112213,0.11261808127164841,9.803401947021484
1700823000438931000,138.75093090820312,-0.1249661073088646,0.12271832674741745,9.80508804321289
1700823000448848000,138.76084790039062,-0.020808979868888855,0.14248481392860413,9.805593490600586
1700823000461999000,138.7739990234375,0.08400339633226395,0.1624336689710617,9.804945945739746
1700823000478897000,138.79089697265624,0.26431146264076233,0.1854182332754135,9.801335334777832
1700823000488918000,138.80091796875,0.3585667610168457,0.1935255527496338,9.798184394836426
1700823000498705000,138.81070483398437,0.45141690969467163,0.19857202470302582,9.794241905212402
1700823000508796000,138.8207958984375,0.5468611717224121,0.19890783727169037,9.7893705368042
1700823000518890000,138.8308898925781,0.6365349888801575,0.19633302092552185,9.784001350402832
1700823000528853000,138.84085302734374,0.7112395167350769,0.19164222478866577,9.778946876525879
1700823000538850000,138.85085009765626,0.7700143456459045,0.1862923949956894,9.774598121643066
1700823000548871000,138.86087084960937,0.8203896284103394,0.18143881857395172,9.770590782165527
1700823000558850000,138.87085009765624,0.8645721673965454,0.17573241889476776,9.766883850097656
1700823000568929000,138.88092895507813,0.9043591022491455,0.1665019392967224,9.763442993164062
1700823000578890000,138.89088989257812,0.940392255783081,0.15652181208133698,9.760204315185547
1700823000588889000,138.90088916015625,0.9690271019935608,0.145326167345047,9.757574081420898
1700823000599108000,138.91110815429687,0.9874655604362488,0.13281770050525665,9.755905151367188
1700823000608778000,138.92077807617187,0.996310830116272,0.11831571161746979,9.755192756652832
1700823000618658000,138.93065795898437,0.9900315999984741,0.10269816219806671,9.756007194519043
1700823000628684000,138.94068408203125,0.9750082492828369,0.08820698410272598,9.75766372680664
1700823000638696000,138.95069604492187,0.9607406258583069,0.07094517350196838,9.759218215942383
1700823000648831000,138.9608310546875,0.9382108449935913,0.0448436439037323,9.761565208435059
1700823000658648000,138.97064794921874,0.9008011221885681,0.01073386799544096,9.76518440246582
1700823000668742000,138.98074194335936,0.8573299646377563,-0.02296060509979725,9.76907730102539
1700823000678939000,138.99093896484376,0.7751394510269165,-0.055927932262420654,9.775809288024902
1700823000689086000,139.0010859375,0.6678703427314758,-0.08775924146175385,9.783488273620605
1700823000699044000,139.01104418945312,0.5565665364265442,-0.11441139131784439,9.790176391601562
1700823000708761000,139.02076098632813,0.44372227787971497,-0.13435381650924683,9.795685768127441
1700823000718688000,139.03068798828124,0.34916064143180847,-0.14657996594905853,9.799336433410645
1700823000728773000,139.04077319335937,0.2586638033390045,-0.15867753326892853,9.801953315734863
1700823000738638000,139.05063818359375,0.17518822848796844,-0.1757078617811203,9.803511619567871
1700823000748769000,139.06076904296876,0.08247370272874832,-0.20142507553100586,9.804234504699707
1700823000758689000,139.07068896484375,-0.025226211175322533,-0.2369844615459442,9.803755760192871
1700823000768911000,139.0809111328125,-0.1337204873561859,-0.2747024893760681,9.801889419555664
1700823000778748000,139.09074780273437,-0.2368360012769699,-0.3078095316886902,9.798958778381348
1700823000788884000,139.10088403320313,-0.3286527097225189,-0.3337053060531616,9.795458793640137
1700823000798779000,139.11077880859375,-0.42379239201545715,-0.35585662722587585,9.791023254394531
1700823000808982000,139.12098193359375,-0.5389823913574219,-0.38023966550827026,9.784441947937012
1700823000818699000,139.13069897460937,-0.6627800464630127,-0.4092915952205658,9.775663375854492
1700823000828877000,139.140876953125,-0.7945002913475037,-0.444436252117157,9.764304161071777
1700823000838760000,139.15076000976563,-0.9122598171234131,-0.47825726866722107,9.752406120300293
1700823000848937000,139.16093701171874,-1.0203192234039307,-0.5084516406059265,9.740164756774902
1700823000858886000,139.17088598632813,-1.1227070093154907,-0.5324392318725586,9.727612495422363
1700823000868888000,139.18088818359374,-1.2031904458999634,-0.5472732186317444,9.717162132263184
1700823000878753000,139.1907529296875,-1.26329505443573,-0.5576031804084778,9.708942413330078
1700823000888709000,139.20070922851562,-1.3128186464309692,-0.565557062625885,9.701910972595215
1700823000898790000,139.21078979492188,-1.3524609804153442,-0.5747790932655334,9.69591999053955
1700823000908674000,139.22067407226564,-1.3857219219207764,-0.5946341156959534,9.690024375915527
1700823000918627000,139.230626953125,-1.4225363731384277,-0.6179901361465454,9.68322467803955
1700823000928725000,139.24072509765625,-1.46198570728302,-0.6363412141799927,9.676158905029297
1700823000938891000,139.25089111328126,-1.4853782653808594,-0.6426256895065308,9.672182083129883
1700823000949890000,139.26189013671876,-1.4952683448791504,-0.6364520192146301,9.671067237854004
1700823000958653000,139.27065283203126,-1.5116046667099,-0.6217237710952759,9.66948413848877
1700823000968649000,139.28064892578124,-1.5362275838851929,-0.6123954057693481,9.666196823120117
1700823000978647000,139.29064697265625,-1.5459271669387817,-0.613702118396759,9.664568901062012
1700823000988870000,139.30086987304688,-1.5211942195892334,-0.6027487516403198,9.669179916381836
1700823000998644000,139.31064404296876,-1.4451111555099487,-0.5846031308174133,9.68195915222168
1700823001008709000,139.32070922851562,-1.3600579500198364,-0.564414918422699,9.695466995239258
1700823001018796000,139.33079614257812,-1.280568242073059,-0.5448749661445618,9.707403182983398
1700823001028905000,139.34090502929686,-1.2135931253433228,-0.5305281281471252,9.716795921325684
1700823001038734000,139.35073413085937,-1.1686469316482544,-0.5271422863006592,9.722488403320312
1700823001048848000,139.36084790039064,-1.1416741609573364,-0.5332067012786865,9.725361824035645
1700823001058766000,139.37076611328126,-1.1138620376586914,-0.5401467680931091,9.728202819824219
1700823001068912000,139.380912109375,-1.0586644411087036,-0.5385968685150146,9.734451293945312
1700823001078774000,139.39077392578125,-0.9428238868713379,-0.5248997807502747,9.747099876403809
1700823001088801000,139.40080102539062,-0.7712550163269043,-0.5009221434593201,9.763434410095215
1700823001098816000,139.41081591796876,-0.5838964581489563,-0.47312313318252563,9.777812004089355
1700823001108926000,139.42092602539063,-0.41362464427948,-0.4519862234592438,9.787492752075195
1700823001118846000,139.43084594726562,-0.30020108819007874,-0.437732070684433,9.792276382446289
1700823001128808000,139.44080786132812,-0.2368728220462799,-0.4202125072479248,9.794778823852539
1700823001138766000,139.45076611328125,-0.1938958466053009,-0.40149495005607605,9.7965087890625
1700823001149057000,139.46105712890625,-0.13983984291553497,-0.3860211968421936,9.798052787780762
1700823001158718000,139.47071801757812,-0.050225630402565,-0.376330703496933,9.799297332763672
1700823001168860000,139.48085986328124,0.10387363284826279,-0.36911943554878235,9.799152374267578
1700823001178837000,139.4908369140625,0.30160629749298096,-0.3580988645553589,9.7954683303833
1700823001189015000,139.50101513671876,0.4929606318473816,-0.34840601682662964,9.788054466247559
1700823001198803000,139.5108029785156,0.6617810726165771,-0.3372249901294708,9.778481483459473
1700823001208857000,139.52085717773437,0.7783058285713196,-0.3215644955635071,9.770425796508789
1700823001218814000,139.53081396484376,0.8611387014389038,-0.3051169216632843,9.76400089263916
1700823001228815000,139.54081518554688,0.9414730668067932,-0.2864993214607239,9.757147789001465
1700823001238700000,139.55069995117188,1.037407398223877,-0.2671230137348175,9.747964859008789
1700823001248875000,139.560875,1.1558730602264404,-0.24946312606334686,9.73509693145752
1700823001258858000,139.57085791015626,1.2882298231124878,-0.23052725195884705,9.718936920166016
1700823001268890000,139.58089013671875,1.4290169477462769,-0.20595717430114746,9.699787139892578
1700823001278748000,139.59074780273437,1.5719102621078491,-0.17633184790611267,9.678243637084961
1700823001288894000,139.60089404296875,1.6989176273345947,-0.14427432417869568,9.6572904586792
1700823001298848000,139.61084790039064,1.8072621822357178,-0.10707651823759079,9.63808822631836
1700823001308629000,139.62062890625,1.9041643142700195,-0.05733107775449753,9.619837760925293
1700823001318858000,139.63085791015624,1.989147663116455,-0.0009510171366855502,9.602795600891113
1700823001328816000,139.6408161621094,2.0772838592529297,0.05374094471335411,9.583966255187988
1700823001338847000,139.6508469238281,2.1643285751342773,0.09197159856557846,9.564393997192383
1700823001348710000,139.6607099609375,2.2399744987487793,0.11333353817462921,9.546730995178223
1700823001358911000,139.67091088867187,2.292234182357788,0.12635435163974762,9.53415298461914
1700823001368938000,139.68093798828124,2.347388744354248,0.14491437375545502,9.52046012878418
1700823001378907000,139.69090698242186,2.3986315727233887,0.16600188612937927,9.507335662841797
1700823001389098000,139.70109790039064,2.430711269378662,0.18529899418354034,9.498826026916504
1700823001398894000,139.71089404296876,2.4428882598876953,0.2024044394493103,9.495351791381836
1700823001408857000,139.7208571777344,2.449183225631714,0.2194429636001587,9.493353843688965
1700823001418734000,139.7307341308594,2.4590694904327393,0.2373284548521042,9.49036693572998
1700823001429000000,139.741,2.47871994972229,0.25472062826156616,9.48480224609375
1700823001439278000,139.75127807617187,2.508596420288086,0.2669502794742584,9.476607322692871
1700823001448847000,139.76084716796876,2.5395963191986084,0.27393150329589844,9.468146324157715
1700823001458900000,139.77089990234376,2.565591812133789,0.2795031666755676,9.460973739624023
1700823001468792000,139.7807919921875,2.5761029720306396,0.2851215898990631,9.457948684692383
1700823001478757000,139.79075708007812,2.573294162750244,0.2883475720882416,9.458616256713867
1700823001488888000,139.80088818359374,2.5681331157684326,0.28903117775917053,9.459997177124023
1700823001498725000,139.81072509765625,2.5674896240234375,0.2894923686981201,9.460158348083496
1700823001508859000,139.82085888671875,2.5707356929779053,0.29116350412368774,9.459224700927734
1700823001519078000,139.83107788085937,2.5863289833068848,0.2980833649635315,9.454757690429688
1700823001528957000,139.84095703125,2.6104369163513184,0.3100438714027405,9.447744369506836
1700823001538908000,139.85090795898438,2.6321568489074707,0.3231222331523895,9.441278457641602
1700823001548883000,139.86088305664063,3.416267156600952,0.6626710295677185,9.16844367980957
1700823001558860000,139.87086010742186,3.99613618850708,0.9314075708389282,8.906950950622559
1700823001569024000,139.88102392578125,4.0053582191467285,0.927280843257904,8.903237342834473
1700823001578832000,139.89083178710936,4.0138936042785645,0.9255281686782837,8.899576187133789
1700823001588897000,139.90089697265626,4.014800548553467,0.929343044757843,8.89876937866211
1700823001598697000,139.91069702148437,4.049740314483643,0.9457096457481384,8.881195068359375
1700823001608805000,139.92080517578125,4.0565619468688965,0.9442238211631775,8.878239631652832
1700823001619048000,139.9310478515625,4.017210483551025,0.9096104502677917,8.899720191955566
1700823001629050000,139.94105004882812,3.8955821990966797,0.8732821345329285,8.957243919372559
1700823001638941000,139.95094091796875,3.750897169113159,0.8794485330581665,9.018189430236816
1700823001648795000,139.960794921875,3.7293596267700195,0.879458487033844,9.027116775512695
1700823001658755000,139.97075512695312,3.6986570358276367,0.8845877051353455,9.039239883422852
1700823001669001000,139.9810009765625,3.655555248260498,0.8933855891227722,9.055891990661621
1700823001679057000,139.9910568847656,3.626358985900879,0.9001093506813049,9.066957473754883
1700823001688947000,140.00094702148436,3.5994794368743896,0.9050754904747009,9.077168464660645
1700823001698963000,140.010962890625,3.144970417022705,0.8404477834701538,9.250577926635742
1700823001708916000,140.020916015625,2.913095712661743,0.7723559737205505,9.33208179473877
1700823001718741000,140.03074096679688,2.731677532196045,0.7063032388687134,9.391988754272461
1700823001728852000,140.04085205078124,2.535358190536499,0.6376181244850159,9.451761245727539
1700823001738847000,140.05084692382812,2.5132386684417725,0.6371110677719116,9.4576997756958
1700823001748834000,140.060833984375,2.311337471008301,0.5564464330673218,9.514120101928711
1700823001758843000,140.0708427734375,2.2847445011138916,0.5625555515289307,9.520181655883789
1700823001769257000,140.08125708007813,2.268125534057617,0.5742009878158569,9.523459434509277
1700823001781859000,140.09385913085939,2.2686548233032227,0.5906386375427246,9.522329330444336
1700823001798936000,140.11093603515624,2.327241897583008,0.6209896206855774,9.506245613098145
1700823001808672000,140.12067211914064,2.3696670532226562,0.6305667161941528,9.495126724243164
1700823001818973000,140.13097290039062,2.404207229614258,0.6345876455307007,9.486173629760742
1700823001828639000,140.14063891601563,2.4299399852752686,0.6354702711105347,9.479555130004883
1700823001838746000,140.15074609375,2.4470815658569336,0.6360136270523071,9.47510814666748
1700823001848823000,140.16082299804688,2.4438223838806152,0.6382824182510376,9.475796699523926
1700823001858763000,140.1707629394531,2.4285192489624023,0.643660306930542,9.47936725616455
1700823001868751000,140.18075122070312,2.4088523387908936,0.6515791416168213,9.483841896057129
1700823001878637000,140.19063696289064,2.394386053085327,0.6614733338356018,9.48681926727295
1700823001888833000,140.2008330078125,2.392713785171509,0.6738298535346985,9.486371994018555
1700823001898734000,140.21073413085938,2.4256999492645264,0.6884171366691589,9.476943969726562
1700823001908687000,140.22068701171875,2.4753880500793457,0.6993775367736816,9.46328353881836
1700823001918648000,140.23064794921876,2.5389010906219482,0.7070338726043701,9.445871353149414
1700823001928952000,140.2409521484375,2.616515874862671,0.7133429050445557,9.424190521240234
1700823001938864000,140.25086401367187,2.698225498199463,0.7222735285758972,9.40044116973877
1700823001948766000,140.2607658691406,2.7818474769592285,0.733845591545105,9.375136375427246
1700823001958662000,140.2706618652344,2.87011981010437,0.7494245767593384,9.347254753112793
1700823001968634000,140.2806340332031,2.960184335708618,0.7706000804901123,9.31739616394043
1700823001978755000,140.29075512695312,3.047591209411621,0.796420156955719,9.286995887756348
1700823001988635000,140.300634765625,3.129429340362549,0.8217141628265381,9.257529258728027
1700823001998743000,140.31074291992186,3.148801326751709,0.8278802633285522,9.250408172607422
1700823002008664000,140.3206640625,3.1642887592315674,0.831641674041748,9.244784355163574
1700823002018671000,140.33067114257813,3.2502408027648926,0.8468289971351624,9.213534355163574
1700823002028653000,140.34065307617186,3.341578483581543,0.8597104549407959,9.179606437683105
1700823002038653000,140.35065283203124,3.431385040283203,0.8719205260276794,9.145258903503418
1700823002048614000,140.36061376953126,3.3491997718811035,0.8790931701660156,9.1749906539917
1700823002058656000,140.3706560058594,3.2181098461151123,0.8828060626983643,9.221431732177734
1700823002068758000,140.38075805664062,3.099132776260376,0.8828022480010986,9.26209545135498
1700823002078746000,140.39074609375,3.0146636962890625,0.8840855956077576,9.289810180664062
1700823002088726000,140.40072607421874,2.9349071979522705,0.8897268176078796,9.314778327941895
1700823002098859000,140.41085888671876,2.8288626670837402,0.9026572704315186,9.34628963470459
1700823002108625000,140.420625,2.713441848754883,0.9256906509399414,9.378203392028809
1700823002118644000,140.43064404296874,2.6209256649017334,0.9589332938194275,9.401148796081543
1700823002128822000,140.44082202148437,2.604200601577759,0.9903151392936707,9.402542114257812
1700823002138725000,140.45072509765626,2.668353796005249,1.0059770345687866,9.382871627807617
1700823002148742000,140.46074194335938,2.741806983947754,1.0172215700149536,9.360456466674805
1700823002158637000,140.47063696289064,2.811384439468384,1.0263220071792603,9.338800430297852
1700823002168832000,140.48083203125,2.8767271041870117,1.0308058261871338,9.318385124206543
1700823002178751000,140.4907509765625,2.9386699199676514,1.0282201766967773,9.299321174621582
1700823002188675000,140.50067504882813,2.996605396270752,1.0209165811538696,9.281620025634766
1700823002198733000,140.51073315429687,3.043950080871582,1.0240192413330078,9.265859603881836
1700823002208778000,140.52077807617187,3.0880284309387207,1.0282853841781616,9.250789642333984
1700823002218895000,140.53089501953124,3.1277077198028564,1.033761739730835,9.236837387084961
1700823002228835000,140.5408349609375,3.1596977710723877,1.0380959510803223,9.225458145141602
1700823002238594000,140.55059399414063,3.1858396530151367,1.0405819416046143,9.216181755065918
1700823002248791000,140.560791015625,3.2088634967803955,1.0431132316589355,9.207904815673828
1700823002258766000,140.57076611328125,3.229037284851074,1.046866774559021,9.200422286987305
1700823002269079000,140.5810791015625,3.2475717067718506,1.0522782802581787,9.193278312683105
1700823002278706000,140.59070581054686,3.2631828784942627,1.0595695972442627,9.186911582946777
1700823002288661000,140.60066088867188,3.273467779159546,1.0683999061584473,9.182229042053223
1700823002298865000,140.61086499023438,3.278888463973999,1.078223466873169,9.179146766662598
1700823002308726000,140.62072607421874,3.3160502910614014,1.0756539106369019,9.166088104248047
1700823002318876000,140.6308759765625,3.3528738021850586,1.0853712558746338,9.151535987854004
1700823002328790000,140.6407900390625,3.386378526687622,1.1066569089889526,9.136637687683105
1700823002338627000,140.650626953125,3.419067621231079,1.1402645111083984,9.120316505432129
1700823002348697000,140.66069702148437,3.448373556137085,1.179622769355774,9.104264259338379
1700823002358674000,140.670673828125,3.4660933017730713,1.2168924808502197,9.092621803283691
1700823002368766000,140.68076586914063,3.4702491760253906,1.2503637075424194,9.086493492126465
1700823002378638000,140.69063818359376,3.4658968448638916,1.2776020765304565,9.084365844726562
1700823002388612000,140.7006120605469,3.459787130355835,1.298580288887024,9.083719253540039
1700823002398781000,140.7107810058594,3.454267740249634,1.316652536392212,9.08321762084961
1700823002408674000,140.72067407226564,3.4441182613372803,1.3329282999038696,9.084698677062988
1700823002420310000,140.73231005859375,3.43772292137146,1.3475602865219116,9.084961891174316
1700823002428650000,140.74064990234376,3.435034990310669,1.359295129776001,9.084230422973633
1700823002438767000,140.75076708984375,3.439457893371582,1.366960048675537,9.081406593322754
1700823002448653000,140.76065307617188,3.4465408325195312,1.3737094402313232,9.077701568603516
1700823002458904000,140.77090405273438,3.454261302947998,1.3796403408050537,9.073866844177246
1700823002468784000,140.7807841796875,3.460231304168701,1.3843848705291748,9.070869445800781
1700823002478649000,140.79064916992186,3.4632651805877686,1.3874766826629639,9.069238662719727
1700823002488948000,140.80094799804687,3.4616587162017822,1.3861615657806396,9.070053100585938
1700823002498936000,140.81093603515626,3.4541947841644287,1.3793904781341553,9.073930740356445
1700823002508635000,140.820634765625,3.4406280517578125,1.369651436805725,9.080557823181152
1700823002518653000,140.83065283203126,3.4162607192993164,1.365887999534607,9.090319633483887
1700823002528627000,140.840626953125,3.392347574234009,1.3610177040100098,9.100000381469727
1700823002538673000,140.8506728515625,3.4481797218322754,1.2341052293777466,9.097110748291016
1700823002548605000,140.86060498046874,3.4527575969696045,1.1826891899108887,9.102203369140625
1700823002558655000,140.87065502929687,3.4501659870147705,1.151689887046814,9.107159614562988
1700823002568648000,140.88064794921874,3.4483487606048584,1.1314064264297485,9.110389709472656
1700823002578642000,140.89064184570313,3.4518535137176514,1.1139941215515137,9.111207962036133
1700823002588646000,140.90064599609374,3.456521511077881,1.098332405090332,9.111339569091797
1700823002598634000,140.91063403320314,3.450457811355591,1.0859551429748535,9.115120887756348
1700823002608738000,140.92073803710937,3.4335639476776123,1.0754417181015015,9.1227445602417
1700823002618668000,140.93066796875,3.406435012817383,1.0628674030303955,9.134381294250488
1700823002628838000,140.940837890625,3.378322124481201,1.0504741668701172,9.146246910095215
1700823002638658000,140.95065795898438,3.348581075668335,1.0385841131210327,9.158533096313477
1700823002648640000,140.96063989257811,3.321587085723877,1.0286874771118164,9.169473648071289
1700823002658638000,140.97063818359376,3.2989230155944824,1.0220236778259277,9.178396224975586
1700823002668768000,140.98076806640626,3.277578830718994,1.0200573205947876,9.186259269714355
1700823002678687000,140.99068701171876,3.261364698410034,1.0275415182113647,9.191193580627441
1700823002688772000,141.00077221679686,3.2527289390563965,1.066354751586914,9.189833641052246
1700823002698654000,141.01065405273437,3.2532801628112793,1.0729132890701294,9.188875198364258
1700823002708745000,141.02074487304688,3.2558043003082275,1.0801310539245605,9.187135696411133
1700823002718813000,141.03081298828124,3.2586958408355713,1.085497260093689,9.185476303100586
1700823002729154000,141.04115405273438,3.2601091861724854,1.0876330137252808,9.184723854064941
1700823002738709000,141.050708984375,3.256423234939575,1.0873132944107056,9.186067581176758
1700823002748699000,141.06069897460938,3.250880241394043,1.0897153615951538,9.18774700164795
1700823002758735000,141.07073510742188,3.244901418685913,1.093077540397644,9.189460754394531
1700823002768622000,141.0806220703125,3.233729124069214,1.0998588800430298,9.19258975982666
1700823002778732000,141.09073193359376,3.208627462387085,1.1091288328170776,9.20026683807373
1700823002788649000,141.10064892578126,3.1715047359466553,1.1206278800964355,9.211739540100098
1700823002798685000,141.11068481445312,3.13112735748291,1.134087324142456,9.223897933959961
1700823002808875000,141.120875,3.097965955734253,1.1476280689239502,9.233414649963379
1700823002818660000,141.13066015625,3.0791544914245605,1.162334680557251,9.237866401672363
1700823002828661000,141.14066088867187,3.0748720169067383,1.1783908605575562,9.237258911132812
1700823002838677000,141.1506770019531,3.0762083530426025,1.1938117742538452,9.234832763671875
1700823002848668000,141.16066796875,3.0743894577026367,1.20066237449646,9.234551429748535
1700823002858803000,141.17080297851564,3.066631317138672,1.2045605182647705,9.236621856689453
1700823002868617000,141.18061694335938,3.0585429668426514,1.2082335948944092,9.238825798034668
1700823002878774000,141.19077392578126,3.0452828407287598,1.2129387855529785,9.24258804321289
1700823002888750000,141.20075,3.0229358673095703,1.2181249856948853,9.249239921569824
1700823002898624000,141.2106240234375,2.992112636566162,1.2231734991073608,9.258590698242188
1700823002908716000,141.22071606445311,2.9614827632904053,1.226741909980774,9.267963409423828
1700823002918771000,141.23077099609375,2.933933973312378,1.229196310043335,9.276394844055176
1700823002928775000,141.24077490234376,2.9121811389923096,1.230309009552002,9.283100128173828
1700823002938648000,141.25064794921875,2.896851062774658,1.2295640707015991,9.287993431091309
1700823002948684000,141.26068408203125,2.8588194847106934,1.246402621269226,9.297528266906738
1700823002958649000,141.27064916992188,2.8251121044158936,1.249875545501709,9.30735969543457
1700823002968651000,141.28065112304688,2.785311460494995,1.2506568431854248,9.319243431091309
1700823002978668000,141.29066796875,2.7322287559509277,1.2520511150360107,9.334758758544922
1700823002988680000,141.30067993164062,2.684084177017212,1.2529317140579224,9.34859561920166
1700823002998719000,141.31071899414061,2.6600747108459473,1.2576236724853516,9.354825973510742
1700823003008667000,141.3206669921875,2.645930051803589,1.2681694030761719,9.357413291931152
1700823003018675000,141.3306750488281,2.655907154083252,1.2970868349075317,9.35062026977539
1700823003028795000,141.340794921875,2.660454273223877,1.332787036895752,9.344306945800781
1700823003038701000,141.350701171875,2.6502110958099365,1.3329901695251465,9.347187995910645
1700823003048730000,141.36073022460937,2.6408538818359375,1.33309805393219,9.349820137023926
1700823003061903000,141.37390307617187,2.634897470474243,1.3374571800231934,9.35087776184082
1700823003078708000,141.3907080078125,2.626462936401367,1.340673804283142,9.352789878845215
1700823003088675000,141.40067504882813,2.618502378463745,1.3465622663497925,9.354175567626953
1700823003098687000,141.41068701171875,2.605408191680908,1.3524463176727295,9.356983184814453
1700823003108666000,141.420666015625,2.587653636932373,1.3564330339431763,9.361331939697266
1700823003118666000,141.430666015625,2.5662474632263184,1.3564026355743408,9.367226600646973
1700823003128700000,141.44069995117187,2.542551279067993,1.3521747589111328,9.374297142028809
1700823003139158000,141.45115795898437,2.5194942951202393,1.3448578119277954,9.381570816040039
1700823003148725000,141.46072509765625,2.5005502700805664,1.3434346914291382,9.386842727661133
1700823003158727000,141.4707268066406,2.4856462478637695,1.335479974746704,9.391935348510742
1700823003168900000,141.48090014648437,2.4694454669952393,1.3259855508804321,9.397551536560059
1700823003178657000,141.49065698242188,2.4528121948242188,1.3188196420669556,9.402915000915527
1700823003188687000,141.50068701171875,2.3467929363250732,1.3178168535232544,9.430075645446777
1700823003198703000,141.510703125,2.283223867416382,1.3237141370773315,9.444842338562012
1700823003208701000,141.52070092773437,2.2109646797180176,1.334274411201477,9.460535049438477
1700823003218701000,141.530701171875,2.1310694217681885,1.3501642942428589,9.476602554321289
1700823003228709000,141.54070922851562,2.068634033203125,1.3678855895996094,9.487889289855957
1700823003238716000,141.5507158203125,2.024260997772217,1.3838576078414917,9.495140075683594
1700823003248638000,141.56063793945313,1.9865397214889526,1.4002370834350586,9.500704765319824
1700823003258685000,141.57068481445313,1.9530726671218872,1.4187983274459839,9.504888534545898
1700823003268802000,141.58080200195312,1.9272408485412598,1.440377116203308,9.506915092468262
1700823003278706000,141.59070581054686,1.9017677307128906,1.438413143157959,9.51234245300293
1700823003288889000,141.60088916015624,1.8785490989685059,1.439578890800476,9.516778945922852
1700823003298757000,141.61075708007812,1.858353853225708,1.4439821243286133,9.520076751708984
1700823003308686000,141.62068603515624,1.8443682193756104,1.450057029724121,9.521870613098145
1700823003318705000,141.63070483398437,1.83094322681427,1.4557377099990845,9.52359676361084
1700823003328844000,141.64084399414062,1.8098540306091309,1.4587258100509644,9.527168273925781
1700823003338681000,141.65068115234374,1.7814438343048096,1.457852840423584,9.532655715942383
1700823003348657000,141.66065698242187,1.7532596588134766,1.4531095027923584,9.538603782653809
1700823003360076000,141.67207592773437,1.7305697202682495,1.4456325769424438,9.5438814163208
1700823003368671000,141.6806708984375,1.7136677503585815,1.4386875629425049,9.547979354858398
1700823003378666000,141.690666015625,1.7031848430633545,1.4314433336257935,9.550944328308105
1700823003388648000,141.70064794921876,1.6926573514938354,1.425071120262146,9.553767204284668
1700823003398657000,141.71065698242188,1.679570198059082,1.4208093881607056,9.556713104248047
1700823003408684000,141.72068408203126,1.6674389839172363,1.419443964958191,9.559039115905762
1700823003420569000,141.73256909179688,1.6562366485595703,1.42000412940979,9.560903549194336
1700823003428884000,141.74088403320312,1.6397563219070435,1.4223697185516357,9.563390731811523
1700823003438680000,141.75068017578124,1.6209604740142822,1.423818826675415,9.56637954711914
1700823003448652000,141.7606520996094,1.6013611555099487,1.4227339029312134,9.569842338562012
1700823003458667000,141.7706669921875,1.5857532024383545,1.419123649597168,9.572976112365723
1700823003468948000,141.78094799804688,1.573686122894287,1.4120908975601196,9.576006889343262
1700823003478715000,141.79071484375,1.5669726133346558,1.4065300226211548,9.577925682067871
1700823003488815000,141.80081518554687,1.5718544721603394,1.4017826318740845,9.5778226852417
1700823003498642000,141.81064184570312,1.5836983919143677,1.3985779285430908,9.576339721679688
1700823003508688000,141.82068798828124,1.5911370515823364,1.4003475904464722,9.574847221374512
1700823003518671000,141.83067114257813,1.5928274393081665,1.4057629108428955,9.573774337768555
1700823003528602000,141.84060205078126,1.5969643592834473,1.4109876155853271,9.572314262390137
1700823003538679000,141.85067895507814,1.590149164199829,1.4013876914978027,9.574859619140625
1700823003548684000,141.86068408203124,1.588753581047058,1.3918360471725464,9.576483726501465
1700823003560730000,141.87273022460937,1.592268943786621,1.382256031036377,9.577288627624512
1700823003578661000,141.8906611328125,1.8069483041763306,1.384161353111267,9.538836479187012
1700823003590278000,141.90227783203125,1.837114930152893,1.374125361442566,9.534524917602539
1700823003598655000,141.91065502929686,1.856220006942749,1.366032361984253,9.531987190246582
1700823003608685000,141.92068505859376,1.8685379028320312,1.3649907112121582,9.529730796813965
1700823003620674000,141.93267407226563,1.8655130863189697,1.4033052921295166,9.52475643157959
1700823003629143000,141.94114306640626,1.849433422088623,1.4508880376815796,9.52076244354248
1700823003638692000,141.95069213867188,1.8252719640731812,1.5136542320251465,9.515652656555176
1700823003648647000,141.96064697265626,1.8031222820281982,1.5520274639129639,9.513693809509277
1700823003658677000,141.97067700195313,1.7846274375915527,1.5629396438598633,9.515393257141113
1700823003668694000,141.98069409179686,1.7823419570922852,1.56111741065979,9.516121864318848
1700823003678665000,141.9906650390625,1.777297019958496,1.5536813735961914,9.518281936645508
1700823003688893000,142.00089282226563,1.7671730518341064,1.539041519165039,9.52254581451416
1700823003698700000,142.0106999511719,1.7564085721969604,1.520424723625183,9.527525901794434
1700823003708659000,142.02065893554686,1.7473043203353882,1.5018287897109985,9.532148361206055
1700823003718690000,142.03068994140625,1.739059329032898,1.4851795434951782,9.536264419555664
1700823003728659000,142.04065893554687,1.7303639650344849,1.4722446203231812,9.539850234985352
1700823003738639000,142.05063916015624,1.7216581106185913,1.4645298719406128,9.542611122131348
1700823003748658000,142.06065795898436,1.715512752532959,1.4604215621948242,9.54434871673584
1700823003758785000,142.0707849121094,1.7138179540634155,1.4577114582061768,9.545066833496094
1700823003768648000,142.08064794921876,1.7150980234146118,1.4534610509872437,9.545485496520996
1700823003779413000,142.0914130859375,1.7168220281600952,1.4425991773605347,9.546822547912598
1700823003790428000,142.10242797851564,1.7154592275619507,1.4224153757095337,9.550097465515137
1700823003798633000,142.11063305664064,1.7116897106170654,1.4039278030395508,9.553507804870605
1700823003808796000,142.1207958984375,1.7036992311477661,1.3846499919891357,9.557748794555664
1700823003818638000,142.13063818359376,1.6932851076126099,1.3699314594268799,9.56171989440918
1700823003828627000,142.140626953125,1.680994987487793,1.3565154075622559,9.565800666809082
1700823003838674000,142.150673828125,1.66997230052948,1.3439087867736816,9.56950855255127
1700823003848612000,142.16061206054687,1.6620914936065674,1.3320728540420532,9.572535514831543
1700823003859304000,142.17130395507812,1.6575313806533813,1.3185864686965942,9.575193405151367
1700823003868645000,142.18064501953126,1.6561816930770874,1.3069448471069336,9.577021598815918
1700823003878647000,142.19064697265625,1.656096339225769,1.2939871549606323,9.578795433044434
1700823003888647000,142.20064697265624,1.654273509979248,1.2801392078399658,9.580971717834473
1700823003898637000,142.21063696289062,1.651300072669983,1.2650699615478516,9.58348560333252
1700823003908955000,142.22095483398436,1.650253176689148,1.2491527795791626,9.585752487182617
1700823003918605000,142.23060498046874,1.6527628898620605,1.2352195978164673,9.587126731872559
1700823003928748000,142.240748046875,1.6591242551803589,1.2227104902267456,9.587632179260254
1700823003938769000,142.25076879882812,1.6648001670837402,1.2137407064437866,9.587787628173828
1700823003948910000,142.26091015625,1.667718768119812,1.2079495191574097,9.588011741638184
1700823003964346000,142.27634619140625,1.6721467971801758,1.2026307582855225,9.587908744812012
1700823003978695000,142.29069482421875,1.6696867942810059,1.1984862089157104,9.588857650756836
1700823003988847000,142.30084716796875,1.6724328994750977,1.1960262060165405,9.58868408203125
1700823003998672000,142.310671875,1.676585078239441,1.1905170679092407,9.58864688873291
1700823004008667000,142.3206669921875,1.681378722190857,1.1814157962799072,9.588932037353516
1700823004018625000,142.330625,1.6871041059494019,1.169741153717041,9.58935832977295
1700823004028785000,142.34078491210937,1.6930080652236938,1.1582978963851929,9.589706420898438
1700823004038637000,142.35063696289063,1.6959505081176758,1.149437427520752,9.590252876281738
1700823004048755000,142.3607548828125,1.6971759796142578,1.1436822414398193,9.59072208404541
1700823004058642000,142.37064184570312,1.692955493927002,1.141899824142456,9.591680526733398
1700823004068813000,142.38081298828126,1.683597207069397,1.1452306509017944,9.592931747436523
1700823004078716000,142.3907158203125,1.6753859519958496,1.153996467590332,9.5933198928833
1700823004088816000,142.40081616210938,1.673164963722229,1.1593334674835205,9.593064308166504
1700823004098868000,142.41086791992188,1.6834686994552612,1.1726278066635132,9.589645385742188
1700823004108770000,142.42077001953126,1.693457007408142,1.1864522695541382,9.58618450164795
1700823004118772000,142.43077197265626,1.7021809816360474,1.200584888458252,9.582879066467285
1700823004131408000,142.44340795898438,1.7103374004364014,1.2123116254806519,9.579951286315918
1700823004148742000,142.46074194335938,1.6060454845428467,1.318503975868225,9.58397388458252
1700823004158643000,142.47064282226563,1.6022645235061646,1.300533413887024,9.58706283569336
1700823004168715000,142.48071508789062,1.5940595865249634,1.2758569717407227,9.591743469238281
1700823004178704000,142.49070385742186,1.5839927196502686,1.251407265663147,9.596631050109863
1700823004188642000,142.50064208984375,1.570603370666504,1.2306702136993408,9.60151195526123
1700823004198844000,142.51084399414063,1.5530519485473633,1.2165542840957642,9.60616683959961
1700823004208749000,142.5207490234375,1.5341285467147827,1.2115528583526611,9.609838485717773
1700823004218662000,142.53066186523438,1.5189018249511719,1.2168409824371338,9.611589431762695
1700823004228773000,142.54077319335937,1.511319637298584,1.2314751148223877,9.610920906066895
1700823004238720000,142.5507199707031,1.5122694969177246,1.2525439262390137,9.608047485351562
1700823004248816000,142.56081616210938,1.515870213508606,1.2723902463912964,9.60487174987793
1700823004258904000,142.57090405273436,1.5153040885925293,1.284352421760559,9.603368759155273
1700823004268749000,142.5807490234375,1.5078341960906982,1.2834104299545288,9.604670524597168
1700823004278880000,142.5908798828125,1.4968147277832031,1.2677967548370361,9.608468055725098
1700823004288816000,142.60081616210937,1.4928569793701172,1.2441046237945557,9.612178802490234
1700823004298779000,142.61077880859375,1.5008797645568848,1.2172443866729736,9.614367485046387
1700823004308646000,142.62064599609374,1.5194929838180542,1.1921558380126953,9.614587783813477
1700823004318787000,142.630787109375,1.5392696857452393,1.1701240539550781,9.614148139953613
1700823004328684000,142.64068408203124,1.5528414249420166,1.1516177654266357,9.614202499389648
1700823004338703000,142.650703125,1.5594691038131714,1.1371458768844604,9.614850997924805
1700823004348844000,142.66084399414063,1.5627669095993042,1.1285533905029297,9.615327835083008
1700823004358803000,142.67080297851564,1.5680896043777466,1.1286793947219849,9.614446640014648
1700823004368721000,142.68072094726563,1.581774115562439,1.1375439167022705,9.611161231994629
1700823004380367000,142.6923671875,1.6037334203720093,1.152321219444275,9.605757713317871
1700823004389209000,142.701208984375,1.627516508102417,1.165069580078125,9.600218772888184
1700823004398720000,142.71071997070314,1.6492571830749512,1.157313585281372,9.59744644165039
1700823004408680000,142.72067993164063,1.6727081537246704,1.139526605606079,9.595515251159668
1700823004420290000,142.7322900390625,1.7007640600204468,1.1149147748947144,9.593474388122559
1700823004428641000,142.74064111328124,1.7290078401565552,1.088271975517273,9.591485977172852
1700823004438750000,142.75075,1.7545205354690552,1.0656523704528809,9.589391708374023
1700823004448908000,142.76090795898438,1.776784062385559,1.0511462688446045,9.586892127990723
1700823004459260000,142.77126000976563,1.7963608503341675,1.0462489128112793,9.583779335021973
1700823004468858000,142.78085815429688,1.8150817155838013,1.0497502088546753,9.579869270324707
1700823004478667000,142.7906669921875,1.8378123044967651,1.0592164993286133,9.574492454528809
1700823004488667000,142.8006669921875,1.8661776781082153,1.0698884725570679,9.567815780639648
1700823004498783000,142.81078295898436,1.8930586576461792,1.077681303024292,9.561659812927246
1700823004508709000,142.82070922851562,1.916441559791565,1.0801900625228882,9.556717872619629
1700823004518632000,142.8306318359375,1.9451982975006104,1.0776444673538208,9.551193237304688
1700823004528738000,142.84073803710936,2.0001959800720215,1.0825693607330322,9.539268493652344
1700823004538783000,142.85078295898438,2.051868200302124,1.0969760417938232,9.526639938354492
1700823004548614000,142.86061376953126,2.091331958770752,1.1098209619522095,9.516566276550293
1700823004558759000,142.87075903320311,2.117962121963501,1.1140785217285156,9.510177612304688
1700823004568873000,142.880873046875,2.134991407394409,1.0937120914459229,9.508733749389648
1700823004578855000,142.89085498046876,2.138136148452759,1.0987982749938965,9.507439613342285
1700823004588638000,142.90063793945313,2.1417224407196045,1.101043701171875,9.50637149810791
1700823004598913000,142.9109130859375,2.151247978210449,1.1006360054016113,9.50426959991455
1700823004608761000,142.92076098632813,2.166910409927368,1.0981167554855347,9.501002311706543
1700823004618762000,142.9307619628906,2.1865084171295166,1.0949509143829346,9.496875762939453
1700823004628614000,142.94061376953124,2.2069814205169678,1.0938385725021362,9.492267608642578
1700823004638660000,142.95066015625,2.267216444015503,0.8908032178878784,9.49929428100586
1700823004648862000,142.96086206054687,2.2891576290130615,0.8969722390174866,9.493450164794922
1700823004660225000,142.97222509765626,2.3447420597076416,0.8160673975944519,9.487181663513184
1700823004668810000,142.98081005859376,2.4158806800842285,0.7636255621910095,9.473690032958984
1700823004678736000,142.99073583984375,2.416083574295044,0.7642562389373779,9.473587036132812
1700823004688998000,143.0009978027344,2.412191152572632,0.765412449836731,9.474485397338867
1700823004698803000,143.0108029785156,2.414475917816162,0.7704428434371948,9.473494529724121
1700823004708653000,143.02065307617187,2.424773693084717,0.7792664766311646,9.47014331817627
1700823004718895000,143.03089501953124,2.4234795570373535,0.7901991009712219,9.469568252563477
1700823004728852000,143.04085205078124,2.4145431518554688,0.8022095561027527,9.470842361450195
1700823004738734000,143.05073413085938,2.40317440032959,0.8152718544006348,9.472617149353027
1700823004748834000,143.060833984375,2.4496543407440186,0.8927493691444397,9.453707695007324
1700823004758848000,143.07084790039062,2.457866907119751,0.9357386231422424,9.447417259216309
1700823004768776000,143.08077587890625,2.445559024810791,0.9410229921340942,9.450085639953613
1700823004778651000,143.09065087890625,2.4324564933776855,0.9423843026161194,9.453329086303711
1700823004788769000,143.10076904296875,2.4235758781433105,0.9417460560798645,9.455674171447754
1700823004798784000,143.11078393554686,2.3326339721679688,0.9568749070167542,9.477004051208496
1700823004808656000,143.12065576171875,2.2431249618530273,0.951349139213562,9.499143600463867
1700823004818775000,143.13077514648438,2.164973020553589,0.9385519027709961,9.518529891967773
1700823004828771000,143.14077099609375,2.1294333934783936,0.9334747791290283,9.527042388916016
1700823004838630000,143.1506298828125,2.1138854026794434,0.9381950497627258,9.530040740966797
1700823004848764000,143.1607639160156,2.1112606525421143,0.9609460830688477,9.528356552124023
1700823004858669000,143.1706689453125,2.1210570335388184,0.9898621439933777,9.523218154907227
1700823004868862000,143.18086206054687,2.1298844814300537,1.019582748413086,9.518112182617188
1700823004878643000,143.19064282226563,2.1205861568450928,1.0417804718017578,9.517784118652344
1700823004889492000,143.20149194335937,2.108729124069214,1.0345678329467773,9.521203994750977
1700823004898639000,143.21063916015626,2.0864222049713135,1.024756908416748,9.527177810668945
1700823004908880000,143.2208798828125,2.05423903465271,1.0129300355911255,9.535432815551758
1700823004918772000,143.23077197265624,2.0240206718444824,0.9980530142784119,9.543460845947266
1700823004928753000,143.2407529296875,2.012336254119873,0.9819944500923157,9.547595024108887
1700823004938916000,143.250916015625,2.0111641883850098,0.9679816961288452,9.549273490905762
1700823004948834000,143.260833984375,2.0181989669799805,0.958559513092041,9.54874038696289
1700823004958718000,143.27071801757813,2.029069185256958,0.9538578987121582,9.546906471252441
1700823004969002000,143.281001953125,2.0354151725769043,0.9495909214019775,9.545980453491211
1700823004978738000,143.29073803710938,2.0386040210723877,0.9478364586830139,9.545475959777832
1700823004988721000,143.30072094726563,2.03961181640625,0.9478905200958252,9.545252799987793
1700823004998855000,143.31085498046875,2.040928840637207,0.9485162496566772,9.544910430908203
1700823005008639000,143.32063891601564,2.0497868061065674,0.940213680267334,9.543832778930664
1700823005018763000,143.33076293945314,2.0594804286956787,0.9359946250915527,9.54216194152832
1700823005028653000,143.34065307617186,2.0785839557647705,0.933502197265625,9.538262367248535
1700823005038885000,143.35088500976562,2.1133182048797607,0.9359326362609863,9.530388832092285
1700823005048732000,143.36073193359374,2.1527769565582275,0.9433531761169434,9.520820617675781
1700823005058856000,143.37085595703124,2.1825993061065674,0.9497864246368408,9.513388633728027
1700823005068714000,143.3807138671875,2.1957948207855225,0.9534156918525696,9.509988784790039
1700823005078734000,143.39073413085939,2.1833815574645996,0.9533926248550415,9.512847900390625
1700823005088630000,143.40063012695313,2.149660348892212,0.9485434293746948,9.52100944519043
1700823005098850000,143.41085009765624,2.1095263957977295,0.9408122301101685,9.53074836730957
1700823005108855000,143.42085498046876,2.072582960128784,0.9308438301086426,9.539828300476074
1700823005118846000,143.43084594726562,2.0391407012939453,0.9204834699630737,9.548036575317383
1700823005128858000,143.44085815429688,2.0041890144348145,0.9108864665031433,9.556354522705078
1700823005138722000,143.45072216796876,1.9595999717712402,0.9005974531173706,9.566570281982422
1700823005148860000,143.46085986328126,1.9051506519317627,0.8904168009757996,9.57851505279541
1700823005158875000,143.470875,1.8497899770736694,0.8827259540557861,9.590069770812988
1700823005168901000,143.48090112304686,1.928592324256897,1.1254569292068481,9.549046516418457
1700823005178781000,143.49078100585936,1.925575613975525,1.1871073246002197,9.542187690734863
1700823005188860000,143.50085986328125,1.8965595960617065,1.194616675376892,9.547060012817383
1700823005198817000,143.51081713867188,1.8571072816848755,1.1911735534667969,9.555241584777832
1700823005208786000,143.52078588867187,1.81208074092865,1.184865951538086,9.564667701721191
1700823005218771000,143.53077099609374,1.7643826007843018,1.1772388219833374,9.5745210647583
1700823005228700000,143.5406999511719,1.7246724367141724,1.1702148914337158,9.58261489868164
1700823005238713000,143.55071313476563,1.6933956146240234,1.1640779972076416,9.588937759399414
1700823005249813000,143.56181298828125,1.672379732131958,1.1602028608322144,9.593094825744629
1700823005258699000,143.57069897460937,1.6590701341629028,1.1585443019866943,9.59560489654541
1700823005268765000,143.58076489257812,1.6481068134307861,1.1550488471984863,9.597916603088379
1700823005278808000,143.59080810546874,1.6389199495315552,1.1485642194747925,9.600268363952637
1700823005288807000,143.60080688476563,1.6344891786575317,1.1402010917663574,9.602020263671875
1700823005298748000,143.61074780273438,1.6337659358978271,1.1335440874099731,9.602930068969727
1700823005308703000,143.62070288085937,1.6362690925598145,1.131079077720642,9.602794647216797
1700823005318881000,143.63088110351563,1.6416867971420288,1.132500410079956,9.601702690124512
1700823005328796000,143.6407958984375,1.6456457376480103,1.1137851476669312,9.603215217590332
1700823005338668000,143.65066796875,1.6396745443344116,1.063676118850708,9.60991382598877
1700823005348907000,143.66090698242186,1.618550181388855,0.9719646573066711,9.623199462890625
1700823005358913000,143.6709130859375,1.569236159324646,0.8642019033432007,9.641631126403809
1700823005368936000,143.68093603515624,1.4996850490570068,0.7592933773994446,9.66151237487793
1700823005378816000,143.69081591796876,1.4515953063964844,0.6847074627876282,9.674420356750488
1700823005388971000,143.70097094726563,1.4245096445083618,0.6312690377235413,9.682079315185547
1700823005398673000,143.7106728515625,1.405040979385376,0.5928937196731567,9.687348365783691
1700823005408921000,143.72092114257813,1.3801178932189941,0.5572001934051514,9.693048477172852
1700823005418677000,143.73067700195313,1.379706621170044,0.5473126769065857,9.693670272827148
1700823005428639000,143.74063891601563,1.3757416009902954,0.5347238779067993,9.694937705993652
1700823005438923000,143.75092309570311,1.37026047706604,0.5189125537872314,9.69657039642334
1700823005448666000,143.760666015625,1.3656196594238281,0.49952423572540283,9.69824504852295
1700823005458661000,143.7706611328125,1.3605459928512573,0.477559357881546,9.700064659118652
1700823005468786000,143.7807858886719,1.3507827520370483,0.4552423059940338,9.702502250671387
1700823005478646000,143.79064599609376,1.3309482336044312,0.4357715845108032,9.706137657165527
1700823005488975000,143.80097509765625,1.3018544912338257,0.42098990082740784,9.710733413696289
1700823005498656000,143.81065600585939,1.2717381715774536,0.41128918528556824,9.715139389038086
1700823005508753000,143.8207529296875,1.2450374364852905,0.4056204855442047,9.718833923339844
1700823005518777000,143.83077709960938,1.2236478328704834,0.4004538953304291,9.72176456451416
1700823005528778000,143.8407780761719,1.2089678049087524,0.3927297294139862,9.723916053771973
1700823005538768000,143.85076782226562,1.1946213245391846,0.382801353931427,9.726086616516113
1700823005548832000,143.86083203125,1.1777777671813965,0.37166592478752136,9.728571891784668
1700823005558858000,143.87085791015625,1.1571156978607178,0.3596528172492981,9.731501579284668
1700823005568774000,143.88077392578126,1.1284410953521729,0.35759851336479187,9.734944343566895
1700823005578839000,143.89083911132812,1.0859599113464355,0.37497955560684204,9.739120483398438
1700823005588846000,143.90084619140626,1.0417176485061646,0.3973410427570343,9.74306583404541
1700823005598840000,143.91084008789062,1.014212727546692,0.4029235243797302,9.745739936828613
1700823005608756000,143.920755859375,0.9971733093261719,0.401446133852005,9.747559547424316
1700823005618829000,143.9308291015625,0.9888949990272522,0.39770111441612244,9.748554229736328
1700823005628778000,143.94077807617188,0.9985910654067993,0.3869900405406952,9.747998237609863
1700823005638891000,143.95089111328124,1.0190893411636353,0.37395986914634705,9.746384620666504
1700823005648832000,143.96083203125,1.0301263332366943,0.3652323782444,9.74555492401123
1700823005658956000,143.9709560546875,1.0198934078216553,0.362032413482666,9.74675178527832
1700823005669056000,143.98105590820313,1.0108044147491455,0.35979047417640686,9.747779846191406
1700823005678985000,143.99098486328126,1.0073524713516235,0.3596770763397217,9.748141288757324
1700823005689545000,144.001544921875,1.0070418119430542,0.3617994785308838,9.748095512390137
1700823005698789000,144.0107890625,1.0078966617584229,0.36531129479408264,9.747875213623047
1700823005709872000,144.0218720703125,1.0126522779464722,0.37215399742126465,9.747125625610352
1700823005719058000,144.03105786132812,1.0184448957443237,0.38005876541137695,9.746214866638184
1700823005728759000,144.04075903320313,1.0259569883346558,0.3897726535797119,9.745044708251953
1700823005738667000,144.0506669921875,1.0343083143234253,0.3991635739803314,9.743781089782715
1700823005748841000,144.06084106445311,1.039830207824707,0.4051765501499176,9.742945671081543
1700823005758693000,144.07069311523438,1.0398446321487427,0.4073220491409302,9.742855072021484
1700823005768883000,144.08088305664063,1.0366721153259277,0.40642714500427246,9.743229866027832
1700823005778823000,144.0908229980469,1.0319994688034058,0.4025862514972687,9.743884086608887
1700823005788911000,144.1009111328125,1.0275245904922485,0.39711862802505493,9.74458122253418
1700823005798975000,144.11097509765625,1.0239183902740479,0.39081308245658875,9.745217323303223
1700823005808792000,144.1207919921875,1.0202614068984985,0.38449499011039734,9.745850563049316
1700823005818650000,144.13065014648438,1.018584966659546,0.3806941509246826,9.746176719665527
1700823005828871000,144.14087084960937,1.023663878440857,0.3827206790447235,9.745565414428711
1700823005838686000,144.15068603515624,1.0346453189849854,0.3875172734260559,9.744216918945312
1700823005848695000,144.1606950683594,1.0525845289230347,0.3950555622577667,9.74199104309082
1700823005858673000,144.1706728515625,1.0733932256698608,0.4038119912147522,9.739360809326172
1700823005869134000,144.18113403320314,1.096526861190796,0.412811279296875,9.736405372619629
1700823005878812000,144.19081201171875,1.1157408952713013,0.41745883226394653,9.734025955200195
1700823005888906000,144.20090600585937,1.1300541162490845,0.4166179895401001,9.732410430908203
1700823005899104000,144.21110400390626,1.1413379907608032,0.41079995036125183,9.731341361999512
1700823005908660000,144.22065991210937,1.1539660692214966,0.40258973836898804,9.730193138122559
1700823005918694000,144.23069384765626,1.171549677848816,0.39291709661483765,9.728487968444824
1700823005928648000,144.24064794921875,1.188385009765625,0.3836018443107605,9.726818084716797
1700823005938677000,144.25067700195314,1.1994208097457886,0.37515726685523987,9.725791931152344
1700823005948766000,144.2607658691406,1.2077198028564453,0.368371844291687,9.725025177001953
1700823005958792000,144.2707919921875,1.2159122228622437,0.3626861870288849,9.724218368530273
1700823005968726000,144.28072607421876,1.2270622253417969,0.3569026291370392,9.723031044006348
1700823005978742000,144.29074194335936,1.2380951642990112,0.3504559397697449,9.721867561340332
1700823005988791000,144.300791015625,1.2457891702651978,0.34013065695762634,9.721250534057617
1700823005998879000,144.31087890625,1.2494847774505615,0.3262973725795746,9.721250534057617
1700823006008844000,144.32084399414063,1.2471449375152588,0.3090621531009674,9.722115516662598
1700823006018869000,144.33086889648436,1.2419754266738892,0.2878250181674957,9.723428726196289
1700823006028776000,144.34077587890624,1.2383323907852173,0.2616848945617676,9.724631309509277
1700823006038742000,144.35074194335937,1.235598087310791,0.23420242965221405,9.725678443908691
1700823006051011000,144.36301098632813,1.2302687168121338,0.2064984291791916,9.726983070373535
1700823006068731000,144.38073095703126,1.205854892730713,0.157828226685524,9.730951309204102
1700823006078636000,144.39063598632814,1.191635251045227,0.13228607177734375,9.733083724975586
1700823006088649000,144.40064892578124,1.175896167755127,0.10650836676359177,9.73531436920166
1700823006098770000,144.41077001953124,1.1481374502182007,0.08697744458913803,9.738819122314453
1700823006108662000,144.420662109375,1.1057780981063843,0.07462766766548157,9.74382209777832
1700823006118895000,144.43089501953125,1.0570608377456665,0.06382423639297485,9.749303817749023
1700823006128925000,144.44092504882812,1.0034738779067993,0.04976765438914299,9.755048751831055
1700823006138659000,144.4506591796875,0.9446797370910645,0.03129763901233673,9.760993957519531
1700823006148907000,144.46090698242188,0.8823103904724121,0.007959434762597084,9.766874313354492
1700823006158716000,144.4707158203125,0.8199459910392761,-0.017609307542443275,9.772294998168945
1700823006168729000,144.48072900390625,0.7488669753074646,-0.04943886399269104,9.777892112731934
1700823006178675000,144.49067504882814,0.6725520491600037,-0.088253453373909,9.783163070678711
1700823006188986000,144.50098608398437,0.5899126529693604,-0.13239654898643494,9.787995338439941
1700823006198810000,144.51081005859376,0.5073898434638977,-0.17626959085464478,9.7919282913208
1700823006208848000,144.52084790039063,0.42387306690216064,-0.21625731885433197,9.795099258422852
1700823006218744000,144.530744140625,0.3376791775226593,-0.25260406732559204,9.797579765319824
1700823006228757000,144.54075708007812,0.2546469569206238,-0.28518328070640564,9.799196243286133
1700823006238771000,144.55077099609375,0.1799485683441162,-0.31341275572776794,9.799989700317383
1700823006248893000,144.56089282226563,0.1176706850528717,-0.3367033302783966,9.800163269042969
1700823006258796000,144.57079614257813,0.06303074955940247,-0.3562649190425873,9.799972534179688
1700823006268718000,144.58071801757814,0.009633505716919899,-0.37881752848625183,9.799324989318848
1700823006278812000,144.59081201171875,-0.04387772083282471,-0.4044964611530304,9.798206329345703
1700823006288821000,144.60082104492187,-0.10046879202127457,-0.4339931905269623,9.796527862548828
1700823006298650000,144.61065014648437,-0.15930268168449402,-0.46339842677116394,9.794401168823242
1700823006308791000,144.620791015625,-0.040710195899009705,-0.45922642946243286,9.795806884765625
1700823006318647000,144.63064697265625,0.2826484739780426,-0.4132552146911621,9.79386043548584
1700823006328785000,144.64078491210938,0.2232172191143036,-0.4253314435482025,9.794879913330078
1700823006338631000,144.650630859375,0.16280806064605713,-0.4327133893966675,9.795745849609375
1700823006348758000,144.66075805664062,0.09957914799451828,-0.43781158328056335,9.796367645263672
1700823006358890000,144.67088989257812,0.39934125542640686,-0.22748102247714996,9.795873641967773
1700823006368937000,144.68093701171875,0.3202835023403168,-0.23525077104568481,9.79859447479248
1700823006378887000,144.69088696289063,0.22982348501682281,-0.24624153971672058,9.800864219665527
1700823006388766000,144.70076586914064,0.12352876365184784,-0.2590928375720978,9.802450180053711
1700823006398799000,144.71079907226562,0.010737082920968533,-0.2699891924858093,9.80292797088623
1700823006408775000,144.72077490234375,-0.11242226511240005,-0.2770078480243683,9.802093505859375
1700823006418802000,144.73080200195312,-0.24804946780204773,-0.2787371575832367,9.799551010131836
1700823006428687000,144.74068701171876,-0.382811576128006,-0.2823313772678375,9.7951078414917
1700823006438789000,144.7507890625,-0.5173562169075012,-0.288249671459198,9.788752555847168
1700823006448764000,144.76076391601563,-0.6543582081794739,-0.29605039954185486,9.780317306518555
1700823006458694000,144.77069384765625,-0.7930927276611328,-0.30311813950538635,9.769827842712402
1700823006468672000,144.78067211914063,-0.925402820110321,-0.3122974932193756,9.757892608642578
1700823006478819000,144.79081909179686,-1.041837215423584,-0.321455180644989,9.74585247039795
1700823006488765000,144.80076489257812,-1.0557774305343628,-0.3247416615486145,9.744242668151855
1700823006498780000,144.81077978515626,-1.145623803138733,-0.33371788263320923,9.733786582946777
1700823006508885000,144.82088500976562,-1.248536467552185,-0.322258323431015,9.72150707244873
1700823006518628000,144.83062817382813,-1.335261344909668,-0.3025350868701935,9.710609436035156
1700823006529084000,144.841083984375,-1.4273509979248047,-0.2814335525035858,9.698137283325195
1700823006538866000,144.85086596679687,-1.5188555717468262,-0.2837739884853363,9.684159278869629
1700823006548627000,144.860626953125,-1.6171464920043945,-0.3156041204929352,9.667243957519531
1700823006558747000,144.87074682617188,-1.6925714015960693,-0.35243338346481323,9.653050422668457
1700823006568838000,144.880837890625,-1.75392746925354,-0.3648737668991089,9.641629219055176
1700823006578965000,144.89096508789063,-1.7736066579818726,-0.3570338785648346,9.638321876525879
1700823006588889000,144.90088916015625,-1.7889894247055054,-0.33125558495521545,9.636397361755371
1700823006598806000,144.91080590820312,-1.8069220781326294,-0.3018675744533539,9.634016036987305
1700823006608991000,144.92099096679686,-1.8369892835617065,-0.2942895293235779,9.628564834594727
1700823006619028000,144.93102807617188,-1.8768314123153687,-0.31470775604248047,9.620231628417969
1700823006629008000,144.9410078125,-1.915732502937317,-0.3453250229358673,9.611510276794434
1700823006638893000,144.95089306640625,-1.9577958583831787,-0.37249067425727844,9.60201358795166
1700823006648794000,144.9607941894531,-1.9936212301254272,-0.39136606454849243,9.593889236450195
1700823006658884000,144.97088403320313,-2.0226082801818848,-0.402907133102417,9.587342262268066
1700823006668838000,144.980837890625,-2.0453684329986572,-0.40740182995796204,9.582321166992188
1700823006679041000,144.991041015625,-2.0515081882476807,-0.40758243203163147,9.581000328063965
1700823006688863000,145.00086303710938,-2.054065465927124,-0.410558819770813,9.580327987670898
1700823006698875000,145.010875,-2.050557851791382,-0.41401422023773193,9.580927848815918
1700823006708808000,145.02080786132814,-2.0512025356292725,-0.417894572019577,9.580623626708984
1700823006719441000,145.03144091796875,-2.0598130226135254,-0.42175301909446716,9.578607559204102
1700823006728841000,145.04084106445313,-2.06772518157959,-0.42211949825286865,9.576884269714355
1700823006738791000,145.050791015625,-2.0777461528778076,-0.4141167998313904,9.575067520141602
1700823006748726000,145.06072607421876,-2.075223922729492,-0.39480042457580566,9.576428413391113
1700823006758923000,145.07092309570314,-2.058480978012085,-0.3679617941379547,9.581110000610352
1700823006768706000,145.0807060546875,-2.051682949066162,-0.3444920778274536,9.583440780639648
1700823006778762000,145.09076196289064,-2.0610523223876953,-0.328896164894104,9.581977844238281
1700823006788928000,145.1009279785156,-2.084420919418335,-0.32869067788124084,9.576929092407227
1700823006799023000,145.1110231933594,-2.102684259414673,-0.3335472047328949,9.572765350341797
1700823006809044000,145.1210439453125,-2.121103048324585,-0.3379150331020355,9.568550109863281
1700823006819021000,145.13102099609375,-2.133089303970337,-0.33665335178375244,9.565929412841797
1700823006829426000,145.14142602539061,-2.130497455596924,-0.3280240595340729,9.566804885864258
1700823006838923000,145.15092309570312,-2.104926586151123,-0.31785306334495544,9.572808265686035
1700823006848856000,145.16085595703126,-2.0657899379730225,-0.3089601695537567,9.581622123718262
1700823006859069000,145.17106884765624,-2.036933183670044,-0.30671557784080505,9.587870597839355
1700823006868800000,145.18080004882813,-2.0235085487365723,-0.31082507967948914,9.59057903289795
1700823006878681000,145.19068115234376,-2.0126023292541504,-0.3172273337841034,9.592663764953613
1700823006888829000,145.20082885742187,-1.9695050716400146,-0.3124222755432129,9.601762771606445
1700823006900095000,145.21209497070313,-1.9156156778335571,-0.30023878812789917,9.613048553466797
1700823006908886000,145.2208859863281,-1.8494629859924316,-0.27952510118484497,9.626616477966309
1700823006918844000,145.23084399414063,-1.7629332542419434,-0.24912527203559875,9.643671035766602
1700823006928838000,145.240837890625,-1.6648545265197754,-0.21547873318195343,9.661895751953125
1700823006938837000,145.2508369140625,-1.5544202327728271,-0.18085984885692596,9.680983543395996
1700823006948925000,145.2609250488281,-1.43299400806427,-0.15107786655426025,9.700212478637695
1700823006958945000,145.27094506835937,-1.291571855545044,-0.1287204921245575,9.720375061035156
1700823006968964000,145.28096411132813,-1.1363544464111328,-0.11501257121562958,9.739911079406738
1700823006978755000,145.29075512695312,-0.9688047170639038,-0.10168460011482239,9.758149147033691
1700823006988805000,145.30080517578125,-0.7994418144226074,-0.08193623274564743,9.773666381835938
1700823006998751000,145.3107509765625,-0.6205354332923889,-0.050355393439531326,9.786867141723633
1700823007008943000,145.32094311523437,-0.4591735303401947,-0.015369126573204994,9.795882225036621
1700823007018929000,145.33092895507812,-0.276090145111084,0.026857612654566765,9.802725791931152
1700823007028828000,145.34082788085936,-0.08917875587940216,0.06769786775112152,9.806012153625488
1700823007038860000,145.35086010742188,0.10482172667980194,0.1038069948554039,9.805542945861816
1700823007048729000,145.36072900390624,0.29842180013656616,0.12615327537059784,9.801297187805176
1700823007058956000,145.3709560546875,0.5163155198097229,0.1446501761674881,9.79198169708252
1700823007068850000,145.38084985351563,0.7170411944389343,0.16412673890590668,9.779024124145508
1700823007078905000,145.39090502929687,0.9236801862716675,0.19066782295703888,9.761190414428711
1700823007088877000,145.400876953125,1.126413106918335,0.22688627243041992,9.73910140991211
1700823007098809000,145.41080908203125,1.3056448698043823,0.26700082421302795,9.715678215026855
1700823007108968000,145.42096801757813,1.4458482265472412,0.3032490909099579,9.694738388061523
1700823007119033000,145.431033203125,1.5519959926605225,0.33394670486450195,9.677302360534668
1700823007129119000,145.44111889648437,1.628771424293518,0.3548550605773926,9.663930892944336
1700823007138613000,145.45061303710938,1.67862069606781,0.36767274141311646,9.654918670654297
1700823007148699000,145.4606989746094,1.7077476978302002,0.37508535385131836,9.649524688720703
1700823007158646000,145.47064599609374,1.7262910604476929,0.3787897825241089,9.646077156066895
1700823007168638000,145.48063793945312,1.7250980138778687,0.37998950481414795,9.646245956420898
1700823007178659000,145.4906591796875,1.7020334005355835,0.38027533888816833,9.65032958984375
1700823007188755000,145.5007548828125,1.6630173921585083,0.3805772364139557,9.657118797302246
1700823007198752000,145.510751953125,1.5586557388305664,0.36982056498527527,9.674927711486816
1700823007208745000,145.52074487304688,1.4230326414108276,0.3475070297718048,9.696629524230957
1700823007218654000,145.53065405273438,1.2719401121139526,0.3217088580131531,9.718491554260254
1700823007228662000,145.540662109375,1.1177972555160522,0.30093204975128174,9.738088607788086
1700823007238749000,145.5507490234375,0.9762652516365051,0.28787994384765625,9.753687858581543
1700823007248907000,145.56090698242187,0.8254591822624207,0.2754126787185669,9.767964363098145
1700823007258850000,145.57085009765626,0.6654781699180603,0.25963732600212097,9.780599594116211
1700823007268882000,145.5808818359375,0.5315060615539551,0.24214579164981842,9.789241790771484
1700823007278938000,145.59093823242188,0.386579692363739,0.21652385592460632,9.796635627746582
1700823007288913000,145.60091284179688,0.23476853966712952,0.18156331777572632,9.80215835571289
1700823007298804000,145.61080395507813,0.0639168843626976,0.13897329568862915,9.805458068847656
1700823007308882000,145.6208818359375,-0.10156594216823578,0.10475772619247437,9.805563926696777
1700823007318946000,145.63094604492187,-0.2620791494846344,0.08326718956232071,9.802794456481934
1700823007328767000,145.64076708984376,-0.4105173349380493,0.06983780115842819,9.797806739807129
1700823007338704000,145.6507038574219,-0.5297931432723999,0.056491997092962265,9.792165756225586
1700823007348764000,145.6607639160156,-0.6236053705215454,0.042069211602211,9.786713600158691
1700823007358883000,145.67088305664063,-0.6971481442451477,0.025342531502246857,9.781806945800781
1700823007368850000,145.68084985351564,-0.7641098499298096,0.003911912906914949,9.776837348937988
1700823007378852000,145.69085205078125,-0.8440788388252258,-0.02134966291487217,9.770233154296875
1700823007388872000,145.70087182617186,-0.9426870942115784,-0.04654606431722641,9.761126518249512
1700823007398763000,145.71076293945313,-1.0420703887939453,-0.06809738278388977,9.750890731811523
1700823007408868000,145.7208681640625,-1.1246604919433594,-0.08345365524291992,9.741591453552246
1700823007418857000,145.73085693359374,-1.1980390548706055,-0.09541179984807968,9.732728958129883
1700823007428882000,145.7408818359375,-1.2546809911727905,-0.10813947767019272,9.725455284118652
1700823007438955000,145.750955078125,-1.2892653942108154,-0.12295184284448624,9.720754623413086
1700823007448815000,145.76081518554687,-1.308135986328125,-0.1409679800271988,9.717988967895508
1700823007458886000,145.77088598632812,-1.3190566301345825,-0.159684956073761,9.71622085571289
1700823007468851000,145.78085083007812,-1.3271067142486572,-0.17402152717113495,9.714879989624023
1700823007478700000,145.7906999511719,-1.3223189115524292,-0.1794847548007965,9.715434074401855
1700823007488762000,145.80076220703126,-1.3100942373275757,-0.17587211728096008,9.717156410217285
1700823007498825000,145.81082495117187,-1.3120821714401245,-0.1626528650522232,9.717118263244629
1700823007508686000,145.82068603515626,-1.2919301986694336,-0.14064240455627441,9.720161437988281
1700823007518874000,145.8308740234375,-1.2430238723754883,-0.1234516128897667,9.726770401000977
1700823007528977000,145.8409768066406,-1.1837807893753052,-0.10909867286682129,9.734328269958496
1700823007538851000,145.85085107421875,-1.1339596509933472,-0.09603051841259003,9.740396499633789
1700823007549018000,145.86101806640625,-1.0719074010849,-0.07832944393157959,9.747578620910645
1700823007559109000,145.87110913085937,-0.9994968175888062,-0.054482702165842056,9.755431175231934
1700823007568690000,145.88068994140625,-0.9252350330352783,-0.023353110998868942,9.762877464294434
1700823007579006000,145.891005859375,-0.8595610857009888,0.006212006323039532,9.768905639648438
1700823007588908000,145.90090795898436,-0.7933598756790161,0.02268091030418873,9.774480819702148
1700823007598868000,145.91086791992188,-0.6975076198577881,0.02951601706445217,9.781767845153809
1700823007608836000,145.92083618164062,-0.579242467880249,0.032547347247600555,9.789473533630371
1700823007619001000,145.9310009765625,-0.45862114429473877,0.03797317296266556,9.795846939086914
1700823007628670000,145.940669921875,-0.33976972103118896,0.05038812756538391,9.800634384155273
1700823007638858000,145.95085791015626,-0.2233048975467682,0.06987053155899048,9.80385971069336
1700823007648867000,145.9608671875,-0.08474690467119217,0.09773264825344086,9.80579662322998
1700823007658926000,145.9709260253906,0.03736789897084236,0.12405863404273987,9.805794715881348
1700823007669006000,145.98100610351563,0.17302782833576202,0.15213936567306519,9.803942680358887
1700823007678955000,145.990955078125,0.3108119070529938,0.1789262443780899,9.800090789794922
1700823007688887000,146.00088696289063,0.46174103021621704,0.20489859580993652,9.79362964630127
1700823007698726000,146.01072583007812,0.6327514052391052,0.23245413601398468,9.783452987670898
1700823007708897000,146.02089697265626,0.8007351160049438,0.26319822669029236,9.770359992980957
1700823007719776000,146.03177587890625,0.9531503319740295,0.29503947496414185,9.755760192871094
1700823007728933000,146.04093310546875,1.0878461599349976,0.3239014148712158,9.740744590759277
1700823007738781000,146.05078100585936,1.2098103761672974,0.34928691387176514,9.725469589233398
1700823007748910000,146.06091015625,1.342993974685669,0.3763856291770935,9.70695972442627
1700823007758830000,146.070830078125,1.4887217283248901,0.4067758023738861,9.684453010559082
1700823007768898000,146.08089794921875,1.6420842409133911,0.44368454813957214,9.658007621765137
1700823007778908000,146.0909079589844,1.8026885986328125,0.4879612326622009,9.627181053161621
1700823007788905000,146.10090502929688,1.965177297592163,0.5321902632713318,9.592979431152344
1700823007798889000,146.11088891601563,2.115696668624878,0.5713058710098267,9.5586519241333
1700823007808780000,146.12078002929687,2.2324507236480713,0.601384162902832,9.530210494995117
1700823007818818000,146.13081811523438,2.306884288787842,0.619617760181427,9.5112943649292
1700823007828752000,146.140751953125,2.370190143585205,0.6376774311065674,9.494524002075195
1700823007838838000,146.15083813476562,2.4258780479431152,0.6572446227073669,9.479110717773438
1700823007848791000,146.160791015625,2.476348400115967,0.6789040565490723,9.464522361755371
1700823007858848000,146.1708479003906,2.5200889110565186,0.7019149661064148,9.451289176940918
1700823007868943000,146.18094311523438,2.5523993968963623,0.7185255885124207,9.441365242004395
1700823007878978000,146.19097802734376,2.578927755355835,0.7291840314865112,9.43333625793457
1700823007888832000,146.20083203125,2.5975139141082764,0.7341916561126709,9.427846908569336
1700823007898923000,146.21092309570312,2.608320951461792,0.7340806126594543,9.424869537353516
1700823007908847000,146.22084716796874,2.612248420715332,0.7297291159629822,9.424121856689453
1700823007918860000,146.23086010742188,2.6109588146209717,0.7226788997650146,9.425021171569824
1700823007928967000,146.240966796875,2.6043639183044434,0.7154942750930786,9.427393913269043
1700823007938740000,146.25073999023436,2.596710681915283,0.710593044757843,9.429874420166016
1700823007948870000,146.2608698730469,2.5950210094451904,0.7071420550346375,9.430599212646484
1700823007958896000,146.27089624023438,2.599672794342041,0.7085846066474915,9.429210662841797
1700823007971447000,146.28344702148436,2.611546754837036,0.7194108366966248,9.425107955932617
1700823007988889000,146.30088916015626,4.215027809143066,1.3263096809387207,8.754703521728516
1700823007998928000,146.31092797851562,4.231797695159912,1.341744303703308,8.744256019592285
1700823008010465000,146.32246508789063,4.239668369293213,1.3592731952667236,8.737733840942383
1700823008018913000,146.3309130859375,4.239511966705322,1.3718112707138062,8.735849380493164
1700823008028846000,146.34084619140626,4.23626708984375,1.3817001581192017,8.735865592956543
1700823008039120000,146.35111987304688,4.233997344970703,1.3856351375579834,8.736343383789062
1700823008048693000,146.36069287109376,4.224982261657715,1.3832467794418335,8.741084098815918
1700823008058962000,146.3709619140625,4.122320175170898,1.3308932781219482,8.79804515838623
1700823008068908000,146.38090795898438,3.9466683864593506,1.2472381591796875,8.890365600585938
1700823008078860000,146.39086010742187,3.7286105155944824,1.13796067237854,8.998494148254395
1700823008092439000,146.40443896484376,3.3926994800567627,0.9388318657875061,9.153063774108887
1700823008108724000,146.42072387695313,2.9173269271850586,0.7216834425926208,9.33481502532959
1700823008118667000,146.4306669921875,2.7452468872070312,0.6760019063949585,9.390262603759766
1700823008128746000,146.44074609375,2.5942907333374023,0.6636191010475159,9.433963775634766
1700823008138649000,146.4506491699219,2.5790798664093018,0.6578574776649475,9.438535690307617
1700823008148761000,146.46076098632813,2.557568311691284,0.6578177213668823,9.444391250610352
1700823008158763000,146.47076293945312,2.5375497341156006,0.6654317378997803,9.449256896972656
1700823008168654000,146.48065405273437,2.5204150676727295,0.6790887713432312,9.452868461608887
1700823008178667000,146.4906669921875,2.5062594413757324,0.693763792514801,9.455567359924316
1700823008188914000,146.50091381835938,2.5086658000946045,0.7097297310829163,9.453743934631348
1700823008198918000,146.51091796875,2.5191006660461426,0.7196376323699951,9.450220108032227
1700823008208902000,146.52090185546874,2.5362539291381836,0.7228770852088928,9.445382118225098
1700823008218905000,146.5309050292969,2.5626327991485596,0.7244260311126709,9.438141822814941
1700823008228909000,146.54090893554687,2.591111660003662,0.7257488369941711,9.430259704589844
1700823008238933000,146.55093310546874,2.611868381500244,0.7276134490966797,9.424389839172363
1700823008248841000,146.56084106445311,2.63415789604187,0.7336655855178833,9.41771411895752
1700823008258825000,146.5708249511719,2.6587047576904297,0.7453939914703369,9.409892082214355
1700823008268817000,146.58081689453124,2.387369155883789,0.6863377094268799,9.486822128295898
1700823008278960000,146.59096020507812,2.051968812942505,0.5769266486167908,9.572197914123535
1700823008288890000,146.60089013671876,2.0783209800720215,0.5887731313705444,9.565791130065918
1700823008298716000,146.6107158203125,1.614027500152588,0.34227263927459717,9.66685962677002
1700823008308820000,146.62082006835936,1.291859745979309,0.21326866745948792,9.71884822845459
1700823008318911000,146.63091088867188,1.2940157651901245,0.2009606808423996,9.71882438659668
1700823008328706000,146.6407060546875,1.3094611167907715,0.1924450695514679,9.716925621032715
1700823008338677000,146.6506770019531,1.3327044248580933,0.19417905807495117,9.71373176574707
1700823008348791000,146.660791015625,1.3605562448501587,0.2030196487903595,9.70969009399414
1700823008358960000,146.67096020507813,1.3882797956466675,0.21649961173534393,9.705471992492676
1700823008368957000,146.68095703125,1.4129714965820312,0.232998326420784,9.70152473449707
1700823008379007000,146.69100708007812,1.4361188411712646,0.24174393713474274,9.69791316986084
1700823008388918000,146.70091796875,1.4689894914627075,0.24941140413284302,9.692793846130371
1700823008400390000,146.71238989257813,1.506609559059143,0.25409048795700073,9.686895370483398
1700823008408654000,146.72065405273437,1.552568793296814,0.2574214041233063,9.679547309875488
1700823008418802000,146.73080200195312,1.6038652658462524,0.26135990023612976,9.671074867248535
1700823008428775000,146.74077490234376,1.6600927114486694,0.2688935101032257,9.661376953125
1700823008438803000,146.75080297851562,1.735506296157837,0.29435792565345764,9.647372245788574
1700823008448932000,146.76093212890626,1.823992371559143,0.328231543302536,9.629939079284668
1700823008458943000,146.77094287109375,1.914613127708435,0.36355188488960266,9.611061096191406
1700823008468823000,146.7808229980469,2.0119478702545166,0.40094080567359924,9.589666366577148
1700823008479107000,146.79110717773438,2.1108779907226562,0.43632689118385315,9.566828727722168
1700823008488851000,146.80085083007813,2.2009623050689697,0.4650844931602478,9.545148849487305
1700823008498950000,146.81094995117186,2.2724483013153076,0.4866834580898285,9.527304649353027
1700823008508776000,146.82077587890626,2.331343173980713,0.506618857383728,9.512022018432617
1700823008518902000,146.83090209960938,2.391617774963379,0.5314216017723083,9.495691299438477
1700823008528813000,146.84081298828124,2.4602482318878174,0.5643743276596069,9.476236343383789
1700823008538944000,146.85094409179686,2.530022621154785,0.599047839641571,9.45571231842041
1700823008549175000,146.86117504882813,2.602017402648926,0.6322697401046753,9.433988571166992
1700823008558841000,146.87084106445312,2.664041042327881,0.6550605297088623,9.415103912353516
1700823008568839000,146.8808388671875,2.7257919311523438,0.6720078587532043,9.396215438842773
1700823008578964000,146.8909638671875,2.7788100242614746,0.7101163864135742,9.377863883972168
1700823008588832000,146.90083203125,2.814014434814453,0.758170485496521,9.363594055175781
1700823008598714000,146.91071411132813,2.834423780441284,0.8138616681098938,9.352757453918457
1700823008608875000,146.920875,2.8504207134246826,0.8719576001167297,9.342653274536133
1700823008618757000,146.93075708007814,2.8771793842315674,0.9221969842910767,9.329618453979492
1700823008628894000,146.94089404296875,2.9245047569274902,0.9596677422523499,9.31110668182373
1700823008638761000,146.95076098632813,2.980029344558716,0.9867866635322571,9.290643692016602
1700823008648848000,146.96084790039063,3.053243637084961,1.0130083560943604,9.26401138305664
1700823008658762000,146.97076196289063,3.126699209213257,1.0291507244110107,9.23769474029541
1700823008668924000,146.980923828125,3.1818606853485107,1.0449241399765015,9.21706485748291
1700823008678898000,146.99089794921875,3.235175609588623,1.0576783418655396,9.197030067443848
1700823008688881000,147.000880859375,3.2884716987609863,1.0679153203964233,9.176922798156738
1700823008698868000,147.01086791992188,3.3406739234924316,1.0781232118606567,9.156852722167969
1700823008708975000,147.02097509765625,3.3958189487457275,1.1281235218048096,9.13050651550293
1700823008719185000,147.03118481445313,3.4407126903533936,1.1722650527954102,9.108111381530762
1700823008729031000,147.04103100585937,3.484098196029663,1.2088818550109863,9.086806297302246
1700823008738734000,147.05073413085938,3.520582437515259,1.2413395643234253,9.068350791931152
1700823008748742000,147.06074194335937,3.5445291996002197,1.2733999490737915,9.0545654296875
1700823008758758000,147.0707578125,3.5690698623657227,1.2894941568374634,9.042638778686523
1700823008768740000,147.08073999023438,3.5902369022369385,1.304158329963684,9.032151222229004
1700823008778655000,147.09065502929687,3.6092090606689453,1.3182287216186523,9.022542953491211
1700823008788717000,147.10071704101563,3.625023126602173,1.330689787864685,9.01436996459961
1700823008798756000,147.11075610351563,3.639153003692627,1.3419363498687744,9.007006645202637
1700823008808703000,147.12070288085937,3.652139186859131,1.3514823913574219,9.000320434570312
1700823008818892000,147.13089208984374,3.664536476135254,1.3610609769821167,8.99383544921875
1700823008828879000,147.14087915039062,3.676419258117676,1.3699884414672852,8.987628936767578
1700823008838929000,147.15092895507811,3.6871206760406494,1.3792668581008911,8.981823921203613
1700823008848930000,147.16092993164062,3.70046329498291,1.3926854133605957,8.974263191223145
1700823008858820000,147.17082006835938,3.718165397644043,1.4125736951828003,8.963830947875977
1700823008868869000,147.180869140625,3.736807346343994,1.4387085437774658,8.951915740966797
1700823008878861000,147.19086108398437,3.7496886253356934,1.4668536186218262,8.941956520080566
1700823008888717000,147.20071704101562,3.7521557807922363,1.4928815364837646,8.93661117553711
1700823008898950000,147.21094995117187,3.741032600402832,1.4990061521530151,8.940248489379883
1700823008909017000,147.22101708984374,3.7284204959869385,1.5055177211761475,8.944421768188477
1700823008918773000,147.23077294921876,3.7162108421325684,1.518807053565979,8.947256088256836
1700823008928778000,147.24077807617186,3.702655792236328,1.526709794998169,8.951530456542969
1700823008938815000,147.25081494140625,3.6905441284179688,1.5315338373184204,8.955706596374512
1700823008948948000,147.26094799804687,3.6800029277801514,1.5334665775299072,8.959712982177734
1700823008958966000,147.27096606445312,3.677615165710449,1.5304694175720215,8.961204528808594
1700823008968807000,147.28080688476564,3.6843743324279785,1.517105221748352,8.960700988769531
1700823008978820000,147.29082006835938,3.6969563961029053,1.4888173341751099,8.9602632522583
1700823008988918000,147.30091796875,3.7121453285217285,1.442508578300476,8.961559295654297
1700823008998669000,147.3106689453125,3.725271224975586,1.3853073120117188,8.965137481689453
1700823009008796000,147.3207958984375,3.7121565341949463,1.3665040731430054,8.973458290100098
1700823009018794000,147.3307939453125,3.69769024848938,1.3446136713027954,8.982732772827148
1700823009028913000,147.34091284179686,3.6827964782714844,1.3224433660507202,8.992137908935547
1700823009038703000,147.350703125,3.668245792388916,1.3033283948898315,9.000871658325195
1700823009048909000,147.3609089355469,3.6542625427246094,1.2874279022216797,9.008844375610352
1700823009058944000,147.37094409179687,3.6378567218780518,1.2759469747543335,9.017115592956543
1700823009069445000,147.38144506835937,3.6202235221862793,1.275494933128357,9.024271965026855
1700823009078768000,147.39076806640625,3.606523275375366,1.276518702507019,9.029611587524414
1700823009088993000,147.40099291992186,3.598090648651123,1.277571439743042,9.03282642364502
1700823009098877000,147.410876953125,3.5919806957244873,1.2787609100341797,9.035089492797852
1700823009108869000,147.420869140625,3.5948545932769775,1.255600929260254,9.037195205688477
1700823009119061000,147.43106103515626,3.593759775161743,1.2431848049163818,9.039345741271973
1700823009128871000,147.44087084960938,3.589158535003662,1.22892165184021,9.043123245239258
1700823009138723000,147.45072314453125,3.582416296005249,1.2097563743591309,9.048378944396973
1700823009148832000,147.46083203125,3.573345184326172,1.1871169805526733,9.054963111877441
1700823009158728000,147.47072802734374,3.5670361518859863,1.1697520017623901,9.059708595275879
1700823009168735000,147.48073486328124,3.5589892864227295,1.1593945026397705,9.064203262329102
1700823009178862000,147.49086206054687,3.5502965450286865,1.156036138534546,9.06804084777832
1700823009188880000,147.5008798828125,3.543246030807495,1.1596580743789673,9.07033634185791
1700823009198894000,147.51089404296874,3.5405681133270264,1.1710957288742065,9.06991195678711
1700823009208747000,147.5207470703125,3.5373599529266357,1.1701549291610718,9.071285247802734
1700823009219218000,147.5312180175781,3.541003942489624,1.171288013458252,9.069717407226562
1700823009229023000,147.54102294921876,3.5483317375183105,1.173782467842102,9.066529273986816
1700823009238896000,147.55089624023438,3.554192304611206,1.1740578413009644,9.06419849395752
1700823009248859000,147.56085888671876,3.561150550842285,1.173482894897461,9.061540603637695
1700823009258883000,147.57088305664064,3.5662999153137207,1.171725869178772,9.059744834899902
1700823009269660000,147.5816599121094,3.600221872329712,1.194671869277954,9.043315887451172
1700823009278753000,147.5907529296875,3.6140456199645996,1.208631157875061,9.035943031311035
1700823009288840000,147.60083984375,3.6205687522888184,1.222031593322754,9.03152847290039
1700823009300080000,147.612080078125,3.6211435794830322,1.2349371910095215,9.02954387664795
1700823009308776000,147.62077587890624,3.6144707202911377,1.2469345331192017,9.030567169189453
1700823009318816000,147.63081591796876,3.6076624393463135,1.2593570947647095,9.03156566619873
1700823009328814000,147.64081396484374,3.6023290157318115,1.2717218399047852,9.031963348388672
1700823009338806000,147.65080590820313,3.5944647789001465,1.2833765745162964,9.033447265625
1700823009348799000,147.66079907226563,3.581700325012207,1.2919056415557861,9.037300109863281
1700823009358829000,147.6708291015625,3.5630252361297607,1.2960695028305054,9.044082641601562
1700823009368796000,147.6807958984375,3.541855812072754,1.2977172136306763,9.05215835571289
1700823009378691000,147.69069116210937,3.521296739578247,1.295947551727295,9.060429573059082
1700823009388798000,147.7007978515625,3.5013515949249268,1.2915269136428833,9.06878662109375
1700823009398914000,147.7109140625,3.479243516921997,1.2873481512069702,9.077884674072266
1700823009408718000,147.72071801757812,3.4544641971588135,1.2850862741470337,9.087663650512695
1700823009418870000,147.7308701171875,3.430363178253174,1.2857117652893066,9.096700668334961
1700823009428875000,147.740875,3.407982349395752,1.2889807224273682,9.104646682739258
1700823009440228000,147.75222802734376,3.3795416355133057,1.2939289808273315,9.114541053771973
1700823009448886000,147.76088598632813,3.3564798831939697,1.3008681535720825,9.1220703125
1700823009458919000,147.7709189453125,3.336275100708008,1.3070052862167358,9.128602981567383
1700823009468670000,147.780669921875,3.3230576515197754,1.314018964767456,9.132416725158691
1700823009478627000,147.790626953125,3.3155806064605713,1.322127103805542,9.133964538574219
1700823009488741000,147.8007412109375,3.3094348907470703,1.3292404413223267,9.135160446166992
1700823009498850000,147.81085009765624,3.3031070232391357,1.3367042541503906,9.136361122131348
1700823009508775000,147.82077490234374,3.294046640396118,1.3440839052200317,9.138550758361816
1700823009518848000,147.83084790039064,3.2807648181915283,1.3518056869506836,9.142187118530273
1700823009528782000,147.84078198242187,3.2632546424865723,1.3597869873046875,9.147269248962402
1700823009538785000,147.85078491210936,3.242720603942871,1.367240309715271,9.153459548950195
1700823009549114000,147.86111401367188,3.2249178886413574,1.3758701086044312,9.158453941345215
1700823009558887000,147.87088696289064,3.184518814086914,1.36544668674469,9.174138069152832
1700823009568746000,147.88074609375,3.149646759033203,1.3726526498794556,9.18509292602539
1700823009578778000,147.89077807617187,3.1158626079559326,1.4011694192886353,9.19230842590332
1700823009588824000,147.90082397460938,3.0755116939544678,1.4687895774841309,9.195341110229492
1700823009599126000,147.9111259765625,3.040400505065918,1.5746593475341797,9.189494132995605
1700823009608851000,147.92085083007814,3.0145509243011475,1.661768913269043,9.18266773223877
1700823009618841000,147.93084106445312,2.993004322052002,1.7228683233261108,9.178455352783203
1700823009628785000,147.94078491210936,2.986543893814087,1.755876898765564,9.174304008483887
1700823009638800000,147.9507998046875,2.983863353729248,1.7746151685714722,9.171570777893066
1700823009648908000,147.96090795898436,2.9820587635040283,1.7827754020690918,9.170573234558105
1700823009658816000,147.97081591796876,2.9797699451446533,1.7879782915115356,9.170305252075195
1700823009668770000,147.98077001953126,2.9772965908050537,1.7888919115066528,9.170930862426758
1700823009678845000,147.99084497070314,2.972909927368164,1.7836580276489258,9.173372268676758
1700823009688761000,148.00076098632812,2.971088171005249,1.775455117225647,9.175553321838379
1700823009699100000,148.01109985351562,2.9653806686401367,1.764472246170044,9.17951774597168
1700823009708654000,148.0206540527344,2.9530324935913086,1.7653964757919312,9.183319091796875
1700823009718802000,148.03080200195313,2.940565347671509,1.7676304578781128,9.186890602111816
1700823009728861000,148.04086083984376,2.9267475605010986,1.7702062129974365,9.190805435180664
1700823009738737000,148.05073681640624,2.909569501876831,1.77249014377594,9.195817947387695
1700823009748910000,148.06091015625,2.887472152709961,1.7754496335983276,9.202210426330566
1700823009758630000,148.0706298828125,2.862621545791626,1.7787846326828003,9.209327697753906
1700823009768778000,148.08077807617187,2.8376083374023438,1.7802062034606934,9.216791152954102
1700823009778801000,148.09080078125,2.7134382724761963,1.8523907661437988,9.239930152893066
1700823009788786000,148.10078588867188,2.6072044372558594,1.9562036991119385,9.249115943908691
1700823009798843000,148.1108427734375,2.5789332389831543,1.9478894472122192,9.258792877197266
1700823009808757000,148.12075708007814,2.548694610595703,1.9404850006103516,9.268715858459473
1700823009818865000,148.1308649902344,2.514540195465088,1.9362246990203857,9.278928756713867
1700823009828803000,148.14080297851564,2.478156089782715,1.935179591178894,9.28892993927002
1700823009838810000,148.15081005859375,2.4436612129211426,1.9351304769515991,9.298074722290039
1700823009848887000,148.16088696289063,2.411064863204956,1.9342539310455322,9.306761741638184
1700823009858842000,148.17084204101562,2.3769376277923584,1.9323835372924805,9.315924644470215
1700823009868865000,148.18086499023437,2.5046234130859375,1.9964591264724731,9.268841743469238
1700823009878657000,148.19065698242187,2.546873092651367,1.9947429895401,9.257689476013184
1700823009888791000,148.200791015625,2.566021680831909,1.9814698696136475,9.255252838134766
1700823009898859000,148.21085888671874,2.557353973388672,1.9736812114715576,9.259315490722656
1700823009908921000,148.22092114257813,2.536572217941284,1.9718817472457886,9.265413284301758
1700823009918939000,148.23093896484374,2.5122573375701904,1.9724799394607544,9.271906852722168
1700823009928910000,148.24091015625,2.485136032104492,1.9727585315704346,9.279155731201172
1700823009938696000,148.25069604492188,2.4527249336242676,1.9645240306854248,9.289520263671875
1700823009948733000,148.26073291015626,2.4165239334106445,1.934374451637268,9.30532169342041
1700823009958643000,148.27064282226561,2.3877198696136475,1.8903087377548218,9.321798324584961
1700823009968711000,148.2807109375,2.355717658996582,1.8845891952514648,9.331093788146973
1700823009978917000,148.2909172363281,2.3319013118743896,1.8754913806915283,9.338905334472656
1700823009988823000,148.30082299804687,2.3183329105377197,1.8648992776870728,9.344402313232422
1700823009999359000,148.31135888671875,2.3177952766418457,1.8532819747924805,9.346847534179688
1700823010008795000,148.320794921875,2.3086235523223877,1.8561586141586304,9.348546028137207
1700823010018848000,148.33084790039064,2.2988100051879883,1.8593413829803467,9.350332260131836
1700823010028860000,148.34085986328125,2.2863330841064453,1.8627690076828003,9.35270881652832
1700823010038826000,148.35082592773438,2.2707359790802,1.8647987842559814,9.356103897094727
1700823010048709000,148.36070922851562,2.2620904445648193,1.8417096138000488,9.36276912689209
1700823010058695000,148.37069482421876,2.2447028160095215,1.840758204460144,9.36713981628418
1700823010068871000,148.38087084960938,2.226957082748413,1.8429884910583496,9.37093734741211
1700823010078812000,148.39081201171874,2.2112419605255127,1.8461674451828003,9.374032974243164
1700823010088815000,148.40081518554686,2.2001726627349854,1.8448981046676636,9.376884460449219
1700823010099020000,148.41102001953124,2.1912648677825928,1.8436671495437622,9.3792142868042
1700823010108855000,148.42085498046876,2.18160343170166,1.8429391384124756,9.381608009338379
1700823010118771000,148.43077099609374,2.172328233718872,1.8396672010421753,9.384403228759766
1700823010128888000,148.44088818359376,2.1655778884887695,1.8346213102340698,9.38694953918457
1700823010138904000,148.4509040527344,2.159811019897461,1.8296236991882324,9.389254570007324
1700823010149380000,148.46138012695312,2.154109001159668,1.827315092086792,9.391013145446777
1700823010158648000,148.47064794921874,2.1426281929016113,1.8291572332382202,9.393280982971191
1700823010168939000,148.48093896484374,2.1217713356018066,1.8338351249694824,9.397101402282715
1700823010178788000,148.4907880859375,2.0965864658355713,1.8385473489761353,9.401833534240723
1700823010188815000,148.50081518554688,2.0719761848449707,1.841211199760437,9.406765937805176
1700823010198811000,148.51081079101561,2.0540902614593506,1.840956687927246,9.410737991333008
1700823010208651000,148.5206511230469,2.0440762042999268,1.8374273777008057,9.413606643676758
1700823010218843000,148.5308427734375,2.039121389389038,1.831352949142456,9.415864944458008
1700823010228797000,148.540796875,2.036179304122925,1.8233269453048706,9.418060302734375
1700823010238843000,148.5508427734375,2.0324296951293945,1.8138936758041382,9.420690536499023
1700823010249618000,148.56161791992187,2.0273563861846924,1.8029907941818237,9.423876762390137
1700823010258987000,148.57098706054688,2.0215134620666504,1.7921122312545776,9.427205085754395
1700823010268870000,148.58086987304688,2.0170490741729736,1.781785249710083,9.430118560791016
1700823010278914000,148.5909140625,2.0152506828308105,1.7714123725891113,9.43245792388916
1700823010288910000,148.60091015625,2.0138795375823975,1.7621724605560303,9.434481620788574
1700823010298880000,148.6108798828125,2.0115857124328613,1.758790135383606,9.435601234436035
1700823010308722000,148.6207219238281,2.0040605068206787,1.755368709564209,9.43783950805664
1700823010318847000,148.63084692382813,1.989104986190796,1.7487480640411377,9.442231178283691
1700823010328759000,148.64075903320312,1.9717776775360107,1.7373417615890503,9.447968482971191
1700823010338772000,148.65077197265626,1.9583377838134766,1.7223124504089355,9.45351505279541
1700823010348761000,148.6607609863281,1.9499589204788208,1.7075097560882568,9.457932472229004
1700823010358785000,148.67078491210938,1.9424004554748535,1.6929177045822144,9.462109565734863
1700823010368728000,148.68072802734375,1.9315993785858154,1.6814894676208496,9.466358184814453
1700823010378763000,148.69076293945312,1.9166507720947266,1.6716511249542236,9.471136093139648
1700823010388773000,148.70077319335937,1.899280309677124,1.6623318195343018,9.476273536682129
1700823010398807000,148.71080712890625,1.8803908824920654,1.6525754928588867,9.481745719909668
1700823010408803000,148.72080297851562,1.8612828254699707,1.6411702632904053,9.487496376037598
1700823010418802000,148.73080200195312,1.8399200439453125,1.6250568628311157,9.494433403015137
1700823010428822000,148.74082202148438,1.8181018829345703,1.6043035984039307,9.50216293334961
1700823010438806000,148.75080590820312,1.7967314720153809,1.5791264772415161,9.510442733764648
1700823010448797000,148.760796875,1.7739155292510986,1.5512301921844482,9.519311904907227
1700823010458764000,148.77076391601562,1.7484210729599,1.518336534500122,9.529326438903809
1700823010468816000,148.78081591796874,1.72833251953125,1.4888383150100708,9.537643432617188
1700823010478844000,148.79084399414063,1.7104179859161377,1.4620462656021118,9.545014381408691
1700823010488866000,148.80086596679686,1.6915596723556519,1.4422563314437866,9.551382064819336
1700823010499099000,148.81109887695314,1.6725369691848755,1.4302873611450195,9.55653190612793
1700823010509043000,148.82104296875,1.6559622287750244,1.4233508110046387,9.560453414916992
1700823010518683000,148.8306828613281,1.6368626356124878,1.4177888631820679,9.564566612243652
1700823010528745000,148.84074487304687,1.6081489324569702,1.4138758182525635,9.570015907287598
1700823010538775000,148.85077514648438,1.5698513984680176,1.4114567041397095,9.576730728149414
1700823010548937000,148.86093701171876,1.5270737409591675,1.4094609022140503,9.583937644958496
1700823010558914000,148.8709140625,1.4901777505874634,1.403062105178833,9.590682029724121
1700823010568774000,148.88077392578126,1.46384596824646,1.3901684284210205,9.596614837646484
1700823010578778000,148.89077807617187,1.4487278461456299,1.373827576637268,9.6012601852417
1700823010588787000,148.90078686523438,1.4430124759674072,1.3568211793899536,9.604537963867188
1700823010598897000,148.91089697265625,1.449376106262207,1.3442230224609375,9.605350494384766
1700823010608732000,148.92073193359374,1.4607123136520386,1.3372464179992676,9.604607582092285
1700823010618856000,148.93085595703124,1.4718544483184814,1.3289315700531006,9.604059219360352
1700823010628828000,148.9408278808594,1.487972378730774,1.319412350654602,9.602890014648438
1700823010638861000,148.95086108398436,1.514699935913086,1.3098554611206055,9.600019454956055
1700823010648828000,148.96082788085937,1.5369964838027954,1.303829312324524,9.597295761108398
1700823010658785000,148.97078491210937,1.546116828918457,1.2952193021774292,9.596996307373047
1700823010668746000,148.98074609375,1.5408716201782227,1.2841218709945679,9.59933090209961
1700823010678810000,148.99081005859375,1.5336709022521973,1.270851492881775,9.602249145507812
1700823010688768000,149.00076806640624,1.5303572416305542,1.2573959827423096,9.604548454284668
1700823010698867000,149.0108669433594,1.5339632034301758,1.2448980808258057,9.60560131072998
1700823010708854000,149.02085400390624,1.5409966707229614,1.2309128046035767,9.606277465820312
1700823010718823000,149.0308229980469,1.5472066402435303,1.2153195142745972,9.60726547241211
1700823010729672000,149.041671875,1.553006649017334,1.2013801336288452,9.60808277130127
1700823010738869000,149.0508688964844,1.6787159442901611,1.1692866086959839,9.5908842086792
1700823010748741000,149.0607412109375,1.7589795589447021,1.1536445617675781,9.578387260437012
1700823010758828000,149.070828125,1.7930463552474976,1.1470774412155151,9.572856903076172
1700823010768938000,149.08093798828125,1.8333863019943237,1.1372157335281372,9.566390037536621
1700823010778732000,149.09073193359376,1.890714168548584,1.1297017335891724,9.556117057800293
1700823010788765000,149.10076489257813,1.9541423320770264,1.1252139806747437,9.543879508972168
1700823010799091000,149.11109106445312,2.007220506668091,1.124780535697937,9.532906532287598
1700823010809032000,149.12103198242187,2.0649735927581787,1.128123164176941,9.520169258117676
1700823010818726000,149.13072583007812,2.118523359298706,1.1368422508239746,9.507356643676758
1700823010828798000,149.1407978515625,2.1630427837371826,1.1512757539749146,9.495588302612305
1700823010839071000,149.15107104492188,2.1940274238586426,1.1687333583831787,9.486343383789062
1700823010849076000,149.16107592773437,2.2191336154937744,1.1855136156082153,9.478418350219727
1700823010858831000,149.1708310546875,2.2481870651245117,1.1988722085952759,9.46988582611084
1700823010868895000,149.18089501953125,2.2809324264526367,1.2046291828155518,9.461321830749512
1700823010880131000,149.19213110351564,2.3100123405456543,1.2003390789031982,9.454809188842773
1700823010888616000,149.20061596679687,2.338942527770996,1.1898621320724487,9.449018478393555
1700823010898624000,149.2106240234375,2.3726136684417725,1.176429271697998,9.442304611206055
1700823010908747000,149.2207470703125,2.403167963027954,1.166435956954956,9.435815811157227
1700823010918770000,149.23077001953126,2.428211212158203,1.1622718572616577,9.429914474487305
1700823010928990000,149.24098999023437,2.4361886978149414,1.1602493524551392,9.428106307983398
1700823010938788000,149.2507880859375,2.4448201656341553,1.154821515083313,9.426539421081543
1700823010948749000,149.2607490234375,2.461336612701416,1.1423121690750122,9.423765182495117
1700823010958771000,149.27077099609374,2.482581615447998,1.122446894645691,9.420578956604004
1700823010968751000,149.28075122070314,2.5068600177764893,1.0974425077438354,9.417094230651855
1700823010978859000,149.29085888671875,2.5384271144866943,1.0732637643814087,9.411422729492188
1700823010988850000,149.30084985351561,2.5729737281799316,1.0545943975448608,9.404150009155273
1700823010998900000,149.31089990234375,2.5300543308258057,1.217560887336731,9.396102905273438
1700823011008776000,149.32077587890626,2.5331873893737793,1.3424673080444336,9.378226280212402
1700823011018792000,149.3307919921875,2.5420162677764893,1.3478926420211792,9.375060081481934
1700823011028798000,149.3407978515625,2.5490710735321045,1.3539432287216187,9.372270584106445
1700823011038858000,149.35085791015624,2.562546730041504,1.3544143438339233,9.368528366088867
1700823011048872000,149.3608718261719,2.587751865386963,1.345147967338562,9.362932205200195
1700823011058865000,149.37086499023437,2.611506700515747,1.3301970958709717,9.35847282409668
1700823011068813000,149.38081298828126,2.6289477348327637,1.3142744302749634,9.355838775634766
1700823011079257000,149.39125708007813,2.6405115127563477,1.3033119440078735,9.354114532470703
1700823011088799000,149.4007990722656,2.6468324661254883,1.186966061592102,9.367806434631348
1700823011098877000,149.410876953125,2.6635522842407227,1.149078607559204,9.367791175842285
1700823011108809000,149.42080908203124,2.691004991531372,1.122605562210083,9.363154411315918
1700823011118897000,149.43089697265626,2.731490135192871,1.0847115516662598,9.355895042419434
1700823011128901000,149.44090112304687,2.7820241451263428,1.0260385274887085,9.347620010375977
1700823011138845000,149.45084497070312,2.816477060317993,0.9695175290107727,9.343334197998047
1700823011148849000,149.46084887695312,2.813931465148926,0.9539207220077515,9.34570598602295
1700823011158720000,149.47071997070313,2.810152530670166,0.9310136437416077,9.349151611328125
1700823011168873000,149.480873046875,2.805495023727417,0.9088757038116455,9.352727890014648
1700823011178944000,149.49094409179688,2.800459146499634,0.8921788930892944,9.35584545135498
1700823011189032000,149.50103198242186,2.795490026473999,0.8815084099769592,9.358342170715332
1700823011199011000,149.51101098632813,2.7938144207000732,0.8767372369766235,9.359291076660156
1700823011208705000,149.520705078125,2.7955148220062256,0.8761743903160095,9.35883617401123
1700823011219371000,149.53137109375,2.8375959396362305,1.0195900201797485,9.331605911254883
1700823011229034000,149.54103393554686,2.84364652633667,1.1171698570251465,9.318583488464355
1700823011238891000,149.55089111328124,2.848763942718506,1.18060302734375,9.30919361114502
1700823011249078000,149.561078125,2.8921284675598145,1.2280173301696777,9.28966999053955
1700823011258842000,149.57084204101562,2.9991345405578613,1.25053870677948,9.252659797668457
1700823011268893000,149.58089282226564,3.099381685256958,1.2297996282577515,9.222354888916016
1700823011278855000,149.59085498046875,3.156923532485962,1.1868641376495361,9.208450317382812
1700823011289057000,149.60105712890626,3.189377784729004,1.1333333253860474,9.204012870788574
1700823011298647000,149.61064697265624,3.155872106552124,1.1250927448272705,9.21656322479248
1700823011308717000,149.62071704101564,3.1118099689483643,1.1151596307754517,9.232738494873047
1700823011318779000,149.63077880859376,3.0619659423828125,1.1047656536102295,9.250635147094727
1700823011328901000,149.6409011230469,3.0085692405700684,1.094619870185852,9.269343376159668
1700823011338643000,149.65064282226564,2.95011305809021,1.0841107368469238,9.289344787597656
1700823011348759000,149.66075903320314,2.887956142425537,1.0713587999343872,9.310331344604492
1700823011358760000,149.67076000976562,2.8258912563323975,1.0552364587783813,9.331195831298828
1700823011368801000,149.68080102539062,2.7693753242492676,1.0378273725509644,9.350071907043457
1700823011379027000,149.69102685546875,2.7241289615631104,1.0217291116714478,9.36512565612793
1700823011388861000,149.70086083984376,2.691260814666748,1.0073846578598022,9.376175880432129
1700823011398914000,149.7109140625,2.66778564453125,0.9959446787834167,9.384103775024414
1700823011409068000,149.72106811523437,2.63431715965271,0.984190821647644,9.394793510437012
1700823011418858000,149.73085791015626,2.5894386768341064,0.974959135055542,9.408221244812012
1700823011428908000,149.74090795898437,2.5453412532806396,0.9695038199424744,9.420811653137207
1700823011438802000,149.75080200195313,2.521580934524536,0.9707929491996765,9.427067756652832
1700823011448762000,149.76076220703126,2.5171451568603516,0.978431224822998,9.42746353149414
1700823011458783000,149.77078295898437,2.522369861602783,0.9856792688369751,9.425310134887695
1700823011468718000,149.78071801757812,2.5258302688598633,0.9876719117164612,9.424175262451172
1700823011478842000,149.79084204101562,2.5212604999542236,0.9833595752716064,9.425848960876465
1700823011488690000,149.80068994140626,2.506561756134033,0.9727362394332886,9.430870056152344
1700823011498842000,149.81084204101563,2.4863603115081787,0.9593693614006042,9.437586784362793
1700823011508837000,149.82083715820312,2.4607865810394287,0.9438494443893433,9.445849418640137
1700823011518861000,149.8308610839844,2.431244373321533,0.9293278455734253,9.454934120178223
1700823011529431000,149.84143115234374,2.398531913757324,0.9154311418533325,9.464641571044922
1700823011538721000,149.85072094726561,2.3714988231658936,0.9041723608970642,9.47253131866455
1700823011549295000,149.86129516601562,2.3410229682922363,0.8928914070129395,9.481178283691406
1700823011559697000,149.87169677734374,2.307875633239746,0.8816413879394531,9.49035358428955
1700823011568695000,149.8806950683594,2.043576717376709,0.6854696869850159,9.566834449768066
1700823011578718000,149.89071801757814,1.8102456331253052,0.5710343718528748,9.62119197845459
1700823011588789000,149.9007890625,1.6810473203659058,0.5384960770606995,9.646476745605469
1700823011598993000,149.91099291992188,1.6100913286209106,0.5254635810852051,9.65929126739502
1700823011608802000,149.92080200195312,1.5664222240447998,0.5157485008239746,9.666991233825684
1700823011618668000,149.93066796875,1.5300041437149048,0.5088923573493958,9.673184394836426
1700823011628834000,149.940833984375,1.485122799873352,0.4995400011539459,9.680665969848633
1700823011638768000,149.95076806640625,1.409721851348877,0.4811722934246063,9.692861557006836
1700823011648828000,149.96082788085937,1.3194550275802612,0.4720292091369629,9.706009864807129
1700823011658723000,149.97072314453126,1.2311878204345703,0.48153117299079895,9.717135429382324
1700823011668674000,149.98067407226563,1.1860785484313965,0.48076486587524414,9.722782135009766
1700823011678895000,149.99089501953125,1.1405425071716309,0.48384764790534973,9.72807502746582
1700823011688991000,150.00099096679688,1.0919398069381714,0.485962450504303,9.733545303344727
1700823011698829000,150.0108291015625,1.0487170219421387,0.485956609249115,9.738296508789062
1700823011708814000,150.02081396484374,0.999964714050293,0.4846157133579254,9.743491172790527
1700823011718689000,150.03068896484376,0.951732873916626,0.48251083493232727,9.748424530029297
1700823011728929000,150.04092895507813,0.9102417826652527,0.47980159521102905,9.752518653869629
1700823011738675000,150.0506750488281,0.8815721273422241,0.47717854380607605,9.75528335571289
1700823011748804000,150.06080419921875,0.8622808456420898,0.472557008266449,9.757232666015625
1700823011758677000,150.07067700195313,0.8458902835845947,0.467319130897522,9.758916854858398
1700823011769035000,150.08103491210937,0.8253127932548523,0.45786213874816895,9.761128425598145
1700823011779017000,150.09101684570314,0.8009782433509827,0.44576019048690796,9.763714790344238
1700823011788705000,150.100705078125,0.7773647308349609,0.432759553194046,9.766209602355957
1700823011798897000,150.11089697265626,0.758945882320404,0.42092883586883545,9.768173217773438
1700823011808678000,150.12067797851563,0.7436138391494751,0.4108966886997223,9.769781112670898
1700823011818647000,150.13064697265625,0.7490230202674866,0.2822284996509552,9.773929595947266
1700823011828705000,150.140705078125,0.761654257774353,0.22758710384368896,9.774378776550293
1700823011838634000,150.15063403320312,0.7689987421035767,0.2110176682472229,9.774173736572266
1700823011848730000,150.16073022460938,0.7761249542236328,0.20885464549064636,9.773659706115723
1700823011858764000,150.17076391601563,0.7963190078735352,0.21403613686561584,9.77192211151123
1700823011868677000,150.18067700195311,0.8089680671691895,0.20839433372020721,9.77100658416748
1700823011878973000,150.19097290039062,0.8294339179992676,0.2021075040102005,9.769420623779297
1700823011888820000,150.20082006835938,0.8525593876838684,0.19567659497261047,9.767561912536621
1700823011898672000,150.2106721191406,0.87578946352005,0.19027912616729736,9.76561164855957
1700823011908715000,150.22071508789062,0.8992130160331726,0.18607933819293976,9.763564109802246
1700823011918751000,150.2307509765625,0.9262968301773071,0.18278291821479797,9.76109504699707
1700823011928837000,150.24083715820314,0.9541276693344116,0.1804138571023941,9.758459091186523
1700823011938767000,150.25076708984375,1.0911945104599,0.3318193554878235,9.740102767944336
1700823011948857000,150.26085717773438,1.2193793058395386,0.44299453496932983,9.72045612335205
1700823011958805000,150.2708049316406,1.3308449983596802,0.5091536641120911,9.702577590942383
1700823011968659000,150.28065893554688,1.4183070659637451,0.5367416143417358,9.688691139221191
1700823011978991000,150.2909912109375,1.5043079853057861,0.5497051477432251,9.674981117248535
1700823011988774000,150.30077392578124,1.5746716260910034,0.5523886680603027,9.663626670837402
1700823011998860000,150.3108601074219,1.6302002668380737,0.5525020956993103,9.654407501220703
1700823012008697000,150.32069702148436,1.6711112260818481,0.5522744059562683,9.64742374420166
1700823012018789000,150.3307890625,1.7039788961410522,0.5528180003166199,9.641641616821289
1700823012028805000,150.34080517578124,1.7338171005249023,0.549134373664856,9.636531829833984
1700823012038806000,150.3508059082031,1.7631402015686035,0.5465782284736633,9.631353378295898
1700823012049033000,150.36103295898437,1.793660044670105,0.5439057946205139,9.625868797302246
1700823012058882000,150.37088208007813,1.8232156038284302,0.5399860143661499,9.620534896850586
1700823012068936000,150.38093603515625,1.8526045083999634,0.5338350534439087,9.615263938903809
1700823012078892000,150.39089208984376,1.8802918195724487,0.5248492360115051,9.610382080078125
1700823012088788000,150.4007880859375,1.9057745933532715,0.5108397006988525,9.606115341186523
1700823012098772000,150.41077197265625,1.9267338514328003,0.49060383439064026,9.60299015045166
1700823012108768000,150.42076806640625,1.9386446475982666,0.4677738845348358,9.60173225402832
1700823012118820000,150.43082006835937,1.9353843927383423,0.4452040195465088,9.603463172912598
1700823012128781000,150.44078100585938,1.9170196056365967,0.4230448007583618,9.608144760131836
1700823012138806000,150.45080590820314,1.8880820274353027,0.39933016896247864,9.614888191223145
1700823012148767000,150.46076708984376,1.8532968759536743,0.3741375505924225,9.62266731262207
1700823012158665000,150.4706650390625,1.8102357387542725,0.3497481048107147,9.6317777633667
1700823012168982000,150.48098193359374,1.7647861242294312,0.33083677291870117,9.640874862670898
1700823012178741000,150.49074096679686,1.7056994438171387,0.3179799020290375,9.651936531066895
1700823012188820000,150.5008200683594,1.6313226222991943,0.30577391386032104,9.665180206298828
1700823012198663000,150.5106628417969,1.5411279201507568,0.2878577411174774,9.680519104003906
1700823012208644000,150.52064404296874,1.4432883262634277,0.2598053812980652,9.696380615234375
1700823012218845000,150.53084497070313,1.3437567949295044,0.21722528338432312,9.71172046661377
1700823012228787000,150.54078686523437,1.245118498802185,0.16253070533275604,9.725926399230957
1700823012238874000,150.5508740234375,1.1503589153289795,0.10644318908452988,9.738363265991211
1700823012248789000,150.5607890625,1.0598617792129517,0.05892419070005417,9.749032974243164
1700823012258686000,150.57068603515626,0.9673428535461426,0.02409311570227146,9.758792877197266
1700823012268709000,150.58070922851562,0.8644371628761292,-0.00454407325014472,9.768474578857422
1700823012279059000,150.5910588378906,0.7487053275108337,-0.030757835134863853,9.77798080444336
1700823012288754000,150.60075390625,0.62935471534729,-0.05219254642724991,9.786295890808105
1700823012298698000,150.61069799804687,0.5134545564651489,-0.0667012557387352,9.792974472045898
1700823012308639000,150.62063891601562,0.3954945206642151,-0.07390636205673218,9.798393249511719
1700823012318680000,150.63068017578124,0.2778361141681671,-0.07813917845487595,9.802404403686523
1700823012328683000,150.64068310546875,0.16743804514408112,-0.08426555246114731,9.804859161376953
1700823012338663000,150.65066284179687,0.05477437749505043,-0.09047756344079971,9.806079864501953
1700823012348633000,150.66063305664062,-0.06349778175354004,-0.09829086810350418,9.805951118469238
1700823012358641000,150.6706408691406,-0.17617197334766388,-0.11079174280166626,9.804441452026367
1700823012368662000,150.680662109375,-0.2912053167819977,-0.12676408886909485,9.801506996154785
1700823012378709000,150.690708984375,-0.41343408823013306,-0.1405406892299652,9.796924591064453
1700823012388910000,150.70091015625,-0.5581815838813782,-0.15011106431484222,9.789602279663086
1700823012398648000,150.71064794921875,-0.7137356996536255,-0.15423282980918884,9.779426574707031
1700823012408635000,150.720634765625,-0.8756821751594543,-0.1544596254825592,9.766255378723145
1700823012418681000,150.73068115234375,-1.0327262878417969,-0.15293167531490326,9.750922203063965
1700823012428770000,150.74077001953125,-1.1524696350097656,-0.1471022367477417,9.737585067749023
1700823012438661000,150.7506611328125,-1.2934552431106567,-0.1400853544473648,9.719965934753418
1700823012448634000,150.76063403320313,-1.438493251800537,-0.13734160363674164,9.699603080749512
1700823012458793000,150.77079296875,-1.5799311399459839,-0.13950958847999573,9.67753791809082
1700823012468872000,150.78087182617188,-1.726397156715393,-0.14739742875099182,9.652369499206543
1700823012478697000,150.79069702148436,-1.877231240272522,-0.1632794737815857,9.62391471862793
1700823012488634000,150.80063403320312,-2.011765480041504,-0.1856897473335266,9.596287727355957
1700823012498636000,150.81063598632812,-2.157336473464966,-0.19879531860351562,9.564348220825195
1700823012508646000,150.82064599609376,-2.296611785888672,-0.19468846917152405,9.531951904296875
1700823012518758000,150.8307578125,-2.4095985889434814,-0.18490736186504364,9.504212379455566
1700823012528757000,150.84075708007813,-2.503631114959717,-0.18634295463562012,9.479849815368652
1700823012538647000,150.85064697265625,-2.57869553565979,-0.19957242906093597,9.459434509277344
1700823012552376000,150.8643759765625,-2.6307384967803955,-0.20842911303043365,9.444900512695312
1700823012568700000,150.88069995117186,-2.706224203109741,-0.19570289552211761,9.42382526397705
1700823012579754000,150.89175390625,-2.751638650894165,-0.1999129205942154,9.410575866699219
1700823012589293000,150.90129296875,-2.817553997039795,-0.2171209454536438,9.390668869018555
1700823012598751000,150.9107509765625,-2.915135145187378,-0.2402399629354477,9.360272407531738
1700823012608730000,150.92073022460937,-3.0367724895477295,-0.26566141843795776,9.32082748413086
1700823012618640000,150.9306398925781,-3.1433472633361816,-0.2880839705467224,9.284761428833008
1700823012628646000,150.94064599609376,-3.208237886428833,-0.3007745146751404,9.262134552001953
1700823012638641000,150.9506408691406,-3.230125904083252,-0.3035843074321747,9.254432678222656
1700823012650533000,150.962533203125,-3.2261219024658203,-0.29779285192489624,9.25601863861084
1700823012658636000,150.97063598632812,-3.219754219055176,-0.28649580478668213,9.258590698242188
1700823012668704000,150.9807041015625,-3.2333624362945557,-0.273831844329834,9.254230499267578
1700823012678645000,150.99064501953126,-3.2764511108398438,-0.27068009972572327,9.239156723022461
1700823012689124000,151.0011240234375,-3.3403708934783936,-0.28383564949035645,9.215845108032227
1700823012698674000,151.010673828125,-3.4003701210021973,-0.3028703033924103,9.193266868591309
1700823012708683000,151.02068310546875,-3.4474897384643555,-0.31535422801971436,9.175281524658203
1700823012718646000,151.03064599609374,-3.4798669815063477,-0.3242395520210266,9.162736892700195
1700823012728600000,151.04060009765624,-3.5127222537994385,-0.33045974373817444,9.149969100952148
1700823012738837000,151.0508369140625,-3.5432677268981934,-0.33079993724823,9.138172149658203
1700823012748793000,151.06079296875,-3.557431221008301,-0.3291635811328888,9.132729530334473
1700823012758783000,151.07078295898438,-3.5821635723114014,-0.3257359266281128,9.123180389404297
1700823012768637000,151.08063696289062,-3.6225745677948,-0.32676148414611816,9.107172966003418
1700823012778608000,151.0906081542969,-3.652324914932251,-0.3291469216346741,9.095196723937988
1700823012788648000,151.10064794921874,-3.642915725708008,-0.32760611176490784,9.099024772644043
1700823012798633000,151.11063305664064,-3.6334547996520996,-0.32794103026390076,9.10279369354248
1700823012808772000,151.12077221679687,-3.6233296394348145,-0.32897886633872986,9.106792449951172
1700823012818630000,151.1306298828125,-3.618751049041748,-0.32789719104766846,9.108651161193848
1700823012828643000,151.14064306640626,-3.6261844635009766,-0.3265647888183594,9.105742454528809
1700823012838697000,151.15069702148438,-3.637622356414795,-0.3248790204524994,9.101238250732422
1700823012848592000,151.160591796875,-3.6408536434173584,-0.319261759519577,9.100146293640137
1700823012858647000,151.17064697265624,-3.637655019760132,-0.31068742275238037,9.10172176361084
1700823012868680000,151.1806799316406,-3.6185131072998047,-0.3004363775253296,9.109691619873047
1700823012878661000,151.1906611328125,-3.593196392059326,-0.288829505443573,9.120083808898926
1700823012888866000,151.20086596679687,-3.5613632202148438,-0.2790343761444092,9.132866859436035
1700823012898775000,151.21077514648437,-3.538743019104004,-0.26949119567871094,9.141940116882324
1700823012908885000,151.22088500976562,-3.5332648754119873,-0.2662438750267029,9.144155502319336
1700823012918931000,151.23093090820313,-3.529578685760498,-0.27059242129325867,9.145450592041016
1700823012928883000,151.24088305664063,-3.5156946182250977,-0.2789376378059387,9.150545120239258
1700823012938917000,151.25091723632812,-3.4732863903045654,-0.27733314037323,9.16677474975586
1700823012948786000,151.26078588867188,-3.3973195552825928,-0.2638949751853943,9.195596694946289
1700823012958704000,151.2707041015625,-3.3100831508636475,-0.2439616173505783,9.227906227111816
1700823012968582000,151.28058178710938,-3.213441848754883,-0.2184232622385025,9.262640953063965
1700823012978638000,151.29063818359376,-3.122527599334717,-0.19316257536411285,9.294239044189453
1700823012988643000,151.30064306640625,-3.0514872074127197,-0.17087826132774353,9.318243980407715
1700823012998647000,151.31064697265626,-3.0010740756988525,-0.15394465625286102,9.334895133972168
1700823013008680000,151.32067993164063,-2.96622896194458,-0.1434963196516037,9.346192359924316
1700823013018712000,151.3307121582031,-2.94097638130188,-0.1386231631040573,9.354243278503418
1700823013028685000,151.34068505859375,-2.9143455028533936,-0.14024697244167328,9.362548828125
1700823013038781000,151.35078100585937,-2.8768134117126465,-0.1429319679737091,9.374109268188477
1700823013048639000,151.36063891601563,-2.817432403564453,-0.14210954308509827,9.39214038848877
1700823013058641000,151.37064086914063,-2.733128547668457,-0.13655951619148254,9.417098999023438
1700823013068687000,151.38068701171875,-2.6497890949249268,-0.12314122915267944,9.441072463989258
1700823013078650000,151.39065014648438,-2.5676486492156982,-0.10281915217638016,9.463984489440918
1700823013088626000,151.4006259765625,-2.4865338802337646,-0.08153875917196274,9.485827445983887
1700823013098631000,151.410630859375,-2.4254133701324463,-0.06595189869403839,9.501758575439453
1700823013108760000,151.42076000976562,-2.374629497528076,-0.056238606572151184,9.514639854431152
1700823013118879000,151.43087890625,-2.3252298831939697,-0.050455931574106216,9.526865005493164
1700823013128618000,151.44061791992186,-2.2668800354003906,-0.03774871677160263,9.540976524353027
1700823013138624000,151.4506240234375,-2.1939380168914795,-0.016379471868276596,9.558073043823242
1700823013148666000,151.460666015625,-2.103534698486328,0.006540508009493351,9.578388214111328
1700823013158814000,151.47081396484376,-2.001878261566162,0.03249678760766983,9.600093841552734
1700823013168747000,151.4807470703125,-1.8943554162979126,0.05891747027635574,9.62176513671875
1700823013178907000,151.49090698242188,-1.7859750986099243,0.08512012660503387,9.6422758102417
1700823013188618000,151.50061791992186,-1.6827012300491333,0.11403612792491913,9.660534858703613
1700823013198749000,151.5107490234375,-1.5989059209823608,0.13815905153751373,9.674442291259766
1700823013208683000,151.52068310546875,-1.5209767818450928,0.15678660571575165,9.686714172363281
1700823013218633000,151.53063305664062,-1.4193840026855469,0.1770952343940735,9.701770782470703
1700823013228634000,151.54063403320313,-1.2956968545913696,0.2007370889186859,9.718605041503906
1700823013238649000,151.55064916992188,-1.1614093780517578,0.22676409780979156,9.734994888305664
1700823013248887000,151.56088696289063,-1.0330997705459595,0.25122371315956116,9.748844146728516
1700823013258688000,151.57068798828124,-0.9198480844497681,0.26861703395843506,9.75971794128418
1700823013268620000,151.5806201171875,-0.8111351728439331,0.2843725383281708,9.768909454345703
1700823013278747000,151.59074682617188,-0.7125900387763977,0.3045242130756378,9.775984764099121
1700823013288885000,151.60088500976562,-0.6214438080787659,0.324588805437088,9.781556129455566
1700823013298791000,151.610791015625,-0.5306541323661804,0.3431713581085205,9.786266326904297
1700823013308741000,151.6207412109375,-0.429922878742218,0.36009296774864197,9.790602684020996
1700823013318666000,151.630666015625,-0.30830374360084534,0.3774673044681549,9.794533729553223
1700823013328851000,151.64085083007814,-0.1676730364561081,0.396429181098938,9.797199249267578
1700823013338651000,151.65065087890625,-0.03949614614248276,0.41076749563217163,9.797964096069336
1700823013349327000,151.6613271484375,0.06724690645933151,0.4176289141178131,9.79752254486084
1700823013358639000,151.67063916015624,0.14897826313972473,0.4210542142391205,9.79647445678711
1700823013368651000,151.68065112304689,0.2047802358865738,0.42359453439712524,9.795355796813965
1700823013378673000,151.6906728515625,0.24600832164287567,0.42598700523376465,9.794305801391602
1700823013388687000,151.70068701171874,0.2852139472961426,0.42911913990974426,9.79310417175293
1700823013398661000,151.7106611328125,0.3268330693244934,0.43434450030326843,9.791574478149414
1700823013408648000,151.72064794921874,0.35140931606292725,0.4409770667552948,9.790427207946777
1700823013418686000,151.73068603515625,0.3605407178401947,0.449241042137146,9.789718627929688
1700823013428675000,151.74067504882814,0.34266602993011475,0.4554740786552429,9.790071487426758
1700823013438658000,151.75065795898436,0.30430325865745544,0.4574892222881317,9.791245460510254
1700823013448847000,151.76084716796876,0.2616290748119354,0.45674335956573486,9.792512893676758
1700823013458769000,151.77076879882813,0.21447569131851196,0.4535352289676666,9.793808937072754
1700823013468950000,151.78094995117186,0.16515666246414185,0.44884034991264343,9.79498291015625
1700823013478668000,151.79066796875,0.11900223046541214,0.44513973593711853,9.795819282531738
1700823013488700000,151.80069995117188,0.06797580420970917,0.44029200077056885,9.796525001525879
1700823013498740000,151.81073999023437,0.005899579729884863,0.43109190464019775,9.79716968536377
1700823013508707000,151.82070703125,-0.0717085599899292,0.41735711693763733,9.797502517700195
1700823013518893000,151.83089306640625,-0.16976620256900787,0.40161681175231934,9.796953201293945
1700823013528705000,151.840705078125,-0.2726554870605469,0.3838362395763397,9.795343399047852
1700823013538870000,151.8508701171875,-0.362343966960907,0.36460694670677185,9.793169021606445
1700823013548660000,151.86065991210938,-0.44017598032951355,0.3473910093307495,9.790606498718262
1700823013558686000,151.87068603515624,-0.5148895382881165,0.33427053689956665,9.7874174118042
1700823013568655000,151.88065502929686,-0.6007084846496582,0.3210732042789459,9.782966613769531
1700823013578726000,151.8907258300781,-0.7087596654891968,0.29947131872177124,9.776419639587402
1700823013588729000,151.90072900390626,-0.824737012386322,0.2725692689418793,9.768107414245605
1700823013598647000,151.91064697265625,-0.9297972321510315,0.24584902822971344,9.759376525878906
1700823013608641000,151.92064111328125,-1.017096757888794,0.2209942787885666,9.751258850097656
1700823013618719000,151.93071899414062,-1.0901812314987183,0.1969374120235443,9.743876457214355
1700823013628681000,151.94068090820312,-1.1621909141540527,0.17071984708309174,9.736042976379395
1700823013638669000,151.9506689453125,-1.248586654663086,0.1432417631149292,9.725787162780762
1700823013648681000,151.96068090820313,-1.3557833433151245,0.11550562083721161,9.711792945861816
1700823013658813000,151.97081298828124,-1.4805828332901,0.08242138475179672,9.693888664245605
1700823013668669000,151.9806689453125,-1.5970470905303955,0.04807780310511589,9.675615310668945
1700823013678644000,151.99064404296874,-1.68692147731781,0.018398704007267952,9.660453796386719
1700823013688743000,152.00074291992186,-1.7516975402832031,-0.004707447253167629,9.648934364318848
1700823013698775000,152.01077514648438,-1.8032945394515991,-0.025195231661200523,9.639391899108887
1700823013708645000,152.02064501953126,-1.8531197309494019,-0.048680443316698074,9.62984848022461
1700823013718621000,152.03062084960936,-1.9350708723068237,-0.07653115689754486,9.613533020019531
1700823013728636000,152.0406359863281,-2.032186269760132,-0.10084931552410126,9.59324836730957
1700823013738844000,152.05084399414062,-2.1231231689453125,-0.12722177803516388,9.573222160339355
1700823013748672000,152.06067211914063,-2.1861674785614014,-0.15207067131996155,9.5586576461792
1700823013758889000,152.07088891601563,-2.2026994228363037,-0.17534546554088593,9.554461479187012
1700823013768855000,152.08085498046876,-2.1928367614746094,-0.19869652390480042,9.556273460388184
1700823013778651000,152.09065087890625,-2.192995309829712,-0.22041092813014984,9.555763244628906
1700823013788614000,152.10061376953124,-2.219089984893799,-0.24102702736854553,9.549236297607422
1700823013798719000,152.11071899414063,-2.2695412635803223,-0.260271817445755,9.536867141723633
1700823013808753000,152.1207529296875,-2.3278000354766846,-0.2741147577762604,9.52242660522461
1700823013818617000,152.1306171875,-2.3627192974090576,-0.28213176131248474,9.51358699798584
1700823013828850000,152.14084985351562,-2.3654069900512695,-0.2896031141281128,9.512694358825684
1700823013839117000,152.15111694335937,-2.3341987133026123,-0.29737553000450134,9.520159721374512
1700823013848661000,152.16066088867188,-2.276036500930786,-0.3021858334541321,9.534083366394043
1700823013858768000,152.17076782226562,-2.218010902404785,-0.30688831210136414,9.547597885131836
1700823013868762000,152.18076220703125,-2.184260606765747,-0.3113724887371063,9.555231094360352
1700823013878785000,152.19078491210936,-2.1769354343414307,-0.31163784861564636,9.55689525604248
1700823013888653000,152.20065307617188,-2.163315534591675,-0.3089548945426941,9.560072898864746
1700823013898664000,152.21066381835936,-2.1229922771453857,-0.30269700288772583,9.569308280944824
1700823013908755000,152.2207548828125,-2.0604758262634277,-0.2917822301387787,9.583301544189453
1700823013918651000,152.23065087890626,-1.9830741882324219,-0.2785518765449524,9.600011825561523
1700823013928771000,152.24077099609374,-1.883731722831726,-0.2700727880001068,9.620238304138184
1700823013938905000,152.2509050292969,-1.77219557762146,-0.2633209824562073,9.641595840454102
1700823013948711000,152.2607109375,-1.675128698348999,-0.2618544101715088,9.65897274017334
1700823013958875000,152.270875,-1.6047416925430298,-0.2626435160636902,9.670896530151367
1700823013968783000,152.280783203125,-1.5403133630752563,-0.26090338826179504,9.681413650512695
1700823013978754000,152.29075415039063,-1.4484955072402954,-0.252413809299469,9.695799827575684
1700823013988746000,152.30074609375,-1.3242255449295044,-0.2367302030324936,9.713947296142578
1700823013998887000,152.31088696289063,-1.198808193206787,-0.21133828163146973,9.730807304382324
1700823014008783000,152.320783203125,-1.070214033126831,-0.18211598694324493,9.746376991271973
1700823014018894000,152.33089404296874,-0.9143635034561157,-0.1594359427690506,9.762628555297852
1700823014028750000,152.34075,-0.7522171139717102,-0.13988135755062103,9.77675724029541
1700823014039372000,152.3513720703125,-0.6114677786827087,-0.11796411871910095,9.786858558654785
1700823014048769000,152.36076904296874,-0.4832301139831543,-0.08752952516078949,9.794346809387207
1700823014058648000,152.37064794921875,-0.35314708948135376,-0.049848027527332306,9.800164222717285
1700823014068830000,152.38082983398436,-0.20106501877307892,-0.0038511224556714296,9.804588317871094
1700823014078788000,152.3907880859375,-0.03949088230729103,0.05195873603224754,9.806434631347656
1700823014089434000,152.40143408203124,0.12549392879009247,0.1189037337899208,9.805127143859863
1700823014098666000,152.410666015625,0.3005313575267792,0.19015870988368988,9.800199508666992
1700823014108674000,152.42067407226563,0.49329498410224915,0.258682519197464,9.790818214416504
1700823014118667000,152.4306669921875,0.7011556625366211,0.3268275260925293,9.776090621948242
1700823014128766000,152.44076586914062,0.9099723100662231,0.39365971088409424,9.756402015686035
1700823014138732000,152.45073193359374,1.0936702489852905,0.4527110457420349,9.734953880310059
1700823014148770000,152.46077001953125,1.2487120628356934,0.5014441013336182,9.71389102935791
1700823014158649000,152.47064916992187,1.3886449337005615,0.5381520986557007,9.69290828704834
1700823014168738000,152.48073803710938,1.5178227424621582,0.5666317343711853,9.671894073486328
1700823014178821000,152.4908210449219,1.6199091672897339,0.5926438570022583,9.65375804901123
1700823014189259000,152.50125903320313,1.712395429611206,0.6211793422698975,9.635986328125
1700823014198749000,152.5107490234375,1.8187801837921143,0.6493643522262573,9.614612579345703
1700823014208648000,152.52064794921876,1.9295845031738281,0.6720449924468994,9.591425895690918
1700823014218652000,152.53065185546876,2.0323925018310547,0.6919658184051514,9.568748474121094
1700823014228753000,152.5407529296875,2.1244943141937256,0.7127984166145325,9.547189712524414
1700823014238697000,152.55069702148438,2.182401657104492,0.7298375368118286,9.532831192016602
1700823014248745000,152.56074487304687,2.1774563789367676,0.7332666516304016,9.533698081970215
1700823014258618000,152.5706181640625,2.1282169818878174,0.7161915898323059,9.546107292175293
1700823014268850000,152.58084985351562,2.0732979774475098,0.6892167925834656,9.560168266296387
1700823014278992000,152.59099194335937,2.028442859649658,0.6773585677146912,9.570632934570312
1700823014288853000,152.60085302734376,1.988181710243225,0.686850905418396,9.578401565551758
1700823014298756000,152.61075610351563,1.9730863571166992,0.6990793943405151,9.580636978149414
1700823014308743000,152.62074291992187,2.062880039215088,0.6946470141410828,9.562026977539062
1700823014318794000,152.6307939453125,2.1600098609924316,0.6865753531455994,9.54114055633545
1700823014328661000,152.64066088867187,2.122663736343384,0.6863847970962524,9.549531936645508
1700823014338765000,152.65076513671875,2.047473192214966,0.682489812374115,9.566214561462402
1700823014348653000,152.66065307617188,1.9593510627746582,0.6866223812103271,9.584356307983398
1700823014358771000,152.67077099609375,1.8618481159210205,0.6928045749664307,9.603328704833984
1700823014368841000,152.68084106445312,1.7853634357452393,0.6976438164710999,9.617491722106934
1700823014378759000,152.69075903320314,1.7468241453170776,0.7030228972434998,9.624175071716309
1700823014388632000,152.70063208007812,1.72075355052948,0.7112439274787903,9.628267288208008
1700823014398744000,152.710744140625,1.6926062107086182,0.7184747457504272,9.632719039916992
1700823014408753000,152.7207529296875,1.6560364961624146,0.7158178091049194,9.63927173614502
1700823014418733000,152.73073315429687,1.607535481452942,0.7016504406929016,9.648520469665527
1700823014428704000,152.7407041015625,1.5564385652542114,0.68597412109375,9.658019065856934
1700823014438791000,152.750791015625,1.519959807395935,0.6767708659172058,9.664477348327637
1700823014448727000,152.76072705078124,1.5040643215179443,0.6760594844818115,9.667013168334961
1700823014458776000,152.7707761230469,1.4959558248519897,0.6792019009590149,9.668051719665527
1700823014468825000,152.7808251953125,1.4925878047943115,0.6783142685890198,9.668632507324219
1700823014478822000,152.79082177734375,1.492984652519226,0.6706883311271667,9.669102668762207
1700823014488725000,152.80072509765625,1.492508888244629,0.6584761738777161,9.670016288757324
1700823014498858000,152.81085791015624,1.4906907081604004,0.6438999772071838,9.671278953552246
1700823014508812000,152.82081201171874,1.4873981475830078,0.6297571659088135,9.672717094421387
1700823014518762000,152.83076196289062,2.4858274459838867,0.7724266648292542,9.454862594604492
1700823014528803000,152.84080297851563,3.314297914505005,0.8780182600021362,9.187758445739746
1700823014538785000,152.85078491210936,3.6946868896484375,0.9309808611869812,9.036203384399414
1700823014548866000,152.86086596679687,3.7009353637695312,0.9390400052070618,9.032812118530273
1700823014558883000,152.87088305664062,3.7101645469665527,0.9476359486579895,9.02812671661377
1700823014569517000,152.88151708984375,3.7178428173065186,0.956748366355896,9.024005889892578
1700823014578641000,152.8906408691406,3.7270548343658447,0.9649184942245483,9.019333839416504
1700823014588819000,152.90081884765624,3.7398972511291504,0.97395259141922,9.013044357299805
1700823014598734000,152.91073413085937,3.7558705806732178,0.983259379863739,9.005390167236328
1700823014608822000,152.92082202148438,3.405491590499878,1.0268547534942627,9.138850212097168
1700823014618876000,152.9308759765625,3.414903163909912,1.031831979751587,9.134777069091797
1700823014628753000,152.9407529296875,2.948441505432129,0.9393623471260071,9.30562686920166
1700823014638734000,152.9507341308594,2.5703725814819336,0.7867474555969238,9.431044578552246
1700823014648770000,152.96077001953125,2.339923620223999,0.6388126015663147,9.501952171325684
1700823014658792000,152.9707919921875,2.2355191707611084,0.5460384488105774,9.532822608947754
1700823014668638000,152.98063793945312,2.204350471496582,0.5262094140052795,9.541191101074219
1700823014678639000,152.99063916015626,2.2476727962493896,0.5405506491661072,9.53027629852295
1700823014688649000,153.00064892578126,2.295781373977661,0.5476005673408508,9.518399238586426
1700823014698909000,153.01090893554687,2.3396637439727783,0.5437769293785095,9.507926940917969
1700823014708913000,153.02091284179687,2.3647072315216064,0.5370855927467346,9.502110481262207
1700823014718679000,153.03067895507812,2.379502773284912,0.5283089876174927,9.498907089233398
1700823014728625000,153.040625,2.3897924423217773,0.5263081789016724,9.496435165405273
1700823014738655000,153.05065502929688,2.3991012573242188,0.5368432998657227,9.493498802185059
1700823014748739000,153.06073901367188,2.4296863079071045,0.5531523823738098,9.484779357910156
1700823014758653000,153.07065283203124,2.4802463054656982,0.5757619738578796,9.470335960388184
1700823014768885000,153.08088500976564,2.541362762451172,0.5956900715827942,9.45288372039795
1700823014778747000,153.09074682617188,2.611029624938965,0.6095005869865417,9.43299674987793
1700823014788861000,153.10086083984376,2.679856061935425,0.6157800555229187,9.4132661819458
1700823014798660000,153.11066015625,2.745124101638794,0.6201227903366089,9.394152641296387
1700823014808842000,153.12084204101564,2.8021469116210938,0.6283370852470398,9.376755714416504
1700823014818755000,153.13075512695312,2.8442656993865967,0.6436910033226013,9.36302375793457
1700823014828850000,153.14084985351562,2.8633768558502197,0.6720479130744934,9.355202674865723
1700823014838729000,153.15072900390626,2.887671947479248,0.7046356201171875,9.345332145690918
1700823014848838000,153.160837890625,2.9245851039886475,0.741165280342102,9.331015586853027
1700823014859009000,153.17100903320312,2.9868125915527344,0.7793243527412415,9.3081693649292
1700823014868868000,153.1808681640625,3.0741164684295654,0.8167632818222046,9.276481628417969
1700823014878889000,153.19088891601564,3.1625959873199463,0.8473650217056274,9.243935585021973
1700823014888830000,153.2008298339844,3.2355525493621826,0.8696668744087219,9.216575622558594
1700823014898898000,153.21089794921875,3.3043053150177,0.8844862580299377,9.190736770629883
1700823014908745000,153.22074487304687,3.3719003200531006,0.8966545462608337,9.164970397949219
1700823014918865000,153.23086499023438,3.444481372833252,0.9095780253410339,9.136663436889648
1700823014928785000,153.24078491210938,3.5162596702575684,0.9238929748535156,9.10783863067627
1700823014938654000,153.25065405273438,3.5879714488983154,0.9439099431037903,9.07776927947998
1700823014948868000,153.2608681640625,3.6539621353149414,0.970104992389679,9.048638343811035
1700823014958847000,153.27084692382812,3.7152349948883057,0.9960083365440369,9.020830154418945
1700823014968928000,153.28092797851562,3.777348041534424,1.013453722000122,8.993050575256348
1700823014978942000,153.29094189453124,3.8472940921783447,1.0234400033950806,8.962214469909668
1700823014988880000,153.3008798828125,3.9290425777435303,1.030600905418396,8.925854682922363
1700823014998852000,153.31085205078125,4.0170512199401855,1.0389087200164795,8.885626792907715
1700823015008849000,153.32084887695314,4.099903106689453,1.0485551357269287,8.846566200256348
1700823015018831000,153.3308310546875,4.180928707122803,1.0610536336898804,8.8070650100708
1700823015028846000,153.34084619140626,4.257272243499756,1.0754423141479492,8.76866340637207
1700823015039008000,153.35100805664064,4.333189010620117,1.0909849405288696,8.72946834564209
1700823015048832000,153.36083203125,4.407602787017822,1.106909990310669,8.690119743347168
1700823015058725000,153.37072509765625,4.472271919250488,1.1221215724945068,8.655056953430176
1700823015068941000,153.38094116210937,4.205527305603027,1.1128147840499878,8.788946151733398
1700823015079706000,153.3917060546875,4.257724761962891,1.1281988620758057,8.761812210083008
1700823015089001000,153.4010009765625,4.299507141113281,1.141101360321045,8.739709854125977
1700823015098967000,153.41096704101562,4.337343215942383,1.152381181716919,8.719511032104492
1700823015108831000,153.4208310546875,4.37411642074585,1.160783290863037,8.700005531311035
1700823015118842000,153.43084204101564,4.410231590270996,1.1661568880081177,8.681031227111816
1700823015128820000,153.4408200683594,4.442864418029785,1.1687971353530884,8.664020538330078
1700823015139041000,153.451041015625,4.473023414611816,1.169730305671692,8.64836311340332
1700823015148851000,153.46085083007813,4.500271797180176,1.1697882413864136,8.634207725524902
1700823015158864000,153.47086376953126,4.525094509124756,1.170673131942749,8.62110424041748
1700823015168851000,153.4808508300781,4.358195781707764,1.102033019065857,8.715620994567871
1700823015178879000,153.49087890625,4.26767110824585,1.056085467338562,8.765960693359375
1700823015188738000,153.5007380371094,4.22487211227417,1.0299360752105713,8.789772033691406
1700823015198870000,153.5108701171875,4.2448601722717285,1.0364394187927246,8.779370307922363
1700823015208884000,153.52088403320312,4.260064601898193,1.0414170026779175,8.771413803100586
1700823015218816000,153.53081591796874,4.270442485809326,1.0441293716430664,8.76604175567627
1700823015228892000,153.54089184570313,4.273407936096191,1.0442296266555786,8.764585494995117
1700823015238762000,153.55076196289062,4.194097995758057,1.0654059648513794,8.800276756286621
1700823015248875000,153.560875,4.191908836364746,1.0613912343978882,8.801803588867188
1700823015258893000,153.57089306640626,4.185567378997803,1.0555176734924316,8.805527687072754
1700823015268885000,153.58088500976564,4.159142017364502,1.0454154014587402,8.819242477416992
1700823015278913000,153.5909130859375,4.117946624755859,1.0305302143096924,8.840300559997559
1700823015289943000,153.60194311523438,4.0661845207214355,1.0096089839935303,8.8666353225708
1700823015298910000,153.61090991210938,4.0119948387146,0.9844239950180054,8.894110679626465
1700823015308867000,153.6208671875,3.9605486392974854,0.9586206078529358,8.919950485229492
1700823015318892000,153.63089208984374,3.9146361351013184,0.9360960125923157,8.94257926940918
1700823015328679000,153.64067895507813,3.8734562397003174,0.9170067310333252,8.962467193603516
1700823015338846000,153.65084594726562,3.8330259323120117,0.8999892473220825,8.981554985046387
1700823015348799000,153.66079907226563,3.6941728591918945,1.0396966934204102,9.024551391601562
1700823015358867000,153.67086694335939,3.6601147651672363,1.0184940099716187,9.040830612182617
1700823015368704000,153.6807041015625,3.4916107654571533,1.192254900932312,9.08612060546875
1700823015378843000,153.6908427734375,3.3931713104248047,1.2710504531860352,9.112695693969727
1700823015389323000,153.70132299804686,3.3295414447784424,1.2746435403823853,9.135634422302246
1700823015398845000,153.71084497070314,3.2711455821990967,1.2528870105743408,9.159708976745605
1700823015408895000,153.72089501953124,3.2374911308288574,1.235249400138855,9.174051284790039
1700823015418960000,153.7309599609375,3.197774887084961,1.2021288871765137,9.192361831665039
1700823015428931000,153.74093115234376,3.16404390335083,1.1808730363845825,9.206777572631836
1700823015439051000,153.75105102539064,3.12009859085083,1.169358253479004,9.223231315612793
1700823015448860000,153.76085986328124,3.0760655403137207,1.1609978675842285,9.23906421661377
1700823015458860000,153.77086010742187,3.0353684425354004,1.1555495262145996,9.253196716308594
1700823015468864000,153.78086401367187,2.996701240539551,1.1523571014404297,9.266188621520996
1700823015478786000,153.7907861328125,2.962867498397827,1.1508619785308838,9.27724838256836
1700823015488801000,153.80080102539063,2.9285359382629395,1.1486448049545288,9.288416862487793
1700823015498809000,153.81080908203126,2.8846118450164795,1.143464207649231,9.302790641784668
1700823015508900000,153.82090014648438,2.8331716060638428,1.133205533027649,9.319838523864746
1700823015518887000,153.83088696289062,2.77256178855896,1.1169044971466064,9.340012550354004
1700823015528941000,153.84094116210937,2.7060487270355225,1.0974249839782715,9.36180305480957
1700823015538755000,153.85075512695312,2.6340973377227783,1.080107569694519,9.384310722351074
1700823015548903000,153.86090283203126,2.560058355331421,1.0654501914978027,9.406451225280762
1700823015558943000,153.87094287109375,2.486903429031372,1.054201364517212,9.42732048034668
1700823015568938000,153.88093798828126,2.4186935424804688,1.0475786924362183,9.44578742980957
1700823015579209000,153.891208984375,2.367015838623047,1.0442241430282593,9.459240913391113
1700823015589165000,153.9011650390625,2.330127000808716,1.0408470630645752,9.468767166137695
1700823015598844000,153.91084399414063,2.302006483078003,1.0358108282089233,9.476194381713867
1700823015608826000,153.920826171875,2.2823801040649414,1.0286906957626343,9.481715202331543
1700823015618919000,153.9309189453125,2.2712714672088623,1.0183449983596802,9.485499382019043
1700823015628737000,153.94073706054687,2.264594316482544,1.0041106939315796,9.48861312866211
1700823015638933000,153.95093310546875,2.256024122238159,0.9877563714981079,9.49237060546875
1700823015648720000,153.96071997070314,2.239530086517334,0.9741533994674683,9.497681617736816
1700823015658763000,153.97076293945312,2.2151646614074707,0.9644544124603271,9.504382133483887
1700823015668893000,153.98089282226562,2.187305450439453,0.9588286876678467,9.511401176452637
1700823015678884000,153.99088403320312,2.1581385135650635,0.958072304725647,9.518136024475098
1700823015688956000,154.00095581054688,2.12561297416687,0.9617325663566589,9.525084495544434
1700823015698881000,154.01088110351563,2.089881181716919,0.9676207900047302,9.532391548156738
1700823015709409000,154.02140893554687,2.051276922225952,0.9750839471817017,9.540013313293457
1700823015718812000,154.03081201171875,2.01828932762146,0.983132541179657,9.546223640441895
1700823015728964000,154.04096411132812,1.9821786880493164,0.993803858757019,9.552680969238281
1700823015739009000,154.05100903320312,1.94681715965271,1.0046216249465942,9.558819770812988
1700823015748849000,154.06084887695312,1.911948323249817,1.0144559144973755,9.564818382263184
1700823015759034000,154.0710341796875,1.8791487216949463,1.0222721099853516,9.570483207702637
1700823015768715000,154.08071508789064,1.8489073514938354,1.0269389152526855,9.575871467590332
1700823015778705000,154.09070483398438,1.816987156867981,1.0290852785110474,9.581750869750977
1700823015788814000,154.10081396484375,1.7839821577072144,1.0297142267227173,9.587882041931152
1700823015798682000,154.11068212890626,1.753462791442871,1.0314724445343018,9.59332275390625
1700823015808676000,154.12067602539062,1.7277672290802002,1.0382426977157593,9.597253799438477
1700823015818901000,154.13090087890626,1.712429404258728,1.0504480600357056,9.598674774169922
1700823015828880000,154.1408798828125,1.7152997255325317,1.0659102201461792,9.596456527709961
1700823015838772000,154.15077197265626,1.7312284708023071,1.0828022956848145,9.591703414916992
1700823015848754000,154.16075390625,1.7470182180404663,1.1004801988601685,9.586827278137207
1700823015858882000,154.17088208007812,1.7566554546356201,1.1158952713012695,9.583283424377441
1700823015868750000,154.18075,1.7611253261566162,1.1292188167572021,9.580903053283691
1700823015878818000,154.19081811523438,1.7543305158615112,1.1400643587112427,9.580865859985352
1700823015888755000,154.2007548828125,1.7324408292770386,1.1491539478302002,9.583761215209961
1700823015898896000,154.21089575195313,1.7123054265975952,1.1596004962921143,9.586121559143066
1700823015909022000,154.22102197265625,1.6962909698486328,1.171347975730896,9.587540626525879
1700823015918657000,154.23065698242186,1.6861133575439453,1.1844435930252075,9.587725639343262
1700823015928744000,154.2407438964844,1.6800857782363892,1.1960010528564453,9.587350845336914
1700823015938763000,154.25076293945312,1.6743696928024292,1.2059454917907715,9.587104797363281
1700823015948756000,154.260755859375,1.3160054683685303,0.8022434711456299,9.68478012084961
1700823015958920000,154.270919921875,1.3107892274856567,0.8106240034103394,9.68478775024414
1700823015968714000,154.2807138671875,1.3188029527664185,0.8189473152160645,9.682999610900879
1700823015978815000,154.29081494140624,1.3487070798873901,0.8265650868415833,9.678232192993164
1700823015989012000,154.3010119628906,1.3940671682357788,0.8360799551010132,9.670985221862793
1700823015998894000,154.31089404296876,1.445725440979004,0.8487778306007385,9.662290573120117
1700823016008881000,154.320880859375,1.492289662361145,0.8626760244369507,9.653977394104004
1700823016018886000,154.33088598632813,1.5309648513793945,0.877953052520752,9.646538734436035
1700823016028888000,154.34088818359376,1.5631757974624634,0.8946543335914612,9.639837265014648
1700823016039980000,154.35197998046874,1.5927406549453735,0.9126765727996826,9.633305549621582
1700823016048770000,154.36077001953126,1.6197364330291748,0.9340543150901794,9.626753807067871
1700823016059010000,154.37101000976563,1.638592004776001,0.9617606401443481,9.620833396911621
1700823016068892000,154.38089184570313,1.6487559080123901,0.9933449625968933,9.615885734558105
1700823016079021000,154.39102099609374,1.6514687538146973,1.0247341394424438,9.612127304077148
1700823016088960000,154.4009599609375,1.6516414880752563,1.0526102781295776,9.609085083007812
1700823016098934000,154.41093408203125,1.647500991821289,1.067935585975647,9.608102798461914
1700823016108826000,154.420826171875,1.646639347076416,1.080452799797058,9.606851577758789
1700823016118833000,154.4308330078125,1.655239224433899,1.0948349237442017,9.603745460510254
1700823016128799000,154.44079907226563,1.6627953052520752,1.1003907918930054,9.601805686950684
1700823016138788000,154.4507880859375,1.6713497638702393,1.0965478420257568,9.60075855255127
1700823016149017000,154.46101708984375,1.6814754009246826,1.0893296003341675,9.599811553955078
1700823016158896000,154.47089624023437,1.6857582330703735,1.0811290740966797,9.59998893737793
1700823016168820000,154.48082006835938,1.6798518896102905,1.0735822916030884,9.601871490478516
1700823016178864000,154.49086401367188,1.6643235683441162,1.0663952827453613,9.605374336242676
1700823016188833000,154.5008330078125,1.8415286540985107,1.0703870058059692,9.57253646850586
1700823016198875000,154.510875,1.821508526802063,1.0593708753585815,9.577589988708496
1700823016208844000,154.52084399414062,1.9781650304794312,1.0595637559890747,9.546443939208984
1700823016218897000,154.53089697265625,2.071319580078125,1.064555287361145,9.526108741760254
1700823016228854000,154.54085400390625,2.0955724716186523,1.0681620836257935,9.520400047302246
1700823016238888000,154.55088793945313,2.0828230381011963,1.0609750747680664,9.524001121520996
1700823016248861000,154.56086083984374,2.0581753253936768,1.0495152473449707,9.530625343322754
1700823016258865000,154.57086499023438,2.0304555892944336,1.0381091833114624,9.537818908691406
1700823016268878000,154.58087817382813,2.00392484664917,1.032412052154541,9.544044494628906
1700823016278894000,154.59089404296876,1.9872773885726929,1.032486081123352,9.547517776489258
1700823016288929000,154.60092895507813,1.9852672815322876,1.0290333032608032,9.548307418823242
1700823016299117000,154.61111694335938,2.0042881965637207,1.0218678712844849,9.545104026794434
1700823016308853000,154.62085302734374,1.9964871406555176,1.0057088136672974,9.548454284667969
1700823016318876000,154.6308759765625,1.9896544218063354,0.9902499318122864,9.551495552062988
1700823016328877000,154.640876953125,1.9806936979293823,0.9752642512321472,9.554900169372559
1700823016338892000,154.65089208984375,1.9667627811431885,0.96063631772995,9.559258460998535
1700823016348896000,154.66089599609376,1.9512089490890503,0.9495362639427185,9.563554763793945
1700823016358836000,154.6708359375,1.9380247592926025,0.9457576274871826,9.566608428955078
1700823016368894000,154.68089404296876,1.92961847782135,0.9522741436958313,9.567660331726074
1700823016378884000,154.69088403320313,1.919293999671936,0.9635194540023804,9.568612098693848
1700823016388885000,154.7008850097656,1.9076664447784424,0.9773720502853394,9.569531440734863
1700823016398888000,154.71088793945313,1.899179220199585,0.9910104274749756,9.569819450378418
1700823016408878000,154.7208781738281,1.8941423892974854,1.0035837888717651,9.56950569152832
1700823016418891000,154.73089111328125,1.892064094543457,1.0192614793777466,9.568260192871094
1700823016428968000,154.74096801757813,1.891981601715088,1.0383473634719849,9.566225051879883
1700823016439013000,154.75101318359376,1.8732346296310425,1.0359171628952026,9.570176124572754
1700823016448827000,154.76082690429686,1.85100257396698,1.032774806022644,9.57483959197998
1700823016458773000,154.77077294921875,1.8407386541366577,1.0419018268585205,9.575830459594727
1700823016468746000,154.78074609375,1.8209984302520752,1.0486726760864258,9.578865051269531
1700823016478916000,154.790916015625,1.7927602529525757,1.0546479225158691,9.583534240722656
1700823016488705000,154.800705078125,1.7528949975967407,1.0562357902526855,9.59073257446289
1700823016498796000,154.8107961425781,1.7091221809387207,1.058386206626892,9.598392486572266
1700823016508744000,154.82074389648437,1.6604788303375244,1.060125470161438,9.606733322143555
1700823016518804000,154.83080395507812,1.6049726009368896,1.062178611755371,9.615936279296875
1700823016528776000,154.84077587890624,1.5487878322601318,1.0661065578460693,9.624711036682129
1700823016538866000,154.85086596679687,1.8914377689361572,0.9748846292495728,9.573007583618164
1700823016548863000,154.86086303710937,1.9702506065368652,0.9101225137710571,9.563482284545898
1700823016558890000,154.87088989257813,1.9296221733093262,0.8924249410629272,9.5734281539917
1700823016569034000,154.88103393554687,1.8634388446807861,0.8740882277488708,9.588220596313477
1700823016578937000,154.89093701171876,1.738646388053894,0.8557199239730835,9.61328411102295
1700823016588872000,154.90087182617188,1.5786255598068237,0.8561159372329712,9.64082145690918
1700823016598859000,154.91085888671876,1.4175065755844116,0.868259072303772,9.664740562438965
1700823016608898000,154.92089794921876,1.2552523612976074,0.885503888130188,9.685588836669922
1700823016618925000,154.93092504882813,1.1057140827178955,0.9020310044288635,9.702274322509766
1700823016628848000,154.94084814453126,1.0575082302093506,0.8989567160606384,9.70793342590332
1700823016638895000,154.95089501953126,1.0167220830917358,0.8939999341964722,9.712745666503906
1700823016648826000,154.960826171875,0.9810466766357422,0.8882082104682922,9.71694564819336
1700823016658683000,154.97068286132813,0.9492132663726807,0.8833180665969849,9.720553398132324
1700823016668843000,154.98084301757814,0.9215414524078369,0.8804036974906921,9.723479270935059
1700823016678983000,154.99098291015625,0.8957496881484985,0.8786942362785339,9.726043701171875
1700823016688938000,155.00093798828124,0.8793038725852966,0.8766311407089233,9.727729797363281
1700823016698940000,155.01093994140626,0.8653411269187927,0.8759089708328247,9.729045867919922
1700823016708875000,155.020875,0.8499258160591125,0.8758715987205505,9.730409622192383
1700823016718912000,155.030912109375,0.6587053537368774,0.9403709173202515,9.739209175109863
1700823016728888000,155.04088818359375,0.4752689003944397,1.005736231803894,9.743359565734863
1700823016738895000,155.05089501953125,0.31210166215896606,1.0629656314849854,9.743874549865723
1700823016748871000,155.0608708496094,0.1923050731420517,1.102118730545044,9.742626190185547
1700823016758980000,155.07097998046876,0.14104367792606354,1.1122546195983887,9.742351531982422
1700823016768881000,155.080880859375,0.12310265004634857,1.1067872047424316,9.743217468261719
1700823016779036000,155.09103588867188,0.11144494265317917,1.09270441532135,9.74494743347168
1700823016788670000,155.100669921875,0.1282297819852829,1.0574997663497925,9.748621940612793
1700823016798946000,155.1109460449219,0.1870277225971222,0.9987608790397644,9.753865242004395
1700823016808889000,155.12088916015625,0.18307313323020935,0.9956810474395752,9.754254341125488
1700823016818817000,155.1308171386719,0.1914791464805603,0.9904153943061829,9.754631042480469
1700823016831109000,155.1431091308594,0.21907734870910645,0.9806918501853943,9.755032539367676
1700823016848831000,155.1608310546875,0.2601119577884674,0.9796707034111023,9.754125595092773
1700823016858776000,155.17077612304686,0.2769131660461426,0.9762503504753113,9.754007339477539
1700823016870274000,155.18227416992187,0.2864592671394348,0.9705787301063538,9.754297256469727
1700823016878870000,155.1908701171875,0.2948319613933563,0.9631325006484985,9.754785537719727
1700823016888809000,155.20080908203124,0.3056640326976776,0.9544056057929993,9.75531005859375
1700823016898894000,155.21089404296876,0.31689709424972534,0.9443354606628418,9.755932807922363
1700823016908729000,155.22072900390626,0.47164106369018555,0.9969079494476318,9.744441032409668
1700823016918747000,155.23074682617187,0.5400225520133972,1.005534291267395,9.740005493164062
1700823016928782000,155.24078198242188,0.5839686393737793,1.0071704387664795,9.737298965454102
1700823016938801000,155.25080078125,0.6140972375869751,1.0120818614959717,9.73493480682373
1700823016949052000,155.26105200195312,0.6322528123855591,1.0192902088165283,9.733022689819336
1700823016958843000,155.2708427734375,0.6381587982177734,1.038320779800415,9.73062515258789
1700823016968963000,155.2809631347656,0.6287991404533386,1.0732187032699585,9.727446556091309
1700823016978974000,155.29097387695313,0.6100999712944031,1.1114658117294312,9.72434139251709
1700823016988885000,155.30088500976564,0.5950067639350891,1.1408861875534058,9.721868515014648
1700823016998919000,155.3109189453125,0.6047478318214417,1.1458452939987183,9.720685958862305
1700823017008887000,155.32088696289063,0.6189166307449341,1.1509926319122314,9.719186782836914
1700823017019079000,155.3310788574219,0.6408107876777649,1.1560814380645752,9.7171630859375
1700823017028875000,155.340875,0.6679173707962036,1.1605290174484253,9.714807510375977
1700823017038904000,155.35090405273436,0.6939210295677185,1.1644716262817383,9.712512969970703
1700823017048895000,155.36089501953126,0.7341311573982239,1.146036982536316,9.711748123168945
1700823017058934000,155.37093408203125,0.7723323106765747,1.1097718477249146,9.712995529174805
1700823017069419000,155.3814189453125,0.7988243103027344,1.085244059562683,9.713624954223633
1700823017078939000,155.39093896484374,0.8207756876945496,1.0733911991119385,9.713111877441406
1700823017088885000,155.40088500976563,0.8508285880088806,1.062840223312378,9.711688041687012
1700823017098959000,155.410958984375,0.8825544118881226,1.0543062686920166,9.709784507751465
1700823017108880000,155.4208798828125,0.9060711860656738,1.0533411502838135,9.707723617553711
1700823017119041000,155.431041015625,0.927777111530304,1.0537164211273193,9.705632209777832
1700823017128994000,155.440994140625,0.9631292819976807,1.0650787353515625,9.700948715209961
1700823017138893000,155.45089306640625,0.9915615916252136,1.0773954391479492,9.696722984313965
1700823017148904000,155.46090405273438,1.013094186782837,1.089224100112915,9.693174362182617
1700823017158882000,155.47088208007813,1.0268042087554932,1.0981509685516357,9.690723419189453
1700823017169233000,155.48123291015625,1.0345547199249268,1.104198932647705,9.68921184539795
1700823017178778000,155.49077807617186,1.038502812385559,1.1083660125732422,9.688314437866211
1700823017188843000,155.50084301757812,1.0381903648376465,1.1099228858947754,9.688169479370117
1700823017198860000,155.51086010742188,1.0343308448791504,1.1097843647003174,9.688596725463867
1700823017208844000,155.52084399414062,1.0287731885910034,1.108040452003479,9.689391136169434
1700823017218904000,155.53090405273437,1.0231561660766602,1.104997158050537,9.690332412719727
1700823017228826000,155.540826171875,1.0304665565490723,1.1082810163497925,9.689181327819824
1700823017238872000,155.5508720703125,1.0507949590682983,1.1083402633666992,9.686991691589355
1700823017248887000,155.56088696289063,1.0814467668533325,1.097206950187683,9.684884071350098
1700823017258877000,155.570876953125,1.1210925579071045,1.0714709758758545,9.683259010314941
1700823017269059000,155.58105908203126,1.1649322509765625,1.0367738008499146,9.68186092376709
1700823017278801000,155.59080078125,1.1957300901412964,1.0076075792312622,9.68118667602539
1700823017288875000,155.600875,1.2116130590438843,0.9890984296798706,9.681118965148926
1700823017298875000,155.610875,1.2166060209274292,0.9758110642433167,9.681840896606445
1700823017308883000,155.62088305664062,1.2131606340408325,0.962811291217804,9.683574676513672
1700823017319320000,155.63132006835937,1.205375075340271,0.9502715468406677,9.685787200927734
1700823017328811000,155.64081103515625,1.1953966617584229,0.9351713061332703,9.688491821289062
1700823017338934000,155.65093408203126,1.1844679117202759,0.9161849021911621,9.69164752960205
1700823017348829000,155.66082885742188,1.1739221811294556,0.899592936038971,9.694483757019043
1700823017358679000,155.67067895507813,1.1594897508621216,0.8854492902755737,9.69752311706543
1700823017368799000,155.68079907226561,1.1407772302627563,0.8742018938064575,9.700762748718262
1700823017378829000,155.6908291015625,1.1182137727737427,0.8639517426490784,9.704307556152344
1700823017388762000,155.70076220703126,1.0980700254440308,0.8565759062767029,9.707260131835938
1700823017398888000,155.71088793945313,1.084940791130066,0.8516653776168823,9.709168434143066
1700823017408704000,155.7207041015625,1.080361247062683,0.8507935404777527,9.709756851196289
1700823017418657000,155.73065698242186,1.0784916877746582,0.8529349565505981,9.709775924682617
1700823017428725000,155.74072509765625,1.074572205543518,0.8569743037223816,9.709856033325195
1700823017438750000,155.75075,1.0690159797668457,0.8590502142906189,9.710286140441895
1700823017448741000,155.7607412109375,1.064500331878662,0.8610527515411377,9.710603713989258
1700823017458788000,155.7707880859375,1.0622718334197998,0.8655597567558289,9.710448265075684
1700823017468914000,155.78091381835938,1.0639429092407227,0.8702040314674377,9.709850311279297
1700823017478805000,155.79080493164062,1.067278265953064,0.873612105846405,9.709176063537598
1700823017488816000,155.80081616210938,1.0702040195465088,0.8754597902297974,9.708687782287598
1700823017498809000,155.81080908203126,1.0740739107131958,0.875709056854248,9.708237648010254
1700823017508742000,155.82074194335937,1.083113193511963,0.8761124014854431,9.707198143005371
1700823017518839000,155.83083911132812,1.0965250730514526,0.8788278102874756,9.70544719696045
1700823017528886000,155.84088598632812,1.114795207977295,0.8829387426376343,9.70299243927002
1700823017538860000,155.85086010742188,1.1330091953277588,0.8859925866127014,9.700602531433105
1700823017548807000,155.86080688476562,1.143725872039795,0.8885787725448608,9.699109077453613
1700823017558891000,155.87089111328126,1.14589524269104,0.8927432298660278,9.698470115661621
1700823017569077000,155.88107690429686,1.1474599838256836,0.8977712988853455,9.697822570800781
1700823017578753000,155.8907529296875,1.1552257537841797,0.8997156620025635,9.6967191696167
1700823017588926000,155.90092602539062,1.166955590248108,0.9001690149307251,9.695271492004395
1700823017598885000,155.91088500976562,1.181133508682251,0.9008741974830627,9.693489074707031
1700823017608896000,155.92089599609375,1.1963088512420654,0.9020388722419739,9.691518783569336
1700823017618916000,155.930916015625,1.2103545665740967,0.9026584625244141,9.689719200134277
1700823017628931000,155.94093115234375,1.2231135368347168,0.9031170010566711,9.688075065612793
1700823017638908000,155.95090795898437,1.2360279560089111,0.903056800365448,9.686440467834473
1700823017648906000,155.96090600585939,1.2519246339797974,0.9032488465309143,9.684379577636719
1700823017658882000,155.97088208007813,1.2733186483383179,0.9046022891998291,9.681465148925781
1700823017668826000,155.980826171875,1.2978615760803223,0.9062144160270691,9.67805290222168
1700823017678932000,155.99093188476562,1.3237407207489014,0.908083975315094,9.674372673034668
1700823017688886000,156.00088598632811,1.3485159873962402,0.9105535745620728,9.6707181930542
1700823017698799000,156.01079907226563,1.3715453147888184,0.9124559164047241,9.667301177978516
1700823017708897000,156.02089697265626,1.391073226928711,0.9055320024490356,9.665159225463867
1700823017718889000,156.0308889160156,1.4077178239822388,0.894900381565094,9.663740158081055
1700823017728898000,156.04089794921876,1.420860767364502,0.8825424313545227,9.662952423095703
1700823017738889000,156.05088891601562,1.4341250658035278,0.8708174824714661,9.662056922912598
1700823017748891000,156.06089086914062,1.4509797096252441,0.8573039770126343,9.660750389099121
1700823017758690000,156.07068994140624,1.4701050519943237,0.846217930316925,9.658835411071777
1700823017769151000,156.08115087890624,1.4876891374588013,0.8403425812721252,9.656656265258789
1700823017778893000,156.09089306640624,1.508437991142273,0.8393664360046387,9.653521537780762
1700823017788910000,156.10091015625,1.534525752067566,0.8402601480484009,9.649331092834473
1700823017798674000,156.110673828125,1.565043330192566,0.8406868577003479,9.644390106201172
1700823017808883000,156.12088305664062,1.594876766204834,0.838064432144165,9.639730453491211
1700823017818919000,156.1309189453125,1.6218076944351196,0.834747850894928,9.63552474975586
1700823017828881000,156.140880859375,1.6444284915924072,0.8328142166137695,9.631857872009277
1700823017838914000,156.1509140625,1.6626430749893188,0.8330726027488708,9.628707885742188
1700823017848911000,156.1609111328125,1.6790751218795776,0.8335197567939758,9.625816345214844
1700823017858791000,156.170791015625,1.6906065940856934,0.8380734920501709,9.62340259552002
1700823017873606000,156.18560595703124,1.6917771100997925,0.852517306804657,9.621927261352539
1700823017888682000,156.20068188476563,1.6996029615402222,0.8662436008453369,9.61932373046875
1700823017898630000,156.2106298828125,1.6999212503433228,0.8723586201667786,9.618714332580566
1700823017908774000,156.22077392578126,1.7032585144042969,0.8752335906028748,9.6178617477417
1700823017918604000,156.23060400390625,1.713700771331787,0.8729223608970642,9.616217613220215
1700823017929093000,156.24109301757812,1.7299790382385254,0.864048182964325,9.614104270935059
1700823017938752000,156.250751953125,1.7501649856567383,0.8492363691329956,9.611769676208496
1700823017948703000,156.26070288085938,1.775322437286377,0.8354740738868713,9.60836124420166
1700823017958656000,156.27065600585937,1.809920072555542,0.8298434019088745,9.602394104003906
1700823017968775000,156.28077490234375,1.8356488943099976,0.8329153656959534,9.597243309020996
1700823017978656000,156.29065600585938,1.8446415662765503,0.8439134359359741,9.594555854797363
1700823017988783000,156.300783203125,1.8328397274017334,0.8584633469581604,9.595526695251465
1700823017998851000,156.31085107421876,1.8073052167892456,0.8716676831245422,9.599180221557617
1700823018008756000,156.320755859375,1.7809017896652222,0.8793769478797913,9.603409767150879
1700823018018884000,156.33088403320312,1.767358660697937,0.8803194761276245,9.60582447052002
1700823018028735000,156.34073486328126,1.7691162824630737,0.8755983114242554,9.605932235717773
1700823018038774000,156.35077392578125,1.7817931175231934,0.8695186972618103,9.604144096374512
1700823018048742000,156.3607419433594,1.798051357269287,0.8716381788253784,9.600918769836426
1700823018058782000,156.37078198242187,1.81500244140625,0.8794108629226685,9.597021102905273
1700823018068771000,156.38077099609376,1.8253847360610962,0.89171302318573,9.593915939331055
1700823018078796000,156.39079614257813,1.8287992477416992,0.9055708646774292,9.59196662902832
1700823018088792000,156.4007919921875,1.830787181854248,0.9179574251174927,9.590410232543945
1700823018098851000,156.41085107421875,1.8350579738616943,0.9275880455970764,9.588667869567871
1700823018108745000,156.42074487304689,1.8714845180511475,1.1108821630477905,9.562106132507324
1700823018118638000,156.43063818359374,1.8896602392196655,1.1570789813995361,9.553048133850098
1700823018128892000,156.44089184570313,1.9094109535217285,1.1742024421691895,9.547030448913574
1700823018138898000,156.45089794921876,1.929166555404663,1.1806837320327759,9.542259216308594
1700823018149526000,156.46152612304687,1.944071650505066,1.183398723602295,9.538897514343262
1700823018158758000,156.4707578125,1.9480680227279663,1.1876561641693115,9.537552833557129
1700823018168846000,156.48084619140624,1.9366981983184814,1.1950336694717407,9.538946151733398
1700823018178784000,156.4907839355469,1.9271411895751953,1.2005118131637573,9.540193557739258
1700823018188731000,156.50073095703124,1.926281452178955,1.203150987625122,9.540034294128418
1700823018198845000,156.51084497070312,1.9303970336914062,1.2039330005645752,9.539105415344238
1700823018208797000,156.520796875,1.9392563104629517,1.201042890548706,9.53767204284668
1700823018218867000,156.53086694335937,1.9531384706497192,1.1936132907867432,9.535771369934082
1700823018228851000,156.5408508300781,1.9683345556259155,1.1825363636016846,9.534025192260742
1700823018238849000,156.55084912109376,1.9835920333862305,1.1679306030273438,9.532663345336914
1700823018248873000,156.560873046875,1.9971728324890137,1.1518710851669312,9.531783103942871
1700823018258766000,156.57076611328125,2.0075795650482178,1.1366198062896729,9.531427383422852
1700823018268884000,156.58088403320312,2.015852928161621,1.122646450996399,9.53133773803711
1700823018278779000,156.59077880859374,2.021895170211792,1.1106281280517578,9.531466484069824
1700823018288831000,156.6008310546875,2.024782419204712,1.1000231504440308,9.532082557678223
1700823018298839000,156.61083911132812,2.0221571922302246,1.0908093452453613,9.533699035644531
1700823018308732000,156.62073193359376,2.0152366161346436,1.0818792581558228,9.53618049621582
1700823018318889000,156.63088891601564,2.009354829788208,1.0722253322601318,9.53851318359375
1700823018328701000,156.64070092773437,2.008150100708008,1.062787652015686,9.53982162475586
1700823018338741000,156.6507409667969,2.013061046600342,1.0543348789215088,9.539724349975586
1700823018348766000,156.66076586914062,2.0226597785949707,1.0487602949142456,9.538309097290039
1700823018358892000,156.67089208984376,2.0368618965148926,1.0448577404022217,9.53571605682373
1700823018368898000,156.68089794921875,2.051445245742798,1.0415239334106445,9.532952308654785
1700823018378912000,156.690912109375,2.0561623573303223,1.0378013849258423,9.532341957092285
1700823018388848000,156.70084814453125,2.053199529647827,1.0315346717834473,9.533661842346191
1700823018398839000,156.7108391113281,2.0468435287475586,1.0221108198165894,9.536043167114258
1700823018408661000,156.7206608886719,2.0370123386383057,1.0111960172653198,9.539310455322266
1700823018418730000,156.73072998046874,2.0255942344665527,1.0000693798065186,9.542915344238281
1700823018428921000,156.74092114257812,2.0191309452056885,0.9893658757209778,9.545400619506836
1700823018438647000,156.75064697265626,2.0214316844940186,0.979968786239624,9.545882225036621
1700823018448831000,156.7608310546875,2.0315139293670654,0.9728732705116272,9.54446792602539
1700823018458848000,156.77084790039063,2.0451743602752686,0.9675523638725281,9.54209041595459
1700823018468803000,156.78080297851562,2.0579237937927246,0.9607803821563721,9.540034294128418
1700823018478705000,156.79070483398436,2.0643715858459473,0.9517101049423218,9.53955078125
1700823018489003000,156.8010029296875,2.0619921684265137,0.9390987157821655,9.541315078735352
1700823018498803000,156.81080297851562,2.0530343055725098,0.9214634299278259,9.544962882995605
1700823018508694000,156.82069409179687,2.042280912399292,0.8968427777290344,9.549615859985352
1700823018518666000,156.830666015625,2.035806655883789,0.8668226003646851,9.553770065307617
1700823018528763000,156.84076293945313,2.037663698196411,0.8408847451210022,9.555691719055176
1700823018538661000,156.8506611328125,2.0462594032287598,0.8223556876182556,9.555466651916504
1700823018548750000,156.86075,2.0576276779174805,0.8102967143058777,9.554055213928223
1700823018558880000,156.8708798828125,2.064708709716797,0.8028233051300049,9.553159713745117
1700823018568785000,156.88078491210936,2.0631284713745117,0.7984928488731384,9.553861618041992
1700823018578898000,156.89089794921875,2.0523412227630615,0.7931538224220276,9.556631088256836
1700823018588749000,156.9007490234375,2.039740562438965,0.7891066074371338,9.559663772583008
1700823018598965000,156.91096508789062,2.035083532333374,0.7878686189651489,9.560758590698242
1700823018608781000,156.92078100585937,2.0460569858551025,0.7894198894500732,9.558289527893066
1700823018618724000,156.93072412109376,2.0698904991149902,0.7930287718772888,9.5528564453125
1700823018628755000,156.9407548828125,2.086378335952759,0.7945873737335205,9.549139022827148
1700823018638794000,156.9507939453125,2.0783424377441406,0.7867279052734375,9.551542282104492
1700823018648977000,156.96097680664062,2.0537376403808594,0.77593994140625,9.557744979858398
1700823018658662000,156.97066186523438,2.010960102081299,0.7634043097496033,9.567845344543457
1700823018668844000,156.98084399414063,1.9623528718948364,0.7561877965927124,9.57850456237793
1700823018678902000,156.99090209960937,1.9165297746658325,0.7683578133583069,9.586810111999512
1700823018689011000,157.0010109863281,1.8866864442825317,0.7883753776550293,9.591102600097656
1700823018699119000,157.011119140625,1.8627490997314453,0.8083993196487427,9.5941162109375
1700823018708833000,157.0208330078125,1.835173487663269,0.8184674382209778,9.598576545715332
1700823018718830000,157.030830078125,1.8045082092285156,0.8162772059440613,9.604572296142578
1700823018728795000,157.040794921875,1.778656005859375,0.8048530220985413,9.610359191894531
1700823018738690000,157.05068994140626,1.7450717687606812,0.7862760424613953,9.618050575256348
1700823018748721000,157.06072094726562,1.7105884552001953,0.7684674263000488,9.62568187713623
1700823018758865000,157.07086499023438,1.6751117706298828,0.7535957098007202,9.63309383392334
1700823018768908000,157.08090795898437,1.6383395195007324,0.7398554086685181,9.640480041503906
1700823018778862000,157.09086206054687,1.6026877164840698,0.725028395652771,9.647597312927246
1700823018788759000,157.10075903320313,1.580582857131958,0.7103434801101685,9.652334213256836
1700823018798772000,157.11077197265624,1.578130841255188,0.6971034407615662,9.653701782226562
1700823018808771000,157.12077099609374,1.5893887281417847,0.6866732239723206,9.652603149414062
1700823018818784000,157.13078393554687,1.601190447807312,0.6782277822494507,9.651247024536133
1700823018828681000,157.14068090820314,1.6077579259872437,0.6710799336433411,9.650655746459961
1700823018838763000,157.15076293945313,1.6114561557769775,0.6667258739471436,9.65034008026123
1700823018848863000,157.16086303710938,1.616124153137207,0.6667088866233826,9.649561882019043
1700823018858691000,157.17069116210936,1.622995138168335,0.6714221835136414,9.648080825805664
1700823018868782000,157.18078198242188,1.6281217336654663,0.6785132884979248,9.646721839904785
1700823018878765000,157.19076513671874,1.4910166263580322,0.58294278383255,9.675092697143555
1700823018888796000,157.2007958984375,1.445292592048645,0.5557388663291931,9.68363094329834
1700823018898969000,157.21096899414061,1.3914949893951416,0.5453536510467529,9.692096710205078
1700823018908925000,157.22092504882812,1.333360195159912,0.5519862174987793,9.699889183044434
1700823018918876000,157.2308759765625,1.2770546674728394,0.5605682134628296,9.70697021484375
1700823018929186000,157.24118603515626,1.16847562789917,0.5218079686164856,9.722795486450195
1700823018940577000,157.2525769042969,1.01644766330719,0.41527941823005676,9.744986534118652
1700823018948839000,157.2608388671875,0.9630904197692871,0.3653475344181061,9.75240421295166
1700823018958826000,157.27082592773436,0.8847084045410156,0.30020928382873535,9.762046813964844
1700823018968763000,157.28076293945313,0.868729293346405,0.2943374514579773,9.76366138458252
1700823018978682000,157.29068212890624,0.8543605804443359,0.2909787893295288,9.765028953552246
1700823018988770000,157.30077001953126,0.8504858016967773,0.29046207666397095,9.765382766723633
1700823018998843000,157.3108427734375,0.8440613150596619,0.28818801045417786,9.766007423400879
1700823019008750000,157.32075,0.7546189427375793,0.29259616136550903,9.773195266723633
1700823019018774000,157.33077392578124,0.7031371593475342,0.2963978946208954,9.776918411254883
1700823019028661000,157.34066088867186,0.6768892407417297,0.2944260239601135,9.778830528259277
1700823019038666000,157.350666015625,0.6659715175628662,0.2902221381664276,9.779706954956055
1700823019048759000,157.36075903320312,0.6616939902305603,0.28580549359321594,9.780126571655273
1700823019058891000,157.37089111328126,0.6621370315551758,0.2794084846973419,9.780281066894531
1700823019068840000,157.38083984375,0.6673194169998169,0.27113837003707886,9.78016185760498
1700823019078781000,157.39078100585937,0.6745336055755615,0.2631865441799164,9.779885292053223
1700823019088772000,157.40077221679687,0.6784440279006958,0.25768792629241943,9.779759407043457
1700823019098803000,157.41080297851562,0.6801636815071106,0.24793723225593567,9.779891967773438
1700823019108779000,157.4207790527344,0.6704699993133545,0.23996290564537048,9.780760765075684
1700823019118700000,157.43069995117187,0.6499783992767334,0.23600685596466064,9.782240867614746
1700823019128846000,157.44084619140625,0.6217278838157654,0.22872750461101532,9.784249305725098
1700823019138681000,157.45068115234375,0.5959288477897644,0.22409166395664215,9.785964012145996
1700823019148905000,157.46090502929687,0.5784674286842346,0.22278380393981934,9.787039756774902
1700823019158734000,157.47073413085937,0.5659200549125671,0.22264936566352844,9.787775039672852
1700823019168790000,157.4807900390625,0.5570949912071228,0.22076164186000824,9.788325309753418
1700823019178704000,157.49070385742186,0.5524328351020813,0.21668431162834167,9.788681030273438
1700823019188849000,157.5008488769531,0.761345624923706,0.3742503821849823,9.76988697052002
1700823019198847000,157.51084692382813,0.8772878646850586,0.5037839412689209,9.754331588745117
1700823019208859000,157.52085888671874,0.9870090484619141,0.6107292175292969,9.737722396850586
1700823019218675000,157.53067504882813,1.1083613634109497,0.6758999228477478,9.720344543457031
1700823019228846000,157.54084619140625,1.2238482236862183,0.7059294581413269,9.704340934753418
1700823019238918000,157.55091796875,1.2994418144226074,0.7104106545448303,9.694183349609375
1700823019248781000,157.56078100585938,1.36391019821167,0.7123895883560181,9.685176849365234
1700823019258939000,157.57093896484375,1.4329495429992676,0.7276026606559753,9.674071311950684
1700823019268847000,157.58084716796876,1.5124434232711792,0.7609288692474365,9.659394264221191
1700823019278743000,157.59074291992187,1.5908145904541016,0.8079220652580261,9.642974853515625
1700823019288676000,157.6006760253906,1.6073192358016968,0.8066033720970154,9.640349388122559
1700823019298805000,157.61080493164062,1.62855863571167,0.8062924146652222,9.636808395385742
1700823019308798000,157.6207978515625,1.647686243057251,0.8066983819007874,9.633522033691406
1700823019318673000,157.6306728515625,1.6651448011398315,0.8054694533348083,9.630623817443848
1700823019328763000,157.6407629394531,1.6817238330841064,0.8025017976760864,9.627989768981934
1700823019338652000,157.65065185546874,1.6999229192733765,0.799558162689209,9.625039100646973
1700823019349726000,157.66172583007813,1.7237416505813599,0.7976701259613037,9.620959281921387
1700823019358922000,157.670921875,1.7486268281936646,0.7964450120925903,9.616568565368652
1700823019368874000,157.6808740234375,1.7786294221878052,0.7943886518478394,9.611233711242676
1700823019378769000,157.69076879882812,1.8095780611038208,0.7908291816711426,9.605749130249023
1700823019388757000,157.70075708007812,1.833490252494812,0.786914050579071,9.601534843444824
1700823019398797000,157.71079711914064,1.8515836000442505,0.7820894122123718,9.598457336425781
1700823019408784000,157.72078393554688,1.8737776279449463,0.7755939364433289,9.59467601776123
1700823019418825000,157.73082495117188,1.902306318283081,0.7674983143806458,9.589710235595703
1700823019428804000,157.74080419921876,1.9281299114227295,0.7576879858970642,9.585332870483398
1700823019438852000,157.75085205078125,1.9430434703826904,0.7437506318092346,9.583414077758789
1700823019448987000,157.76098681640624,1.9490394592285156,0.7243891954421997,9.58367919921875
1700823019458935000,157.77093505859375,1.951086163520813,0.699085533618927,9.5851411819458
1700823019468798000,157.7807978515625,1.9502208232879639,0.6694046854972839,9.587435722351074
1700823019478815000,157.79081494140624,1.9470322132110596,0.631122350692749,9.590680122375488
1700823019488815000,157.80081518554687,1.9433929920196533,0.5938423871994019,9.593798637390137
1700823019498888000,157.81088793945312,1.939923882484436,0.5637295842170715,9.596317291259766
1700823019508774000,157.82077392578125,1.935173749923706,0.5489748120307922,9.598132133483887
1700823019518875000,157.830875,1.9206074476242065,0.5498542189598083,9.601006507873535
1700823019528651000,157.84065112304688,1.8893194198608398,0.5592968463897705,9.606666564941406
1700823019538840000,157.85084008789062,1.8454229831695557,0.5658455491065979,9.614812850952148
1700823019548920000,157.86092016601563,1.7907085418701172,0.565259575843811,9.625187873840332
1700823019558829000,157.8708291015625,1.7298980951309204,0.5578972101211548,9.63673210144043
1700823019568810000,157.88081005859374,1.6678802967071533,0.5440896153450012,9.64844799041748
1700823019578807000,157.89080712890626,1.6073858737945557,0.5281888842582703,9.659591674804688
1700823019588800000,157.90080004882813,1.545473575592041,0.5135211944580078,9.670482635498047
1700823019598820000,157.91082006835939,1.4836148023605347,0.5014256834983826,9.68079662322998
1700823019608936000,157.92093603515625,1.409358024597168,0.5017951130867004,9.691868782043457
1700823019618826000,157.93082592773436,1.3322434425354004,0.5016153454780579,9.702777862548828
1700823019628798000,157.9407978515625,1.2435407638549805,0.4998655915260315,9.714634895324707
1700823019638814000,157.95081396484375,1.1522527933120728,0.4969751238822937,9.726034164428711
1700823019648812000,157.96081201171876,1.0693016052246094,0.49206456542015076,9.73575210571289
1700823019658830000,157.970830078125,0.9828589558601379,0.48453211784362793,9.745235443115234
1700823019668808000,157.98080786132812,0.8983464241027832,0.4727712571620941,9.75396728515625
1700823019678818000,157.99081811523436,1.1714637279510498,0.47912296652793884,9.72463321685791
1700823019688665000,158.0006650390625,1.5170315504074097,0.5147349238395691,9.674919128417969
1700823019698816000,158.01081591796876,1.8676445484161377,0.5774535536766052,9.609830856323242
1700823019708823000,158.02082299804687,2.1603288650512695,0.6361871957778931,9.544561386108398
1700823019718847000,158.03084692382814,2.444051742553711,0.6613596677780151,9.474153518676758
1700823019728812000,158.04081201171874,2.7087488174438477,0.6294681429862976,9.404088020324707
1700823019738707000,158.05070703125,2.6111557483673096,0.6364379525184631,9.431182861328125
1700823019748679000,158.06067895507812,2.513829469680786,0.6437830924987793,9.45709228515625
1700823019758841000,158.07084106445313,2.3983757495880127,0.6444295644760132,9.486985206604004
1700823019768830000,158.08082983398438,2.2732696533203125,0.6344354152679443,9.518409729003906
1700823019778728000,158.09072802734374,2.1334946155548096,0.6192845702171326,9.551704406738281
1700823019788800000,158.10080004882812,1.9849212169647217,0.607293426990509,9.584449768066406
1700823019798715000,158.11071484375,1.83340585231781,0.6022019386291504,9.614903450012207
1700823019808888000,158.12088818359376,1.6678069829940796,0.6031368970870972,9.644948959350586
1700823019818992000,158.1309921875,1.5132777690887451,0.6066098213195801,9.670182228088379
1700823019828699000,158.14069897460936,1.3459333181381226,0.6112821698188782,9.694596290588379
1700823019838809000,158.15080908203126,1.1767548322677612,0.6164318323135376,9.716257095336914
1700823019848797000,158.160796875,1.0001018047332764,0.6200485825538635,9.735796928405762
1700823019858802000,158.17080200195312,0.8163795471191406,0.6198316812515259,9.752933502197266
1700823019868791000,158.180791015625,0.6342898607254028,0.6177878975868225,9.766597747802734
1700823019878785000,158.19078491210936,0.45625030994415283,0.6176932454109192,9.776538848876953
1700823019888819000,158.20081884765625,0.2890823185443878,0.6194751262664795,9.782795906066895
1700823019898839000,158.2108391113281,0.11556641012430191,0.6209595203399658,9.78628921508789
1700823019908864000,158.22086401367187,-0.053368017077445984,0.621734619140625,9.78677749633789
1700823019918850000,158.23085009765626,-0.22443535923957825,0.6183174848556519,9.784564971923828
1700823019928810000,158.24081005859375,-0.36258184909820557,0.607030987739563,9.781126022338867
1700823019938841000,158.2508410644531,-0.4766729474067688,0.592725932598114,9.777108192443848
1700823019948827000,158.26082690429686,-0.5788310170173645,0.5799757838249207,9.772356986999512
1700823019958836000,158.2708359375,-0.6650538444519043,0.5769351124763489,9.767049789428711
1700823019968679000,158.28067895507812,-0.734851598739624,0.5807330012321472,9.761819839477539
1700823019978832000,158.29083178710937,-0.7962486147880554,0.5849100351333618,9.756755828857422
1700823019989103000,158.30110302734374,-0.8550941348075867,0.5857882499694824,9.751721382141113
1700823019998713000,158.31071313476562,-0.901557207107544,0.5825950503349304,9.747726440429688
1700823020008657000,158.32065698242187,-0.9576035141944885,0.5785104036331177,9.742624282836914
1700823020018657000,158.33065698242189,-1.0329519510269165,0.575790286064148,9.735084533691406
1700823020028726000,158.34072607421874,-1.0905472040176392,0.5724205374717712,9.728999137878418
1700823020038900000,158.35089990234374,-1.1250725984573364,0.5710755586624146,9.72514533996582
1700823020048795000,158.360794921875,-1.1689332723617554,0.575363039970398,9.719720840454102
1700823020058834000,158.370833984375,-1.2044938802719116,0.5856459140777588,9.714761734008789
1700823020068773000,158.38077319335937,-1.2223457098007202,0.6081929802894592,9.711146354675293
1700823020078739000,158.39073901367186,-1.2419319152832031,0.6394926905632019,9.706649780273438
1700823020088775000,158.40077490234376,-1.3025363683700562,0.6709575057029724,9.696578025817871
1700823020098911000,158.41091088867188,-1.399509072303772,0.6824190616607666,9.682256698608398
1700823020109002000,158.421001953125,-1.493777871131897,0.6635276079177856,9.669474601745605
1700823020118845000,158.43084497070313,-1.5584681034088135,0.6378463506698608,9.660990715026855
1700823020128815000,158.44081518554688,-1.5915333032608032,0.6210095286369324,9.656694412231445
1700823020138830000,158.450830078125,-1.5971078872680664,0.6191185712814331,9.65589714050293
1700823020149252000,158.46125219726562,-1.5869472026824951,0.6296384930610657,9.656891822814941
1700823020158700000,158.47069995117187,-1.563373327255249,0.6461904048919678,9.65964412689209
1700823020168873000,158.480873046875,-1.5512837171554565,0.659641444683075,9.66068172454834
1700823020178793000,158.49079296875,-1.57712721824646,0.6582610607147217,9.656593322753906
1700823020188909000,158.50090893554687,-1.6357295513153076,0.6377338767051697,9.648216247558594
1700823020198754000,158.51075415039062,-1.6949867010116577,0.6133219003677368,9.639565467834473
1700823020208621000,158.52062109375,-1.7248808145523071,0.5991042852401733,9.635157585144043
1700823020218795000,158.530794921875,-1.707480788230896,0.6023796200752258,9.63805103302002
1700823020228757000,158.54075708007812,-1.6104484796524048,0.6285951137542725,9.653067588806152
1700823020238786000,158.5507861328125,-1.5375257730484009,0.6510851979255676,9.66346263885498
1700823020248715000,158.56071508789063,-1.490743637084961,0.661371648311615,9.67009162902832
1700823020258909000,158.57090893554687,-1.4731717109680176,0.6562135219573975,9.673135757446289
1700823020268917000,158.5809169921875,-1.472196102142334,0.6387380361557007,9.674452781677246
1700823020279477000,158.59147705078124,-1.4764286279678345,0.6146005392074585,9.675372123718262
1700823020288915000,158.6009150390625,-1.4713613986968994,0.5978949069976807,9.677191734313965
1700823020298927000,158.61092700195312,-1.4401514530181885,0.5942702889442444,9.682106971740723
1700823020309077000,158.62107690429687,-1.3834627866744995,0.6049699187278748,9.689708709716797
1700823020318951000,158.63095092773438,-1.323414921760559,0.6181193590164185,9.697261810302734
1700823020328907000,158.64090698242188,-1.2638181447982788,0.6239259839057922,9.704837799072266
1700823020338942000,158.65094189453126,-1.214748740196228,0.6223121285438538,9.71120548248291
1700823020348940000,158.66093994140624,-1.1849147081375122,0.6189438104629517,9.715106964111328
1700823020358906000,158.67090600585936,-1.1536626815795898,0.6153618693351746,9.71909236907959
1700823020368849000,158.68084887695312,-1.0863116979599,0.6157499551773071,9.726827621459961
1700823020378984000,158.69098388671875,-0.9971622228622437,0.6214531660079956,9.736008644104004
1700823020388803000,158.7008029785156,-0.9088269472122192,0.6277864575386047,9.744246482849121
1700823020398813000,158.71081298828125,-0.840631902217865,0.6339461207389832,9.74996566772461
1700823020408800000,158.72080004882812,-0.7967255711555481,0.6425330638885498,9.753091812133789
1700823020418785000,158.73078491210939,-0.7639011740684509,0.649759829044342,9.755237579345703
1700823020429312000,158.74131201171875,-0.7451356649398804,0.650697648525238,9.756625175476074
1700823020438684000,158.75068383789062,-0.7419213652610779,0.6465283036231995,9.757150650024414
1700823020448782000,158.76078198242186,-0.7339052557945251,0.6425687074661255,9.758016586303711
1700823020458827000,158.77082690429688,-0.7026309967041016,0.6411994695663452,9.760408401489258
1700823020468780000,158.78078002929686,-0.6467775702476501,0.639086127281189,9.764406204223633
1700823020478837000,158.7908369140625,-0.5810720324516296,0.6336383819580078,9.768893241882324
1700823020488833000,158.8008330078125,-0.5211257934570312,0.6307476162910461,9.772462844848633
1700823020498812000,158.81081201171875,-0.46388357877731323,0.6335302591323853,9.775164604187012
1700823020508761000,158.82076098632814,-0.4081055819988251,0.6376757025718689,9.777384757995605
1700823020518875000,158.830875,-0.3740636110305786,0.6412503123283386,9.778509140014648
1700823020528818000,158.84081787109375,-0.35913610458374023,0.6399690508842468,9.779153823852539
1700823020538814000,158.85081396484375,-0.33473873138427734,0.6395636796951294,9.780045509338379
1700823020548917000,158.8609169921875,-0.30268239974975586,0.6415802836418152,9.780959129333496
1700823020558804000,158.87080395507812,-0.2618243098258972,0.6493769288063049,9.781624794006348
1700823020568790000,158.8807900390625,-0.21101006865501404,0.6684762239456177,9.781563758850098
1700823020578831000,158.8908310546875,-0.1572340577840805,0.6947028040885925,9.78074836730957
1700823020588916000,158.900916015625,-0.10731179267168045,0.7215688824653625,9.77947998046875
1700823020598775000,158.91077514648438,-0.0792442187666893,0.737300455570221,9.778573989868164
1700823020608822000,158.92082202148438,-0.0711386501789093,0.7391752600669861,9.778495788574219
1700823020618821000,158.93082104492188,-0.0619739331305027,0.7393319606781006,9.778545379638672
1700823020629097000,158.94109692382813,-0.050128597766160965,0.7372086644172668,9.778773307800293
1700823020638804000,158.95080395507813,-0.016543138772249222,0.7277940511703491,9.779593467712402
1700823020648800000,158.96080004882813,0.04665127769112587,0.717739999294281,9.78023910522461
1700823020658682000,158.97068212890625,0.13034136593341827,0.716675877571106,9.779560089111328
1700823020668888000,158.98088818359375,0.21837854385375977,0.7270566821098328,9.77722454071045
1700823020679311000,158.99131103515626,0.2658265233039856,0.7411360740661621,9.77499008178711
1700823020688813000,159.00081298828124,0.2827881872653961,0.7486851811408997,9.773941040039062
1700823020698817000,159.01081713867188,0.29262393712997437,0.7460895776748657,9.773850440979004
1700823020708851000,159.02085083007813,0.3136731684207916,0.7416679859161377,9.773530960083008
1700823020718865000,159.03086499023436,0.3743704855442047,0.7408475875854492,9.77145767211914
1700823020728910000,159.04091015625,0.4816197454929352,0.747276782989502,9.766270637512207
1700823020738883000,159.05088305664063,0.6027776598930359,0.7614888548851013,9.758441925048828
1700823020748660000,159.06065991210937,0.7078794240951538,0.7745561003684998,9.75035285949707
1700823020758870000,159.0708701171875,0.7866834998130798,0.7860539555549622,9.743390083312988
1700823020768834000,159.080833984375,0.8445312976837158,0.794135570526123,9.737890243530273
1700823020778761000,159.09076098632812,0.8981003761291504,0.7981839179992676,9.732765197753906
1700823020788746000,159.10074609375,0.9662976861000061,0.79953533411026,9.726119041442871
1700823020798690000,159.11068994140626,1.0482324361801147,0.7998229265213013,9.717607498168945
1700823020808687000,159.12068701171876,1.1371899843215942,0.8022744059562683,9.707396507263184
1700823020818820000,159.13082006835938,1.2465165853500366,0.809554934501648,9.693359375
1700823020828900000,159.14090014648437,1.3569129705429077,0.8235916495323181,9.677338600158691
1700823020838817000,159.15081713867187,1.4545502662658691,0.8386328816413879,9.661850929260254
1700823020848811000,159.16081103515626,1.5180635452270508,0.8440221548080444,9.651605606079102
1700823020858807000,159.17080712890626,1.5670199394226074,0.8470754027366638,9.643512725830078
1700823020868785000,159.18078491210937,1.6220529079437256,0.8480173349380493,9.63432502746582
1700823020878846000,159.19084594726561,1.6899992227554321,0.85023033618927,9.622441291809082
1700823020888901000,159.20090112304686,1.7694188356399536,0.8549380898475647,9.60773754119873
1700823020898836000,159.2108359375,1.8297563791275024,0.8552721738815308,9.59640121459961
1700823020908744000,159.22074389648438,1.9051512479782104,0.8622589707374573,9.581090927124023
1700823020918818000,159.23081811523437,1.9774314165115356,0.8654635548591614,9.566143989562988
1700823020928809000,159.24080908203126,2.0474421977996826,0.8659282922744751,9.551363945007324
1700823020938823000,159.25082299804689,2.11527943611145,0.866938054561615,9.536477088928223
1700823020948827000,159.26082690429686,2.176405668258667,0.8660562634468079,9.522793769836426
1700823020958818000,159.27081811523436,2.072091817855835,0.8147919774055481,9.55054759979248
1700823020968797000,159.280796875,2.138028860092163,0.8109198212623596,9.536332130432129
1700823020978816000,159.29081591796876,2.21062970161438,0.8075658082962036,9.520048141479492
1700823020988670000,159.300669921875,2.282468795776367,0.8030857443809509,9.503460884094238
1700823020998834000,159.310833984375,2.350705146789551,0.7974839806556702,9.487287521362305
1700823021008761000,159.32076098632814,2.4121689796447754,0.7947378754615784,9.472076416015625
1700823021018832000,159.3308317871094,2.459038257598877,0.7927855849266052,9.460179328918457
1700823021028970000,159.34096997070313,2.49601149559021,0.7892664670944214,9.450786590576172
1700823021040451000,159.352451171875,2.5243661403656006,0.7857701778411865,9.4435453414917
1700823021049239000,159.36123901367188,2.5452489852905273,0.7851061224937439,9.437992095947266
1700823021058925000,159.37092504882813,2.560220718383789,0.7876684069633484,9.433727264404297
1700823021068650000,159.38064990234375,2.5688602924346924,0.793400228023529,9.430900573730469
1700823021078803000,159.39080297851564,2.578047037124634,0.8020142912864685,9.427663803100586
1700823021088773000,159.40077319335938,2.606633424758911,0.8133838772773743,9.418824195861816
1700823021098937000,159.41093701171874,2.6304447650909424,0.8232108354568481,9.411349296569824
1700823021108748000,159.420748046875,2.6253244876861572,0.8282461762428284,9.412337303161621
1700823021118915000,159.4309150390625,2.6110446453094482,0.8330652713775635,9.415881156921387
1700823021128796000,159.4407958984375,2.5968592166900635,0.8418620228767395,9.419022560119629
1700823021138765000,159.45076513671876,2.56931471824646,0.8506929874420166,9.425780296325684
1700823021148860000,159.46085986328126,2.5151453018188477,0.8559370636940002,9.439906120300293
1700823021158657000,159.47065698242187,2.441891670227051,0.8546648621559143,9.459233283996582
1700823021168663000,159.4806630859375,2.409785032272339,0.8595476150512695,9.467022895812988
1700823021178868000,159.49086791992187,2.3963124752044678,0.8641878366470337,9.470019340515137
1700823021188752000,159.500751953125,2.3343560695648193,0.8649492263793945,9.48541259765625
1700823021198796000,159.51079614257813,2.2405340671539307,0.8574305176734924,9.50869083404541
1700823021208893000,159.52089282226564,2.138718366622925,0.8484928607940674,9.532909393310547
1700823021218859000,159.53085888671876,2.0423402786254883,0.8465855717658997,9.55418872833252
1700823021228891000,159.5408908691406,1.954699993133545,0.8470251560211182,9.572465896606445
1700823021238881000,159.55088110351562,1.888026237487793,0.8423185348510742,9.586252212524414
1700823021248810000,159.56081005859374,1.8349075317382812,0.833049476146698,9.597370147705078
1700823021258762000,159.57076196289063,1.767101764678955,0.8223735094070435,9.611006736755371
1700823021269033000,159.58103295898437,1.692058801651001,0.8088949918746948,9.62564468383789
1700823021278776000,159.59077612304688,1.6024121046066284,0.7866893410682678,9.642809867858887
1700823021288897000,159.60089697265624,1.467635989189148,0.7560282349586487,9.666688919067383
1700823021299041000,159.611041015625,1.2972551584243774,0.723055899143219,9.693540573120117
1700823021309055000,159.62105493164063,1.1488996744155884,0.6960322856903076,9.714213371276855
1700823021318766000,159.63076611328125,1.059470772743225,0.6765814423561096,9.725748062133789
1700823021328824000,159.64082397460936,1.031806230545044,0.6651219129562378,9.729511260986328
1700823021338751000,159.6507509765625,1.0101044178009033,0.6536948084831238,9.732561111450195
1700823021348816000,159.66081591796876,0.962908923625946,0.6353051662445068,9.738563537597656
1700823021359129000,159.6711291503906,0.8829676508903503,0.6086126565933228,9.747838020324707
1700823021368817000,159.68081689453126,0.7641644477844238,0.5777291655540466,9.759748458862305
1700823021378825000,159.69082495117186,0.6104027628898621,0.546229898929596,9.772379875183105
1700823021388813000,159.70081298828126,0.46466392278671265,0.5160018801689148,9.782036781311035
1700823021399527000,159.71152685546875,0.36525779962539673,0.48989570140838623,9.787593841552734
1700823021409093000,159.7210930175781,0.32295069098472595,0.4684118926525116,9.790130615234375
1700823021418905000,159.73090502929688,0.32637715339660645,0.4532596170902252,9.790732383728027
1700823021428938000,159.74093798828125,0.34274670481681824,0.4453448951244354,9.790535926818848
1700823021438835000,159.7508349609375,0.3421136438846588,0.438088059425354,9.790884017944336
1700823021448834000,159.760833984375,0.30579203367233276,0.425618439912796,9.79263687133789
1700823021459404000,159.77140405273437,0.23798400163650513,0.4054872393608093,9.795374870300293
1700823021469051000,159.78105078125,0.1904214471578598,0.381043404340744,9.797394752502441
1700823021478924000,159.79092407226562,0.16610242426395416,0.35856035351753235,9.798685073852539
1700823021489931000,159.80193090820313,0.1735159158706665,0.34349751472473145,9.799098014831543
1700823021498965000,159.81096508789062,0.22073183953762054,0.33712270855903625,9.798367500305176
1700823021508736000,159.82073608398437,0.2783142626285553,0.33133888244628906,9.797099113464355
1700823021518855000,159.83085498046876,0.32275137305259705,0.32035571336746216,9.796102523803711
1700823021528752000,159.84075219726563,0.34105566143989563,0.3003022074699402,9.796116828918457
1700823021538850000,159.85085009765626,0.3250742554664612,0.27574819326400757,9.797380447387695
1700823021548757000,159.86075708007812,0.29843059182167053,0.254745751619339,9.798799514770508
1700823021559032000,159.87103198242187,0.305590957403183,0.23589549958705902,9.799049377441406
1700823021569095000,159.88109497070312,0.35348084568977356,0.2214876264333725,9.797774314880371
1700823021578791000,159.890791015625,0.42138534784317017,0.21857085824012756,9.795153617858887
1700823021588819000,159.90081884765624,0.49655604362487793,0.22350509464740753,9.791520118713379
1700823021598829000,159.9108291015625,0.574145495891571,0.23835107684135437,9.786927223205566
1700823021608844000,159.92084399414063,0.6227092742919922,0.25739946961402893,9.783474922180176
1700823021618834000,159.930833984375,0.6357452869415283,0.27011898159980774,9.782294273376465
1700823021628791000,159.940791015625,0.6358049511909485,0.2754603326320648,9.782140731811523
1700823021638867000,159.9508669433594,0.664651095867157,0.27721506357192993,9.78017520904541
1700823021648869000,159.960869140625,0.7488906383514404,0.2870563566684723,9.773797988891602
1700823021658939000,159.97093896484375,0.8720642924308777,0.3142430782318115,9.76274299621582
1700823021668877000,159.980876953125,1.000083088874817,0.3468453586101532,9.749356269836426
1700823021678761000,159.99076098632813,1.1128958463668823,0.37360507249832153,9.736132621765137
1700823021688751000,160.00075122070314,1.2285212278366089,0.39660367369651794,9.721308708190918
1700823021698839000,160.01083911132812,1.3486313819885254,0.40829703211784363,9.704889297485352
1700823021708871000,160.02087084960937,1.4555985927581787,0.4083826541900635,9.689419746398926
1700823021718853000,160.03085302734374,1.557827115058899,0.4104650020599365,9.673422813415527
1700823021728698000,160.04069799804688,1.6788275241851807,0.42342063784599304,9.65259838104248
1700823021738699000,160.05069897460936,1.8063410520553589,0.446691632270813,9.628499031066895
1700823021748815000,160.0608151855469,1.9402728080749512,0.4807523190975189,9.600760459899902
1700823021758745000,160.0707451171875,2.0685460567474365,0.5186246633529663,9.571966171264648
1700823021768842000,160.08084204101561,2.2113919258117676,0.5600865483283997,9.537633895874023
1700823021778899000,160.09089892578126,2.3810386657714844,0.6125199198722839,9.493463516235352
1700823021788783000,160.100783203125,2.566372871398926,0.6701604723930359,9.441134452819824
1700823021798913000,160.1109130859375,2.737710952758789,0.7329810857772827,9.388188362121582
1700823021808869000,160.120869140625,2.8945820331573486,0.8042734861373901,9.335144996643066
1700823021818844000,160.13084399414063,3.04887056350708,0.8818573951721191,9.278852462768555
1700823021828767000,160.14076708984376,3.173135757446289,0.9485308527946472,9.230486869812012
1700823021838783000,160.15078295898437,3.288992166519165,1.0151312351226807,9.182724952697754
1700823021848776000,160.16077587890624,3.388993740081787,1.0745631456375122,9.139498710632324
1700823021858798000,160.17079809570313,3.475712776184082,1.124016284942627,9.100900650024414
1700823021868769000,160.18076904296876,3.552794933319092,1.1670002937316895,9.065658569335938
1700823021878846000,160.19084594726561,3.6169183254241943,1.204888105392456,9.035293579101562
1700823021888904000,160.2009040527344,3.675067186355591,1.2394191026687622,9.007115364074707
1700823021898821000,160.2108210449219,3.7270007133483887,1.2692211866378784,8.981588363647461
1700823021908767000,160.22076708984375,3.7699637413024902,1.2940151691436768,8.960094451904297
1700823021918888000,160.2308879394531,3.8054068088531494,1.3148472309112549,8.942061424255371
1700823021928812000,160.24081201171876,3.8348283767700195,1.3324000835418701,8.926880836486816
1700823021938828000,160.250828125,3.8581433296203613,1.3457494974136353,8.914823532104492
1700823021948813000,160.26081298828126,3.871361017227173,1.3527344465255737,8.90803337097168
1700823021958970000,160.27097021484374,3.8717479705810547,1.3534698486328125,8.907753944396973
1700823021968754000,160.28075390625,3.8609580993652344,1.3504644632339478,8.912891387939453
1700823021978904000,160.29090405273436,3.8493430614471436,1.3469558954238892,8.918444633483887
1700823021988754000,160.30075390625,3.8426191806793213,1.3446929454803467,8.921686172485352
1700823021998751000,160.3107509765625,3.8405821323394775,1.3440219163894653,8.922664642333984
1700823022008956000,160.32095581054688,3.838794469833374,1.343379259109497,8.923529624938965
1700823022018666000,160.330666015625,3.8338623046875,1.3388596773147583,8.926328659057617
1700823022028693000,160.34069287109375,4.022454261779785,1.5092151165008545,8.815470695495605
1700823022038808000,160.35080810546876,4.1050214767456055,1.5457605123519897,8.770963668823242
1700823022048845000,160.3608449707031,4.112028121948242,1.5293991565704346,8.770550727844238
1700823022058743000,160.37074291992187,4.080689430236816,1.5167545080184937,8.78736686706543
1700823022068801000,160.38080102539064,4.047284126281738,1.5012991428375244,8.805451393127441
1700823022078654000,160.39065405273436,4.0152997970581055,1.4846105575561523,8.822906494140625
1700823022088734000,160.40073388671874,3.996098041534424,1.4732871055603027,8.833517074584961
1700823022098827000,160.41082690429687,3.987203359603882,1.4651356935501099,8.83889102935791
1700823022108656000,160.42065625,3.9805543422698975,1.4545906782150269,8.843626976013184
1700823022118767000,160.43076708984376,3.9657697677612305,1.4413272142410278,8.852437019348145
1700823022128674000,160.44067407226564,3.9405829906463623,1.42714262008667,8.865972518920898
1700823022138795000,160.450794921875,3.90374493598938,1.4135072231292725,8.88443374633789
1700823022148642000,160.46064208984376,3.8584203720092773,1.4012062549591064,8.906155586242676
1700823022158881000,160.47088110351564,3.805887460708618,1.3874799013137817,8.93087387084961
1700823022168800000,160.48080004882812,3.757999897003174,1.3725892305374146,8.953425407409668
1700823022178832000,160.49083178710939,3.7179877758026123,1.3587439060211182,8.972222328186035
1700823022188760000,160.50076000976563,3.685088872909546,1.3483736515045166,8.987346649169922
1700823022198816000,160.51081591796876,3.6637587547302246,1.3434861898422241,8.996794700622559
1700823022208819000,160.52081884765624,3.6529927253723145,1.3453481197357178,9.000893592834473
1700823022218657000,160.53065698242187,3.6473076343536377,1.3541814088821411,9.001873016357422
1700823022228758000,160.5407580566406,3.645738124847412,1.366703987121582,9.000617027282715
1700823022238777000,160.55077709960938,3.646785020828247,1.3803659677505493,8.99810791015625
1700823022248766000,160.56076586914062,3.646907329559326,1.388915777206421,8.996742248535156
1700823022258806000,160.5708059082031,3.6417675018310547,1.3876055479049683,8.999027252197266
1700823022268796000,160.5807958984375,3.6273672580718994,1.376006007194519,9.006620407104492
1700823022278663000,160.59066284179687,3.5945119857788086,1.3589900732040405,9.022361755371094
1700823022288977000,160.60097680664063,3.5668532848358154,1.3410595655441284,9.036011695861816
1700823022298986000,160.6109860839844,3.545579433441162,1.3373074531555176,9.044936180114746
1700823022308915000,160.6209150390625,3.5329971313476562,1.3406702280044556,9.049360275268555
1700823022318693000,160.63069311523438,3.552081823348999,1.3558701276779175,9.039619445800781
1700823022328777000,160.64077685546874,3.591737985610962,1.378099799156189,9.020567893981934
1700823022338939000,160.65093896484376,3.638615608215332,1.3992328643798828,8.998501777648926
1700823022348819000,160.66081884765626,3.6847474575042725,1.4085265398025513,8.978255271911621
1700823022358867000,160.67086694335939,3.720033645629883,1.399422526359558,8.965118408203125
1700823022368824000,160.68082397460938,3.7446677684783936,1.3780550956726074,8.958170890808105
1700823022378834000,160.690833984375,3.746216297149658,1.3527380228042603,8.961380958557129
1700823022388678000,160.7006779785156,3.756887674331665,1.33491849899292,8.959585189819336
1700823022398828000,160.710828125,3.7760424613952637,1.3301701545715332,8.952237129211426
1700823022408859000,160.72085888671876,3.806594133377075,1.3474535942077637,8.936699867248535
1700823022418864000,160.73086401367186,3.85398268699646,1.3683210611343384,8.913187980651855
1700823022428872000,160.74087182617188,3.91351580619812,1.3833593130111694,8.884880065917969
1700823022438870000,160.7508701171875,3.9907584190368652,1.3888088464736938,8.849602699279785
1700823022448805000,160.76080517578126,4.0774922370910645,1.3826403617858887,8.810945510864258
1700823022458879000,160.77087890625,4.165369987487793,1.3707973957061768,8.771602630615234
1700823022468680000,160.78067993164063,4.2525177001953125,1.3595266342163086,8.73144817352295
1700823022478853000,160.79085302734376,4.336989879608154,1.352756142616272,8.690855026245117
1700823022488884000,160.80088403320312,4.423670768737793,1.3537933826446533,8.646893501281738
1700823022498890000,160.81088989257813,4.513416767120361,1.3618123531341553,8.59912395477295
1700823022508872000,160.82087182617187,4.602226257324219,1.372144103050232,8.550270080566406
1700823022518837000,160.8308369140625,4.6898651123046875,1.3834493160247803,8.500682830810547
1700823022528832000,160.84083203125,4.778487205505371,1.393702507019043,8.44950008392334
1700823022538880000,160.8508798828125,4.866550445556641,1.4019213914871216,8.39771842956543
1700823022548827000,160.86082690429689,4.942193508148193,1.4092366695404053,8.352195739746094
1700823022559144000,160.87114404296875,5.001197338104248,1.415056824684143,8.316010475158691
1700823022568797000,160.880796875,5.058150291442871,1.426426887512207,8.279541969299316
1700823022578888000,160.89088793945314,5.111162185668945,1.4417396783828735,8.244257926940918
1700823022588894000,160.90089404296876,5.168101787567139,1.458060622215271,8.205801963806152
1700823022599122000,160.91112182617186,5.207990646362305,1.4669597148895264,8.178951263427734
1700823022608780000,160.92078002929688,5.247584342956543,1.474987506866455,8.152156829833984
1700823022618815000,160.93081494140625,4.325571060180664,1.2932976484298706,8.705585479736328
1700823022628850000,160.94084985351563,3.6488959789276123,1.2089087963104248,9.021888732910156
1700823022638866000,160.95086596679687,3.3393337726593018,1.1948635578155518,9.142841339111328
1700823022648817000,160.96081689453126,3.2358767986297607,1.1941300630569458,9.180061340332031
1700823022659106000,160.97110595703126,3.264230966567993,1.2113298177719116,9.167763710021973
1700823022668834000,160.980833984375,3.3057191371917725,1.2335954904556274,9.149909973144531
1700823022678783000,160.99078295898437,3.352816104888916,1.2590899467468262,9.129279136657715
1700823022688863000,161.00086303710938,3.3978989124298096,1.28252112865448,9.109326362609863
1700823022698854000,161.01085400390625,3.452178716659546,1.3074363470077515,9.085343360900879
1700823022708949000,161.02094897460938,3.5091140270233154,1.332661747932434,9.059830665588379
1700823022718920000,161.030919921875,3.571725368499756,1.3607436418533325,9.031143188476562
1700823022728751000,161.04075122070313,3.632476568222046,1.3880287408828735,9.002716064453125
1700823022738944000,161.05094409179688,3.681635618209839,1.410462498664856,8.979228019714355
1700823022748866000,161.06086596679688,3.7272675037384033,1.4317779541015625,8.957002639770508
1700823022759203000,161.071203125,3.7646756172180176,1.4499644041061401,8.9384126663208
1700823022769010000,161.08101000976563,3.799593925476074,1.467212200164795,8.920805931091309
1700823022779181000,161.09118115234375,3.8304243087768555,1.4842925071716309,8.904779434204102
1700823022788832000,161.10083203125,3.8562376499176025,1.4998074769973755,8.89102840423584
1700823022798697000,161.11069702148438,3.873208999633789,1.5131895542144775,8.881380081176758
1700823022808685000,161.12068505859375,3.8797106742858887,1.5222841501235962,8.876986503601074
1700823022818853000,161.13085302734376,3.8807835578918457,1.5304464101791382,8.875114440917969
1700823022828846000,161.14084619140624,3.8797807693481445,1.5363413095474243,8.874534606933594
1700823022838801000,161.15080078125,3.876842975616455,1.5392659902572632,8.875311851501465
1700823022848686000,161.16068603515626,3.871238946914673,1.538594365119934,8.877874374389648
1700823022859099000,161.17109887695312,3.862335443496704,1.5349845886230469,8.88237476348877
1700823022868855000,161.18085498046875,3.850219964981079,1.5300089120864868,8.888489723205566
1700823022878893000,161.19089306640626,3.8369321823120117,1.5250062942504883,8.89509391784668
1700823022888857000,161.20085717773438,3.8098204135894775,1.4511737823486328,8.9190673828125
1700823022898900000,161.21089990234375,3.7955117225646973,1.398611307144165,8.933551788330078
1700823022908870000,161.22086987304687,3.778294324874878,1.3609023094177246,8.946666717529297
1700823022918893000,161.23089306640625,3.7564635276794434,1.3289555311203003,8.960650444030762
1700823022928878000,161.24087817382812,3.728123903274536,1.3047280311584473,8.976032257080078
1700823022938869000,161.25086889648438,3.695328712463379,1.2875547409057617,8.992060661315918
1700823022948705000,161.260705078125,3.6588516235351562,1.2721333503723145,9.009156227111816
1700823022958888000,161.27088793945313,3.6165897846221924,1.252906322479248,9.028891563415527
1700823022968875000,161.280875,3.5612640380859375,1.2229464054107666,9.054953575134277
1700823022978886000,161.29088598632814,3.5267832279205322,1.2010384798049927,9.071367263793945
1700823022988945000,161.30094482421876,3.4950926303863525,1.1754045486450195,9.086977005004883
1700823022999106000,161.31110595703126,3.472688913345337,1.148909330368042,9.098946571350098
1700823023009104000,161.32110375976563,3.4577064514160156,1.1224422454833984,9.107951164245605
1700823023018767000,161.33076708984376,3.4484758377075195,1.100079894065857,9.114177703857422
1700823023028860000,161.34085986328125,3.4387478828430176,1.0828113555908203,9.119918823242188
1700823023038868000,161.35086791992188,3.4221158027648926,1.066069483757019,9.128144264221191
1700823023048887000,161.36088696289062,3.3961129188537598,1.053006887435913,9.139364242553711
1700823023058897000,161.37089697265625,3.35188889503479,1.0388877391815186,9.157289505004883
1700823023068770000,161.38077001953124,3.300945997238159,1.0258359909057617,9.17724323272705
1700823023078823000,161.39082299804687,3.2602336406707764,1.0169167518615723,9.192776679992676
1700823023088848000,161.40084790039063,3.230520486831665,1.0108219385147095,9.203933715820312
1700823023098897000,161.41089697265625,3.200330972671509,1.00492262840271,9.215117454528809
1700823023109040000,161.4210400390625,3.1703524589538574,1.0003390312194824,9.225973129272461
1700823023118853000,161.43085302734374,3.1391303539276123,0.9967302680015564,9.23703384399414
1700823023128742000,161.44074194335937,3.060804843902588,1.0088245868682861,9.26197338104248
1700823023139607000,161.45160693359375,3.0019583702087402,1.002350091934204,9.281914710998535
1700823023151635000,161.46363500976562,2.9171791076660156,0.9877219200134277,9.310470581054688
1700823023168826000,161.480826171875,2.8109893798828125,0.9664719104766846,9.345300674438477
1700823023178717000,161.4907170410156,2.7525746822357178,0.9546055197715759,9.363890647888184
1700823023188782000,161.50078198242187,2.6997833251953125,0.9436240792274475,9.380359649658203
1700823023198806000,161.51080590820314,2.6568522453308105,0.9333327412605286,9.393636703491211
1700823023208763000,161.52076293945314,2.6196985244750977,0.923087477684021,9.405077934265137
1700823023218772000,161.53077197265625,2.5796101093292236,0.9118930101394653,9.417242050170898
1700823023228904000,161.54090405273436,2.5402371883392334,0.9008595943450928,9.429000854492188
1700823023238737000,161.55073681640624,2.497889757156372,0.8875158429145813,9.441570281982422
1700823023248762000,161.56076220703125,2.458467483520508,0.8730734586715698,9.453258514404297
1700823023258844000,161.57084399414063,2.4619436264038086,0.918126106262207,9.448081970214844
1700823023268757000,161.58075708007811,2.4330010414123535,0.9129852056503296,9.456074714660645
1700823023278709000,161.590708984375,2.3915886878967285,0.8937067985534668,9.468472480773926
1700823023288818000,161.60081787109374,2.3447279930114746,0.8715747594833374,9.482246398925781
1700823023298679000,161.61067895507813,2.2968125343322754,0.8506667017936707,9.495862007141113
1700823023308704000,161.6207041015625,2.245896816253662,0.8316510319709778,9.509716033935547
1700823023318821000,161.63082104492187,2.2026710510253906,0.819349467754364,9.520888328552246
1700823023328795000,161.640794921875,2.1576902866363525,0.8112325072288513,9.531875610351562
1700823023338862000,161.65086206054687,2.1419994831085205,0.798280656337738,9.536507606506348
1700823023348814000,161.66081396484375,2.1229801177978516,0.7964394092559814,9.540912628173828
1700823023358821000,161.67082104492187,2.10429310798645,0.7965285778045654,9.545045852661133
1700823023368809000,161.68080908203126,2.081625461578369,0.7944067716598511,9.550191879272461
1700823023378858000,161.69085791015624,2.0567421913146973,0.7895298004150391,9.555984497070312
1700823023388924000,161.700923828125,2.031623601913452,0.7830369472503662,9.5618896484375
1700823023398842000,161.71084204101564,2.0067062377929688,0.7755942344665527,9.567756652832031
1700823023408844000,161.72084399414064,1.9797958135604858,0.767838180065155,9.573987007141113
1700823023418922000,161.730921875,1.947076678276062,0.7895485162734985,9.578929901123047
1700823023428927000,161.74092700195314,1.9143519401550293,0.8503115773200989,9.580326080322266
1700823023438928000,161.75092797851562,1.8770149946212769,0.8984230160713196,9.583322525024414
1700823023448823000,161.76082299804688,1.8325971364974976,0.9301502704620361,9.588889122009277
1700823023458856000,161.77085595703124,1.7855887413024902,0.9492761492729187,9.595881462097168
1700823023468857000,161.78085717773436,1.7440885305404663,0.957887589931488,9.602656364440918
1700823023478870000,161.7908701171875,1.7040187120437622,0.9585691690444946,9.60977840423584
1700823023489419000,161.8014189453125,1.6346075534820557,0.941917896270752,9.623472213745117
1700823023498910000,161.81090991210937,1.6113359928131104,0.9429413676261902,9.627298355102539
1700823023508907000,161.8209069824219,1.5744062662124634,0.9400278329849243,9.633689880371094
1700823023518904000,161.83090405273438,1.5300030708312988,0.9326421022415161,9.641558647155762
1700823023528864000,161.84086401367188,1.4849287271499634,0.9207724928855896,9.649744987487793
1700823023538867000,161.85086694335936,1.4403715133666992,0.9050079584121704,9.657984733581543
1700823023548841000,161.86084106445313,1.3973329067230225,0.885428786277771,9.666119575500488
1700823023558884000,161.8708840332031,1.3578191995620728,0.8623921871185303,9.673830032348633
1700823023568863000,161.88086303710938,1.3226591348648071,0.8371382355690002,9.680916786193848
1700823023578994000,161.8909938964844,1.2926342487335205,0.8116840720176697,9.687139511108398
1700823023589467000,161.901466796875,1.2706421613693237,0.78907710313797,9.691914558410645
1700823023599062000,161.91106201171874,1.272626280784607,0.796691358089447,9.691033363342285
1700823023608914000,161.92091381835937,1.2726058959960938,0.8079197406768799,9.690104484558105
1700823023618907000,161.93090698242187,1.268694281578064,0.8211559653282166,9.689506530761719
1700823023628798000,161.9407978515625,1.2662837505340576,0.8371461033821106,9.68845272064209
1700823023638817000,161.95081713867188,1.266862392425537,0.85280841588974,9.68700885772705
1700823023648844000,161.96084399414062,1.2703359127044678,0.8666793704032898,9.685324668884277
1700823023658768000,161.97076782226563,1.3275609016418457,0.9045692682266235,9.674177169799805
1700823023668676000,161.98067602539064,1.4347248077392578,0.9968798756599426,9.649776458740234
1700823023678762000,161.99076196289062,1.536783218383789,1.0828887224197388,9.624762535095215
1700823023689209000,162.001208984375,1.6257319450378418,1.13499915599823,9.604121208190918
1700823023698830000,162.010830078125,1.6367571353912354,1.1456421613693237,9.60098648071289
1700823023708833000,162.0208330078125,1.6385630369186401,1.1566612720489502,9.599356651306152
1700823023718905000,162.0309050292969,1.7268729209899902,1.1435632705688477,9.585436820983887
1700823023728823000,162.04082299804688,1.7141320705413818,1.154784083366394,9.58637809753418
1700823023739108000,162.05110815429688,1.699560284614563,1.1642738580703735,9.587824821472168
1700823023748835000,162.0608349609375,1.6836215257644653,1.1713228225708008,9.589776992797852
1700823023758899000,162.07089892578125,1.6669209003448486,1.1766247749328613,9.592044830322266
1700823023768842000,162.08084204101561,1.6500474214553833,1.1811141967773438,9.594409942626953
1700823023778870000,162.0908701171875,1.6365388631820679,1.1843395233154297,9.596325874328613
1700823023788749000,162.1007490234375,1.6267768144607544,1.187496304512024,9.597597122192383
1700823023799024000,162.11102416992188,2.083925485610962,1.1674284934997559,9.511296272277832
1700823023808677000,162.1206770019531,2.276726484298706,1.168276309967041,9.466893196105957
1700823023818785000,162.13078491210936,2.341827154159546,1.158608078956604,9.452187538146973
1700823023828814000,162.14081396484374,2.372109889984131,1.1288716793060303,9.448235511779785
1700823023838873000,162.150873046875,2.4139881134033203,1.0495237112045288,9.446775436401367
1700823023848813000,162.16081298828124,2.4518635272979736,0.9492761492729187,9.447626113891602
1700823023858836000,162.1708359375,2.459360122680664,0.867811918258667,9.453510284423828
1700823023868815000,162.18081518554686,2.443657159805298,0.8226523399353027,9.461616516113281
1700823023878928000,162.19092797851562,2.4079184532165527,0.8089935183525085,9.47195053100586
1700823023888833000,162.2008330078125,2.406507968902588,0.8135796785354614,9.471917152404785
1700823023898809000,162.21080908203126,2.39902400970459,0.8225918412208557,9.473036766052246
1700823023908758000,162.22075805664062,2.388868808746338,0.8338456153869629,9.47461986541748
1700823023918788000,162.2307880859375,2.3795483112335205,0.8458870649337769,9.475896835327148
1700823023928876000,162.2408759765625,2.387117385864258,0.8448176980018616,9.474088668823242
1700823023938631000,162.250630859375,2.4006264209747314,0.8414739370346069,9.470972061157227
1700823023948723000,162.26072290039062,2.4144935607910156,0.8374459743499756,9.467803001403809
1700823023958682000,162.27068212890626,2.428607225418091,0.8338006138801575,9.464515686035156
1700823023968860000,162.28085986328125,2.311995506286621,0.8198729157447815,9.494887351989746
1700823023978735000,162.29073510742188,2.2640652656555176,0.7784735560417175,9.509910583496094
1700823023988850000,162.30084985351561,2.2274186611175537,0.7291431427001953,9.522464752197266
1700823023998676000,162.31067602539062,2.1820178031921387,0.689365565776825,9.535931587219238
1700823024008796000,162.3207958984375,2.1188018321990967,0.6716156601905823,9.551441192626953
1700823024018878000,162.3308779296875,2.1123151779174805,0.670837938785553,9.552932739257812
1700823024028786000,162.3407858886719,1.9606530666351318,0.739538848400116,9.58015251159668
1700823024038747000,162.35074682617187,1.9448542594909668,0.7408531308174133,9.583269119262695
1700823024048839000,162.3608388671875,1.9260660409927368,0.7426689863204956,9.586922645568848
1700823024058855000,162.37085498046875,1.906046986579895,0.7436004281044006,9.590852737426758
1700823024068822000,162.38082202148436,1.886379361152649,0.7436398863792419,9.594736099243164
1700823024078825000,162.39082495117188,1.848063588142395,0.8522577881813049,9.593159675598145
1700823024088874000,162.4008740234375,1.8288612365722656,0.8945438265800476,9.592989921569824
1700823024098862000,162.41086206054686,1.8114620447158813,0.9191837906837463,9.593962669372559
1700823024108863000,162.42086303710937,1.7953177690505981,0.933579683303833,9.59560775756836
1700823024118872000,162.4308720703125,1.7780334949493408,0.940461277961731,9.598152160644531
1700823024128827000,162.44082690429687,1.7594106197357178,0.9425067901611328,9.601383209228516
1700823024138855000,162.45085498046876,1.7404271364212036,0.9413339495658875,9.604957580566406
1700823024148849000,162.46084887695312,1.7214064598083496,0.9374114871025085,9.608768463134766
1700823024158857000,162.47085693359375,1.6710618734359741,0.9374249577522278,9.617650032043457
1700823024168679000,162.48067895507813,1.6407476663589478,0.9255310893058777,9.624019622802734
1700823024178812000,162.49081201171876,1.5823100805282593,0.9279472231864929,9.633567810058594
1700823024188804000,162.50080419921875,1.5298575162887573,0.9076195955276489,9.643970489501953
1700823024198713000,162.51071313476564,1.4655518531799316,0.8860928416252136,9.655950546264648
1700823024208927000,162.5209270019531,1.37965989112854,0.8539295196533203,9.671491622924805
1700823024218921000,162.5309208984375,1.2799310684204102,0.8186568021774292,9.688239097595215
1700823024228664000,162.5406640625,1.1773691177368164,0.7884455323219299,9.703739166259766
1700823024238808000,162.55080810546875,1.0737661123275757,0.767341673374176,9.717437744140625
1700823024248772000,162.56077221679686,0.9802584052085876,0.7605035901069641,9.72785472869873
1700823024258647000,162.57064697265625,0.8928291201591492,0.764097273349762,9.735984802246094
1700823024268753000,162.5807529296875,0.859771192073822,0.7605109214782715,9.739240646362305
1700823024278609000,162.59060888671874,0.8295946717262268,0.7571437954902649,9.742119789123535
1700823024295197000,162.60719702148438,0.8058227896690369,0.7550912499427795,9.744275093078613
1700823024308866000,162.62086596679688,0.7716349363327026,0.7512269616127014,9.74733829498291
1700823024318686000,162.63068603515626,0.7633584141731262,0.7463163733482361,9.748369216918945
1700823024329118000,162.64111791992187,0.7621625065803528,0.7404664754867554,9.748908042907715
1700823024338907000,162.65090698242187,0.7691513299942017,0.7375918030738831,9.748578071594238
1700823024348783000,162.660783203125,0.78182053565979,0.7388424277305603,9.747474670410156
1700823024358925000,162.67092504882814,0.7921704053878784,0.7433923482894897,9.746292114257812
1700823024368801000,162.68080102539062,0.7973015904426575,0.7500491738319397,9.74536418914795
1700823024378853000,162.69085302734376,0.797461748123169,0.7580109238624573,9.744736671447754
1700823024388824000,162.70082397460936,0.7956292629241943,0.766323983669281,9.744235038757324
1700823024398861000,162.71086108398438,0.48272156715393066,0.8307733535766602,9.759469032287598
1700823024408856000,162.72085595703126,0.2775269150733948,0.8828741312026978,9.762885093688965
1700823024418879000,162.73087890625,0.15838906168937683,0.9141121506690979,9.76266860961914
1700823024428842000,162.7408420410156,0.125336691737175,0.9192782044410706,9.762664794921875
1700823024438868000,162.7508679199219,0.11077099293470383,0.9129109978675842,9.763439178466797
1700823024448842000,162.76084204101562,0.10505027323961258,0.8942705988883972,9.765226364135742
1700823024458848000,162.77084790039063,0.11173077672719955,0.861911416053772,9.768059730529785
1700823024468972000,162.78097192382813,0.1311217099428177,0.8253428936004639,9.770977020263672
1700823024478872000,162.7908720703125,0.15390169620513916,0.8016498684883118,9.772618293762207
1700823024488711000,162.8007109375,0.1704898476600647,0.7934349775314331,9.773014068603516
1700823024498881000,162.8108811035156,0.1703203320503235,0.7990800142288208,9.77255630493164
1700823024508868000,162.8208681640625,0.16660043597221375,0.8050152659416199,9.772133827209473
1700823024518898000,162.83089794921875,0.1633656919002533,0.8121490478515625,9.771597862243652
1700823024528848000,162.84084790039063,0.16571255028247833,0.8204679489135742,9.77086353302002
1700823024538863000,162.85086303710938,0.17340894043445587,0.8278045654296875,9.770112037658691
1700823024548872000,162.8608718261719,0.18578970432281494,0.8326184153556824,9.769474983215332
1700823024558876000,162.8708759765625,0.2020861655473709,0.8339300751686096,9.769038200378418
1700823024569052000,162.88105200195312,0.2200140357017517,0.8315554857254028,9.768855094909668
1700823024578870000,162.8908701171875,0.2461012601852417,0.8272095322608948,9.76860237121582
1700823024588879000,162.90087915039064,0.27161622047424316,0.8211618065834045,9.76843547821045
1700823024598890000,162.91088989257813,0.29244565963745117,0.8142448663711548,9.768412590026855
1700823024608858000,162.92085815429687,0.3091033697128296,0.8093792796134949,9.768304824829102
1700823024618880000,162.9308798828125,0.32298633456230164,0.809751033782959,9.767824172973633
1700823024628824000,162.94082397460937,0.33465808629989624,0.81534343957901,9.76696491241455
1700823024639358000,162.95135791015625,0.3479354977607727,0.8264862298965454,9.7655668258667
1700823024648878000,162.96087817382812,0.35910657048225403,0.8356170058250427,9.764384269714355
1700823024658695000,162.97069482421875,0.3754439651966095,0.8454486727714539,9.762923240661621
1700823024668861000,162.98086083984376,0.39778000116348267,0.8546414375305176,9.761237144470215
1700823024678858000,162.99085791015625,0.4247901737689972,0.8614289164543152,9.759503364562988
1700823024688724000,163.00072387695312,0.4534831941127777,0.8668021559715271,9.757735252380371
1700823024698694000,163.01069384765626,0.4807952642440796,0.8724240660667419,9.755928039550781
1700823024708863000,163.02086303710936,0.5046706795692444,0.8792942762374878,9.754104614257812
1700823024719065000,163.03106518554688,0.5235325694084167,0.8866317272186279,9.752445220947266
1700823024728837000,163.04083715820312,0.5386661291122437,0.8935115933418274,9.750992774963379
1700823024738758000,163.0507578125,0.553855836391449,0.9011948108673096,9.749436378479004
1700823024748849000,163.06084887695312,0.5709130764007568,0.9112749099731445,9.747515678405762
1700823024758895000,163.07089501953126,0.5892252326011658,0.924332857131958,9.745194435119629
1700823024769199000,163.08119921875,0.6093789935112,0.9404591917991638,9.742413520812988
1700823024778883000,163.09088305664062,0.6303516030311584,0.9570701718330383,9.739459991455078
1700823024788929000,163.10092895507813,0.6505410075187683,0.9729676842689514,9.736557006835938
1700823024798887000,163.11088696289062,0.6672372817993164,0.9862281680107117,9.734092712402344
1700823024808785000,163.12078491210937,0.6806883215904236,0.9979636073112488,9.731963157653809
1700823024819052000,163.13105200195312,0.6953065991401672,1.0094859600067139,9.729743957519531
1700823024828907000,163.14090698242188,0.715574324131012,1.0198767185211182,9.727188110351562
1700823024839153000,163.15115283203124,0.7390534281730652,1.029195785522461,9.724452018737793
1700823024848982000,163.16098193359375,0.7610054016113281,1.0342416763305664,9.722222328186035
1700823024859013000,163.17101318359374,0.7812237739562988,1.0360294580459595,9.720428466796875
1700823024869212000,163.1812119140625,0.8023098111152649,1.0356413125991821,9.718751907348633
1700823024879160000,163.19116015625,0.8250634670257568,1.0376906394958496,9.71662712097168
1700823024889054000,163.20105395507812,0.8449734449386597,1.040671944618225,9.714598655700684
1700823024898890000,163.21088989257814,0.8632158041000366,1.0439082384109497,9.712646484375
1700823024908881000,163.220880859375,0.8781821727752686,1.044641137123108,9.711227416992188
1700823024918821000,163.23082104492187,0.895647406578064,1.042837381362915,9.70982551574707
1700823024928853000,163.24085302734375,0.9158520102500916,1.0400055646896362,9.708244323730469
1700823024939403000,163.25140307617187,0.9346098899841309,1.036881685256958,9.706789016723633
1700823024948764000,163.26076391601563,0.9487576484680176,1.0330381393432617,9.705825805664062
1700823024958865000,163.27086499023437,0.9609139561653137,1.0283393859863281,9.705130577087402
1700823024968792000,163.2807919921875,0.9735729694366455,1.0235563516616821,9.704374313354492
1700823024978854000,163.29085400390625,0.987066924571991,1.0203957557678223,9.70334529876709
1700823024988935000,163.30093481445311,1.0025947093963623,1.018709421157837,9.701929092407227
1700823024998792000,163.3107919921875,1.0181947946548462,1.0184656381607056,9.700328826904297
1700823025008796000,163.3207958984375,1.0319374799728394,1.0189566612243652,9.698826789855957
1700823025018826000,163.33082592773437,1.0427522659301758,1.0186059474945068,9.697707176208496
1700823025028897000,163.34089697265625,1.051314353942871,1.0155831575393677,9.697100639343262
1700823025038751000,163.3507509765625,1.059926152229309,1.0090256929397583,9.696845054626465
1700823025048851000,163.36085083007814,1.0696066617965698,0.9995453357696533,9.696765899658203
1700823025058841000,163.37084106445312,1.0797157287597656,0.9884917140007019,9.696778297424316
1700823025068851000,163.38085083007812,1.0879384279251099,0.9774357676506042,9.696979522705078
1700823025078935000,163.39093505859375,1.0913047790527344,0.9692267179489136,9.69742488861084
1700823025089341000,163.4013408203125,1.0895435810089111,0.9644105434417725,9.698102951049805
1700823025098804000,163.41080395507814,1.0855202674865723,0.9634578227996826,9.698649406433105
1700823025108749000,163.4207490234375,1.0824904441833496,0.9648016095161438,9.698854446411133
1700823025118628000,163.43062817382813,1.0829414129257202,0.9672171473503113,9.698562622070312
1700823025128766000,163.44076586914062,1.0876126289367676,0.9696598649024963,9.697795867919922
1700823025138837000,163.4508369140625,1.0956486463546753,0.9710533618927002,9.696752548217773
1700823025148750000,163.46075,1.1057029962539673,0.9702212810516357,9.695693969726562
1700823025158650000,163.4706501464844,1.1155474185943604,0.9667770266532898,9.694911003112793
1700823025168779000,163.48077905273436,1.1239826679229736,0.9606074094772339,9.694550514221191
1700823025178816000,163.49081591796875,1.1297080516815186,0.953076958656311,9.69462776184082
1700823025188855000,163.50085498046874,1.1341007947921753,0.9455649852752686,9.694849014282227
1700823025198820000,163.51082006835938,1.1418495178222656,0.9418529868125916,9.694300651550293
1700823025208799000,163.52079907226562,1.1513564586639404,0.9413657784461975,9.69322395324707
1700823025218843000,163.5308427734375,1.1613471508026123,0.9446449875831604,9.6917142868042
1700823025228689000,163.54068896484375,1.1701321601867676,0.9496835470199585,9.690164566040039
1700823025238818000,163.55081811523436,1.174681544303894,0.9539517164230347,9.689193725585938
1700823025248914000,163.56091381835938,1.175930380821228,0.9565742015838623,9.688785552978516
1700823025260018000,163.57201782226562,1.177105188369751,0.957218587398529,9.688579559326172
1700823025269061000,163.58106103515624,1.17684805393219,0.9533917307853699,9.688986778259277
1700823025278678000,163.59067797851563,1.1761655807495117,0.9463537931442261,9.68975830078125
1700823025288852000,163.60085205078124,1.1723545789718628,0.9365817904472351,9.691171646118164
1700823025298910000,163.61090991210938,1.1641592979431152,0.9271286129951477,9.693069458007812
1700823025308776000,163.62077587890624,1.151810884475708,0.9211790561676025,9.695110321044922
1700823025318909000,163.63090893554687,1.137407660484314,0.9206047654151917,9.69686508178711
1700823025328643000,163.64064306640626,1.1276108026504517,0.9257888793945312,9.697515487670898
1700823025338889000,163.65088891601562,1.1270403861999512,0.9349936246871948,9.696698188781738
1700823025348780000,163.6607800292969,1.135771632194519,0.9440984129905701,9.694795608520508
1700823025358859000,163.67085888671875,1.1477710008621216,0.9489014744758606,9.692914009094238
1700823025368818000,163.68081787109375,1.157307505607605,0.9483485221862793,9.691834449768066
1700823025378815000,163.69081494140624,1.1629509925842285,0.9414774179458618,9.6918306350708
1700823025388857000,163.70085717773438,1.1671096086502075,0.929608166217804,9.692476272583008
1700823025398844000,163.71084399414062,1.132169246673584,0.8969202041625977,9.699698448181152
1700823025408931000,163.72093115234375,1.1182774305343628,0.8669447898864746,9.704033851623535
1700823025419584000,163.731583984375,1.1273913383483887,0.8501914739608765,9.704460144042969
1700823025428850000,163.7408498535156,1.1279995441436768,0.8325368762016296,9.705920219421387
1700823025438971000,163.7509709472656,1.1301988363265991,0.8191916346549988,9.706799507141113
1700823025448854000,163.76085400390625,1.1314126253128052,0.8095631003379822,9.707466125488281
1700823025458875000,163.770875,1.143117070198059,0.8043383955955505,9.70652961730957
1700823025471038000,163.78303784179687,1.1933376789093018,0.8057380318641663,9.700366973876953
1700823025488813000,163.80081298828125,1.1947215795516968,0.8238683938980103,9.698674201965332
1700823025498812000,163.81081201171875,1.2042527198791504,0.8306693434715271,9.696916580200195
1700823025508835000,163.8208349609375,1.2161948680877686,0.8231936097145081,9.696063041687012
1700823025518937000,163.83093701171876,1.282152533531189,0.8409791588783264,9.686034202575684
1700823025528939000,163.84093896484376,1.369173288345337,0.8540934920310974,9.672967910766602
1700823025538965000,163.85096508789061,1.4080816507339478,0.8399419188499451,9.668617248535156
1700823025549043000,163.86104296875,1.450731635093689,0.8311948180198669,9.663067817687988
1700823025558952000,163.87095190429687,1.484992504119873,0.8283548951148987,9.658105850219727
1700823025568821000,163.88082104492187,1.5087313652038574,0.8315733075141907,9.65415096282959
1700823025578870000,163.8908701171875,1.5306816101074219,0.8388742804527283,9.650062561035156
1700823025588870000,163.90086987304687,1.5505197048187256,0.8487059473991394,9.646034240722656
1700823025598874000,163.9108740234375,1.568007469177246,0.8564327359199524,9.642523765563965
1700823025608862000,163.92086206054688,1.5852385759353638,0.8590124845504761,9.639476776123047
1700823025618871000,163.93087109375,1.6253774166107178,0.7721554636955261,9.640140533447266
1700823025628923000,163.9409228515625,1.6532626152038574,0.766243040561676,9.635869979858398
1700823025638936000,163.95093603515625,1.6844933032989502,0.7780252695083618,9.629515647888184
1700823025648867000,163.9608671875,1.715911626815796,0.8223553895950317,9.620279312133789
1700823025658913000,163.9709130859375,1.7652450799942017,0.8155238032341003,9.611931800842285
1700823025668904000,163.9809040527344,1.8178244829177856,0.8138207793235779,9.60227108001709
1700823025678904000,163.99090405273438,1.864514946937561,0.8165417313575745,9.593083381652832
1700823025688891000,164.00089086914062,1.895828127861023,0.8230243921279907,9.586390495300293
1700823025698915000,164.0109150390625,1.9136817455291748,0.8332923650741577,9.581954002380371
1700823025708903000,164.02090283203125,1.920551061630249,0.8451082110404968,9.579545021057129
1700823025719993000,164.0319931640625,1.9221858978271484,0.8566150665283203,9.578194618225098
1700823025728713000,164.040712890625,1.9254025220870972,0.8650336861610413,9.576791763305664
1700823025739058000,164.05105786132813,1.9321491718292236,0.8679200410842896,9.57517147064209
1700823025748981000,164.06098095703126,1.9458789825439453,0.8647536635398865,9.572677612304688
1700823025759034000,164.0710341796875,1.9634569883346558,0.8576029539108276,9.569729804992676
1700823025769114000,164.08111401367188,1.9832088947296143,0.8484466671943665,9.566473960876465
1700823025778838000,164.09083813476562,1.8744924068450928,0.8101315498352051,9.591681480407715
1700823025788978000,164.10097802734376,1.8139591217041016,0.7939730286598206,9.604662895202637
1700823025798760000,164.1107600097656,1.7917892932891846,0.7889429330825806,9.609238624572754
1700823025808736000,164.12073608398438,1.793105125427246,0.7886737585067749,9.609013557434082
1700823025818660000,164.13066015625,1.8107874393463135,0.7931202054023743,9.605331420898438
1700823025828655000,164.14065502929688,1.8280346393585205,0.7953744530677795,9.60187816619873
1700823025838792000,164.1507919921875,1.8414654731750488,0.78736412525177,9.599970817565918
1700823025848926000,164.16092602539064,1.8577563762664795,0.75618577003479,9.599340438842773
1700823025858854000,164.17085400390624,1.8868823051452637,0.7048612236976624,9.597565650939941
1700823025868871000,164.18087084960936,1.9306440353393555,0.64687579870224,9.592945098876953
1700823025878859000,164.19085888671876,1.9432611465454102,0.6349290013313293,9.591193199157715
1700823025889001000,164.2010009765625,1.9498291015625,0.6224848628044128,9.590676307678223
1700823025898930000,164.21092993164064,1.9451392889022827,0.6110653281211853,9.592362403869629
1700823025908930000,164.22092993164063,1.9290833473205566,0.6043471097946167,9.596030235290527
1700823025918914000,164.2309140625,1.9115345478057861,0.6000178456306458,9.599811553955078
1700823025928783000,164.240783203125,1.89597749710083,0.5980667471885681,9.603018760681152
1700823025938961000,164.2509609375,1.8828052282333374,0.5955913066864014,9.605764389038086
1700823025948886000,164.26088598632813,1.8730353116989136,0.5904238224029541,9.607992172241211
1700823025958894000,164.27089404296876,1.9766792058944702,0.5837947726249695,9.587613105773926
1700823025968810000,164.28081005859374,2.0017364025115967,0.5780170559883118,9.582762718200684
1700823025978899000,164.29089892578125,2.004699945449829,0.5743637681007385,9.58236312866211
1700823025988882000,164.3008818359375,2.0017333030700684,0.5765641927719116,9.58285140991211
1700823025998903000,164.31090307617188,2.0058624744415283,0.595353364944458,9.580839157104492
1700823026008786000,164.32078588867188,2.0121824741363525,0.6391799449920654,9.576689720153809
1700823026018682000,164.33068212890626,2.0188205242156982,0.7164575457572937,9.569820404052734
1700823026029465000,164.3414650878906,2.045699119567871,0.838575005531311,9.554178237915039
1700823026038824000,164.35082397460937,2.0677106380462646,0.9198632836341858,9.541950225830078
1700823026048792000,164.3607919921875,2.0534420013427734,0.9239967465400696,9.544631958007812
1700823026058851000,164.37085107421876,2.0353779792785645,0.9346289038658142,9.547465324401855
1700823026068780000,164.3807800292969,2.011756658554077,0.9474310874938965,9.551209449768066
1700823026078903000,164.39090307617187,1.9876757860183716,0.9577651619911194,9.555220603942871
1700823026088933000,164.40093310546874,1.9688398838043213,0.9665353298187256,9.558236122131348
1700823026099083000,164.4110830078125,1.9585870504379272,0.9777379631996155,9.559202194213867
1700823026109111000,164.42111108398439,1.9617666006088257,0.9913359880447388,9.557150840759277
1700823026118751000,164.4307509765625,1.9727277755737305,0.9961194396018982,9.554396629333496
1700823026128759000,164.44075903320314,1.9991450309753418,0.9985542297363281,9.548648834228516
1700823026138780000,164.45077978515624,2.0250260829925537,0.9975883364677429,9.543294906616211
1700823026148639000,164.46063891601563,2.0538690090179443,0.992572546005249,9.537652015686035
1700823026158775000,164.47077514648439,2.086118698120117,0.9861474633216858,9.531317710876465
1700823026168814000,164.48081396484375,2.110534191131592,0.9811436533927917,9.526456832885742
1700823026178950000,164.49094995117187,2.123544692993164,0.9762328267097473,9.524069786071777
1700823026188792000,164.5007919921875,2.124640703201294,0.9707283973693848,9.524388313293457
1700823026198888000,164.5108879394531,2.115624189376831,0.9650102853775024,9.5269775390625
1700823026208811000,164.52081103515624,2.09867000579834,0.959580659866333,9.531274795532227
1700823026218913000,164.5309130859375,2.080289125442505,0.9537050724029541,9.53589153289795
1700823026228885000,164.54088500976562,2.0643386840820312,0.9449378252029419,9.540229797363281
1700823026238869000,164.5508688964844,2.0531165599823,0.9312793016433716,9.543993949890137
1700823026248880000,164.56088012695312,2.04876971244812,0.9137035608291626,9.546627044677734
1700823026258862000,164.5708620605469,2.0495638847351074,0.8938964605331421,9.548331260681152
1700823026268894000,164.58089404296874,2.049738645553589,0.8751873970031738,9.550025939941406
1700823026278910000,164.59090991210937,1.8478362560272217,0.711276650428772,9.60468578338623
1700823026288696000,164.60069604492188,1.6957827806472778,0.6186036467552185,9.639089584350586
1700823026298975000,164.61097509765625,1.570349097251892,0.5634846687316895,9.663688659667969
1700823026308868000,164.6208681640625,1.5018872022628784,0.5438771843910217,9.675686836242676
1700823026318910000,164.6309099121094,1.4596643447875977,0.5373784303665161,9.682510375976562
1700823026328735000,164.64073486328124,1.4142165184020996,0.5300830602645874,9.689654350280762
1700823026338722000,164.65072216796875,1.3851532936096191,0.5257140398025513,9.69408893585205
1700823026349473000,164.66147314453124,1.3461825847625732,0.5162526369094849,9.700085639953613
1700823026358641000,164.6706408691406,1.3045026063919067,0.5006921291351318,9.706594467163086
1700823026368767000,164.68076708984376,1.2659846544265747,0.47985565662384033,9.71274471282959
1700823026378808000,164.69080810546876,1.2334767580032349,0.45512452721595764,9.718116760253906
1700823026388793000,164.70079296875,1.205934762954712,0.42940616607666016,9.722743034362793
1700823026399146000,164.71114599609376,1.251160979270935,0.41147008538246155,9.717803001403809
1700823026408850000,164.72084985351563,1.3275045156478882,0.4135282039642334,9.707581520080566
1700823026418847000,164.73084692382812,1.4271858930587769,0.43026891350746155,9.69269847869873
1700823026428866000,164.7408659667969,1.527312994003296,0.45683717727661133,9.67620849609375
1700823026438960000,164.75096020507812,1.5980799198150635,0.4854448437690735,9.663378715515137
1700823026448819000,164.76081884765625,1.6442817449569702,0.5062810182571411,9.654555320739746
1700823026458819000,164.77081909179688,1.6789921522140503,0.5121458172798157,9.64826774597168
1700823026468960000,164.7809599609375,1.7243893146514893,0.5073305368423462,9.64051342010498
1700823026478946000,164.79094604492187,1.8051354885101318,0.4924851357936859,9.626492500305176
1700823026488842000,164.8008420410156,1.79717218875885,0.48786184191703796,9.628216743469238
1700823026499292000,164.8112919921875,1.7979460954666138,0.48429247736930847,9.628252983093262
1700823026508919000,164.8209189453125,1.795954942703247,0.4852689206600189,9.628575325012207
1700823026518888000,164.83088793945313,1.8000624179840088,0.485885888338089,9.627777099609375
1700823026528915000,164.8409150390625,1.8074653148651123,0.48560619354248047,9.62640380859375
1700823026538945000,164.85094506835938,1.8129981756210327,0.48351535201072693,9.625468254089355
1700823026549265000,164.86126489257813,1.8133082389831543,0.47857993841171265,9.62565803527832
1700823026558962000,164.8709619140625,1.8094302415847778,0.47049570083618164,9.626786231994629
1700823026568754000,164.88075390625,1.8078685998916626,0.45980364084243774,9.627594947814941
1700823026578791000,164.890791015625,1.8094425201416016,0.451581746339798,9.62768840789795
1700823026588922000,164.90092211914063,1.8074647188186646,0.449440062046051,9.62816047668457
1700823026598906000,164.91090600585937,1.8001337051391602,0.44924890995025635,9.629542350769043
1700823026608815000,164.92081518554687,1.7917711734771729,0.4441416561603546,9.631339073181152
1700823026619013000,164.93101318359376,1.7873990535736084,0.4263485074043274,9.632954597473145
1700823026628819000,164.94081884765626,1.7836169004440308,0.4079793393611908,9.634452819824219
1700823026638899000,164.95089892578125,1.7761574983596802,0.3905819058418274,9.636550903320312
1700823026648874000,164.9608740234375,1.7609364986419678,0.3728858232498169,9.640044212341309
1700823026658878000,164.9708779296875,1.737062931060791,0.3529375493526459,9.645124435424805
1700823026668808000,164.98080786132812,1.7076225280761719,0.3310556709766388,9.651155471801758
1700823026678818000,164.99081811523436,1.6766189336776733,0.30749475955963135,9.657370567321777
1700823026688813000,165.00081298828124,1.652456521987915,0.2896054685115814,9.662084579467773
1700823026698932000,165.01093188476563,1.6312443017959595,0.2745800316333771,9.666130065917969
1700823026708759000,165.02075903320312,1.609556794166565,0.2628501355648041,9.670090675354004
1700823026718870000,165.0308701171875,1.5849919319152832,0.253192663192749,9.674405097961426
1700823026728811000,165.04081103515625,1.5537828207015991,0.24245178699493408,9.679740905761719
1700823026738852000,165.05085205078126,1.5151768922805786,0.23111440241336823,9.686136245727539
1700823026748944000,165.06094384765626,1.4483970403671265,0.2176990509033203,9.69665813446045
1700823026758678000,165.07067797851562,1.370944619178772,0.20127689838409424,9.70826530456543
1700823026769032000,165.08103198242188,1.3078653812408447,0.1871139407157898,9.717245101928711
1700823026779024000,165.09102392578126,1.2485405206680298,0.17590133845806122,9.725255012512207
1700823026788854000,165.10085400390625,1.1930598020553589,0.16643179953098297,9.73238468170166
1700823026798946000,165.1109460449219,1.1309534311294556,0.1533879041671753,9.740010261535645
1700823026809099000,165.12109912109375,1.0701590776443481,0.1386585384607315,9.747099876403809
1700823026818674000,165.130673828125,0.9924819469451904,0.11814824491739273,9.755582809448242
1700823026828743000,165.14074291992188,0.9077537655830383,0.09665098786354065,9.764069557189941
1700823026838806000,165.15080590820313,0.8219056129455566,0.08222469687461853,9.77180004119873
1700823026848925000,165.16092504882812,0.7198112607002258,0.0711371898651123,9.779939651489258
1700823026858897000,165.17089697265624,0.6198509931564331,0.06098200008273125,9.786850929260254
1700823026868902000,165.18090185546876,0.5227361917495728,0.05206102877855301,9.792571067810059
1700823026878867000,165.19086694335937,0.4290805757045746,0.04244213551282883,9.797165870666504
1700823026888773000,165.20077319335937,0.33882513642311096,0.030920039862394333,9.80074691772461
1700823026898859000,165.21085888671874,0.24495384097099304,0.018878011032938957,9.803573608398438
1700823026908791000,165.220791015625,1.1870348453521729,0.24465426802635193,9.73146915435791
1700823026918981000,165.2309812011719,1.5871654748916626,0.3882412016391754,9.66956901550293
1700823026928822000,165.24082202148438,1.7000857591629028,0.43118661642074585,9.64853286743164
1700823026938859000,165.25085888671876,1.7158699035644531,0.4094160795211792,9.646686553955078
1700823026948828000,165.26082788085938,1.5937650203704834,0.40066930651664734,9.667975425720215
1700823026958856000,165.27085595703124,1.4681479930877686,0.3965279757976532,9.688019752502441
1700823026968817000,165.28081689453126,1.3931585550308228,0.27668169140815735,9.703245162963867
1700823026978827000,165.29082690429686,1.268468976020813,0.271195650100708,9.72048568725586
1700823026988846000,165.30084619140624,1.152086853981018,0.261504590511322,9.7352294921875
1700823026998887000,165.31088696289063,1.0300381183624268,0.24827128648757935,9.749244689941406
1700823027008857000,165.32085717773438,0.9042401909828186,0.2356298416852951,9.762029647827148
1700823027018935000,165.33093505859375,0.6686545014381409,0.1925523281097412,9.781933784484863
1700823027028834000,165.340833984375,0.42361003160476685,0.14496639370918274,9.796424865722656
1700823027038828000,165.350828125,0.28674423694610596,0.14852672815322876,9.801332473754883
1700823027048845000,165.3608449707031,0.14552724361419678,0.15676936507225037,9.80431842803955
1700823027058816000,165.37081591796874,-0.26699909567832947,-0.015278525650501251,9.80300235748291
1700823027068827000,165.38082690429687,-0.40792497992515564,-0.023723697289824486,9.798133850097656
1700823027078880000,165.3908798828125,-0.5576081871986389,-0.03420388326048851,9.790725708007812
1700823027088910000,165.40091015625,-0.7187719941139221,-0.045340485870838165,9.780168533325195
1700823027099161000,165.4111611328125,-0.8529852032661438,-0.054381873458623886,9.769331932067871
1700823027108819000,165.42081884765625,-0.9689391851425171,-0.06038666516542435,9.758478164672852
1700823027118895000,165.43089501953125,-1.0738778114318848,-0.05996142700314522,9.747492790222168
1700823027128855000,165.44085498046874,-1.1796622276306152,-0.05457651615142822,9.735285758972168
1700823027138890000,165.45088989257812,-1.2763216495513916,-0.05192161723971367,9.723102569580078
1700823027148878000,165.46087817382812,-1.3651771545410156,-0.056233346462249756,9.71099853515625
1700823027158855000,165.47085498046874,-1.4532208442687988,-0.07071458548307419,9.698121070861816
1700823027168859000,165.48085888671875,-1.5403449535369873,-0.09420476108789444,9.684465408325195
1700823027178871000,165.49087109375,-1.6113615036010742,-0.11919891834259033,9.672625541687012
1700823027188870000,165.50086987304687,-1.6657938957214355,-0.14292728900909424,9.663077354431152
1700823027198995000,165.51099487304688,-1.7189373970031738,-0.16030250489711761,9.653493881225586
1700823027208817000,165.52081689453124,-1.771370768547058,-0.1645946502685547,9.643937110900879
1700823027218876000,165.5308759765625,-1.816853642463684,-0.1564703732728958,9.635610580444336
1700823027228853000,165.54085302734376,-1.8648066520690918,-0.1462465077638626,9.626604080200195
1700823027238875000,165.550875,-1.916519284248352,-0.14758944511413574,9.616421699523926
1700823027248840000,165.56083984375,-1.9694916009902954,-0.1623050719499588,9.605475425720215
1700823027258823000,165.57082299804688,-2.011749029159546,-0.17909663915634155,9.596417427062988
1700823027268899000,165.58089916992188,-2.0461061000823975,-0.1935536116361618,9.5888671875
1700823027278894000,165.59089404296876,-2.0725557804107666,-0.204071506857872,9.582966804504395
1700823027288764000,165.60076391601564,-2.079685688018799,-0.20725451409816742,9.581354141235352
1700823027299093000,165.61109301757813,-2.072749137878418,-0.20264555513858795,9.582956314086914
1700823027308865000,165.62086499023437,-2.049212694168091,-0.19058774411678314,9.588264465332031
1700823027318880000,165.6308798828125,-2.0285873413085938,-0.17315584421157837,9.592978477478027
1700823027328847000,165.64084716796876,-2.0350403785705566,-0.15926264226436615,9.591852188110352
1700823027338740000,165.65073999023437,-2.058056592941284,-0.15424013137817383,9.587021827697754
1700823027348999000,165.6609990234375,-2.09234356880188,-0.15641631186008453,9.57956314086914
1700823027358926000,165.67092602539063,-2.1144986152648926,-0.15963147580623627,9.574645042419434
1700823027368959000,165.680958984375,-2.0492799282073975,-0.14748306572437286,9.589011192321777
1700823027379447000,165.69144702148438,-1.9558184146881104,-0.121706523001194,9.608867645263672
1700823027389421000,165.7014211425781,-1.8657448291778564,-0.08791910856962204,9.627131462097168
1700823027399064000,165.71106396484376,-1.7985639572143555,-0.05522445961833,9.640152931213379
1700823027408788000,165.7207880859375,-1.7546201944351196,-0.035270050168037415,9.648340225219727
1700823027418703000,165.730703125,-1.7257261276245117,-0.030853403732180595,9.653565406799316
1700823027428689000,165.74068896484374,-1.7115660905838013,-0.034188684076070786,9.656074523925781
1700823027438664000,165.75066381835939,-1.7103455066680908,-0.03813070058822632,9.656275749206543
1700823027448775000,165.76077490234374,-1.704807162284851,-0.03976151719689369,9.657247543334961
1700823027458815000,165.77081494140626,-1.6766070127487183,-0.034994740039110184,9.662202835083008
1700823027469043000,165.78104296875,-1.6352304220199585,-0.01906885765492916,9.66933822631836
1700823027478843000,165.7908427734375,-1.5933377742767334,0.004518646746873856,9.676344871520996
1700823027488860000,165.80085986328126,-1.5690584182739258,0.026700375601649284,9.680275917053223
1700823027498994000,165.81099389648438,-1.5619120597839355,0.04063450172543526,9.681382179260254
1700823027508861000,165.82086083984376,-1.5544862747192383,0.04812485724687576,9.682543754577637
1700823027518862000,165.83086206054688,-1.5406243801116943,0.053481414914131165,9.684732437133789
1700823027528857000,165.84085717773436,-1.4970710277557373,0.06136953830718994,9.691511154174805
1700823027538874000,165.8508740234375,-1.4409657716751099,0.07527092844247818,9.69991397857666
1700823027548887000,165.86088696289062,-1.385045051574707,0.09252835810184479,9.707907676696777
1700823027558866000,165.87086596679688,-1.3352766036987305,0.11677607893943787,9.714616775512695
1700823027568966000,165.8809658203125,-1.3029729127883911,0.14027415215969086,9.718692779541016
1700823027578812000,165.89081201171874,-1.2874047756195068,0.16130495071411133,9.720439910888672
1700823027588932000,165.90093212890625,-1.2873002290725708,0.1738017350435257,9.720240592956543
1700823027598859000,165.91085888671876,-1.286916732788086,0.17414864897727966,9.720284461975098
1700823027609025000,165.92102490234376,-1.259696125984192,0.170600026845932,9.723910331726074
1700823027618902000,165.93090209960937,-1.2087783813476562,0.16843904554843903,9.730408668518066
1700823027628809000,165.94080908203125,-1.147498369216919,0.1683729887008667,9.737828254699707
1700823027638698000,165.95069799804688,-1.0830594301223755,0.1770285964012146,9.745051383972168
1700823027650462000,165.9624619140625,-1.0231857299804688,0.19905981421470642,9.751096725463867
1700823027658775000,165.97077514648439,-0.9718687534332275,0.22526802122592926,9.755772590637207
1700823027668734000,165.98073388671875,-0.9356640577316284,0.24541181325912476,9.758827209472656
1700823027678751000,165.9907509765625,-0.9214257001876831,0.24499037861824036,9.760190963745117
1700823027688766000,166.00076586914062,-0.8903467059135437,0.2400827258825302,9.763197898864746
1700823027698777000,166.01077709960938,-0.8306681513786316,0.23796530067920685,9.768509864807129
1700823027708889000,166.02088916015626,-0.767356812953949,0.2423568069934845,9.773577690124512
1700823027718959000,166.030958984375,-0.6993488669395447,0.2502618730068207,9.778482437133789
1700823027728802000,166.04080200195312,-0.6426093578338623,0.2656380236148834,9.781967163085938
1700823027738834000,166.050833984375,-0.5952677726745605,0.28427958488464355,9.784438133239746
1700823027748888000,166.06088818359376,-0.5662871599197388,0.30396950244903564,9.785566329956055
1700823027758963000,166.070962890625,-0.5516425371170044,0.32196518778800964,9.785825729370117
1700823027768940000,166.08093994140626,-0.5214701294898987,0.32815584540367126,9.787278175354004
1700823027778787000,166.090787109375,-0.47348904609680176,0.3307657539844513,9.789628028869629
1700823027788735000,166.10073486328125,-0.4129132926464081,0.3319903314113617,9.792325973510742
1700823027798762000,166.11076196289062,-0.3540683090686798,0.3305646777153015,9.79468059539795
1700823027808816000,166.12081616210938,-0.30108314752578735,0.3299161493778229,9.79647445678711
1700823027821389000,166.13338916015624,-0.2618430256843567,0.3330734372138977,9.79749584197998
1700823027838866000,166.15086596679689,-0.17383915185928345,0.34527504444122314,9.799029350280762
1700823027848860000,166.16085986328125,-0.12458266317844391,0.35060617327690125,9.799590110778809
1700823027858882000,166.17088208007812,-0.07940203696489334,0.3527168929576874,9.799985885620117
1700823027869046000,166.1810458984375,-0.05942366644740105,0.34412381052970886,9.800429344177246
1700823027878757000,166.19075708007813,-0.001954641193151474,0.3437155485153198,9.80062484741211
1700823027888867000,166.2008671875,0.05097673833370209,0.34664222598075867,9.800390243530273
1700823027898877000,166.210876953125,0.09436696767807007,0.3524690568447113,9.799860000610352
1700823027908933000,166.22093310546876,0.13930150866508484,0.3624599874019623,9.798959732055664
1700823027918801000,166.23080078125,0.17875322699546814,0.3733031451702118,9.797911643981934
1700823027928859000,166.24085888671874,-0.3446352779865265,0.22494857013225555,9.798009872436523
1700823027938950000,166.25094995117186,-0.6343553066253662,0.1301174908876419,9.785246849060059
1700823027948815000,166.26081518554687,-0.8552817702293396,0.06235796585679054,9.769084930419922
1700823027958845000,166.27084497070314,-1.0614900588989258,0.009777589701116085,9.749027252197266
1700823027968832000,166.28083203125,-1.2237439155578613,-0.03731967881321907,9.729926109313965
1700823027978702000,166.2907021484375,-1.3173201084136963,-0.0953536406159401,9.717305183410645
1700823027988818000,166.30081787109376,-1.2464368343353271,-0.08782295137643814,9.726719856262207
1700823027998817000,166.31081713867187,-1.183458685874939,-0.08402326703071594,9.734617233276367
1700823028008818000,166.32081787109374,-1.1166589260101318,-0.08500847965478897,9.742497444152832
1700823028018903000,166.33090307617186,-1.0476841926574707,-0.08620470762252808,9.750144958496094
1700823028030187000,166.34218701171875,-0.9764227867126465,-0.08961918950080872,9.757509231567383
1700823028038845000,166.35084497070312,-0.8937433362007141,-0.09345424175262451,9.76539134979248
1700823028048839000,166.3608388671875,-0.8067361116409302,-0.09489858895540237,9.772951126098633
1700823028058821000,166.37082104492188,-0.7209183573722839,-0.09265197813510895,9.779675483703613
1700823028068842000,166.38084204101563,-0.6374883651733398,-0.08690408617258072,9.785523414611816
1700823028078743000,166.39074291992188,-0.5629045367240906,-0.07964608073234558,9.79015827178955
1700823028088864000,166.40086401367188,-0.49003684520721436,-0.07390812039375305,9.794121742248535
1700823028098873000,166.410873046875,-0.41252458095550537,-0.07160072028636932,9.797710418701172
1700823028108891000,166.42089086914064,-0.33062195777893066,-0.0720309242606163,9.800809860229492
1700823028118904000,166.43090405273438,-0.24839434027671814,-0.07605419307947159,9.80320930480957
1700823028128794000,166.44079418945313,-0.1648503690958023,-0.08189824223518372,9.804922103881836
1700823028138762000,166.45076196289062,-0.09082242846488953,-0.08647767454385757,9.805849075317383
1700823028148818000,166.46081787109375,-0.03362579271197319,-0.08921528607606888,9.806187629699707
1700823028158845000,166.47084497070313,0.009099837392568588,-0.09122399240732193,9.80622386932373
1700823028168865000,166.48086499023438,0.04201309755444527,-0.09442337602376938,9.806105613708496
1700823028178723000,166.49072314453124,0.07213585078716278,-0.10003770887851715,9.805874824523926
1700823028188863000,166.50086303710938,0.10845628380775452,-0.10724661499261856,9.805463790893555
1700823028198835000,166.5108349609375,0.14270225167274475,-0.11725480109453201,9.804911613464355
1700823028208896000,166.52089599609374,0.16949498653411865,-0.13016864657402039,9.804322242736816
1700823028218897000,166.53089697265625,0.18765667080879211,-0.1427270919084549,9.803816795349121
1700823028229187000,166.54118701171876,0.19821254909038544,-0.15556319057941437,9.803414344787598
1700823028238844000,166.55084399414062,0.20368659496307373,-0.1667863130569458,9.803115844726562
1700823028248895000,166.56089501953124,0.20965515077114105,-0.17552870512008667,9.802839279174805
1700823028258911000,166.57091088867188,0.21854397654533386,-0.18073095381259918,9.802549362182617
1700823028268897000,166.58089697265626,0.22173254191875458,-0.18296031653881073,9.802436828613281
1700823028279221000,166.5912209472656,0.20977438986301422,-0.18710604310035706,9.80262279510498
1700823028288875000,166.600875,0.18737491965293884,-0.19612696766853333,9.802898406982422
1700823028298894000,166.61089404296874,0.16519348323345184,-0.21050123870372772,9.802999496459961
1700823028308908000,166.62090795898436,0.1530342698097229,-0.22517390549182892,9.802870750427246
1700823028318983000,166.63098291015626,0.147104874253273,-0.23964697122573853,9.802618980407715
1700823028329194000,166.64119409179688,0.13469722867012024,-0.2554568350315094,9.802396774291992
1700823028338953000,166.65095288085936,0.09927403181791306,-0.27068448066711426,9.802411079406738
1700823028348906000,166.66090600585937,0.03761398419737816,-0.2838970124721527,9.802468299865723
1700823028359076000,166.671076171875,-0.03558335453271866,-0.2977098524570465,9.802066802978516
1700823028369028000,166.68102807617188,-0.08764029294252396,-0.3100932538509369,9.801355361938477
1700823028381207000,166.69320703125,-0.14476561546325684,-0.3173278868198395,9.800446510314941
1700823028398814000,166.71081396484374,-0.3033037483692169,-0.34757280349731445,9.795795440673828
1700823028408966000,166.7209658203125,-0.35554128885269165,-0.36743688583374023,9.793312072753906
1700823028418977000,166.73097705078126,-0.3913724720478058,-0.3840332329273224,9.791309356689453
1700823028428887000,166.7408869628906,-0.44641223549842834,-0.39652037620544434,9.788455963134766
1700823028439050000,166.75105004882812,-0.5263257026672363,-0.4095090329647064,9.783951759338379
1700823028448810000,166.76081005859376,-0.6258575320243835,-0.4298933446407318,9.77721118927002
1700823028458989000,166.77098901367188,-0.7260445952415466,-0.4516817033290863,9.769301414489746
1700823028468875000,166.780875,-0.8679612278938293,-0.47036826610565186,9.756834030151367
1700823028479475000,166.79147485351564,-1.0322165489196777,-0.48924481868743896,9.739893913269043
1700823028488870000,166.80086987304688,-1.1649737358093262,-0.5122098326683044,9.723726272583008
1700823028498785000,166.81078491210937,-1.2340309619903564,-0.5356181859970093,9.71394157409668
1700823028508773000,166.82077319335937,-1.2547720670700073,-0.5559501647949219,9.710143089294434
1700823028518782000,166.83078198242188,-1.28630530834198,-0.5753098130226135,9.704887390136719
1700823028528764000,166.84076391601562,-1.360166072845459,-0.5984069108963013,9.693414688110352
1700823028538775000,166.85077514648438,-1.4628350734710693,-0.6231827735900879,9.676887512207031
1700823028548832000,166.86083203125,-1.5635849237442017,-0.6488184332847595,9.659433364868164
1700823028558767000,166.87076708984375,-1.676355004310608,-0.674734354019165,9.638721466064453
1700823028569217000,166.88121704101562,-1.8133622407913208,-0.694553792476654,9.612478256225586
1700823028578666000,166.890666015625,-1.9378327131271362,-0.7094208002090454,9.58707046508789
1700823028588737000,166.90073706054687,-2.0078041553497314,-0.721550464630127,9.571755409240723
1700823028598727000,166.91072680664064,-2.0113918781280518,-0.7115253806114197,9.571751594543457
1700823028608728000,166.92072802734376,-1.977902889251709,-0.6927589774131775,9.580103874206543
1700823028618763000,166.93076293945313,-1.9848113059997559,-0.6732593178749084,9.58006763458252
1700823028628767000,166.94076708984375,-2.0344600677490234,-0.6615399718284607,9.570460319519043
1700823028638740000,166.95073999023438,-2.1079869270324707,-0.6604451537132263,9.554614067077637
1700823028648773000,166.9607731933594,-2.1823902130126953,-0.6621437668800354,9.537775039672852
1700823028658779000,166.97077880859376,-2.247076988220215,-0.6576803922653198,9.523049354553223
1700823028668813000,166.98081298828126,-2.3036727905273438,-0.6492924690246582,9.510095596313477
1700823028678848000,166.99084790039063,-2.3381080627441406,-0.6465615630149841,9.501873016357422
1700823028688846000,167.00084619140625,-2.3276970386505127,-0.6465536952018738,9.504430770874023
1700823028698780000,167.01077978515625,-2.276775360107422,-0.6395882368087769,9.517228126525879
1700823028708848000,167.02084814453124,-2.219236135482788,-0.6276859045028687,9.531600952148438
1700823028718753000,167.0307529296875,-2.1858575344085693,-0.6182368397712708,9.53992748260498
1700823028728877000,167.040876953125,-2.1920647621154785,-0.6132405996322632,9.538825988769531
1700823028738711000,167.0507109375,-2.224721908569336,-0.6127224564552307,9.531293869018555
1700823028748884000,167.06088403320314,-2.248112201690674,-0.6178334951400757,9.525472640991211
1700823028758897000,167.07089697265624,-2.234571695327759,-0.6246384978294373,9.528216361999512
1700823028768998000,167.08099780273437,-2.1766293048858643,-0.6288488507270813,9.541342735290527
1700823028778978000,167.09097802734374,-2.088775634765625,-0.624038815498352,9.56127643585205
1700823028788823000,167.10082299804688,-1.9999189376831055,-0.6065840721130371,9.581377983093262
1700823028799045000,167.11104516601563,-1.933210849761963,-0.580147922039032,9.596694946289062
1700823028808804000,167.12080419921875,-1.8953526020050049,-0.5475000143051147,9.606159210205078
1700823028818847000,167.13084692382813,-1.869330883026123,-0.5176172256469727,9.612910270690918
1700823028829021000,167.14102099609374,-1.8300217390060425,-0.4967971444129944,9.62156867980957
1700823028838833000,167.1508330078125,-1.7668718099594116,-0.4871911108493805,9.633858680725098
1700823028849448000,167.16144799804687,-1.6772382259368896,-0.4860977530479431,9.649921417236328
1700823028858882000,167.17088208007812,-1.5694628953933716,-0.48961278796195984,9.667856216430664
1700823028868870000,167.18086987304687,-1.469709038734436,-0.4931386113166809,9.683343887329102
1700823028878796000,167.19079614257814,-1.3833850622177124,-0.4936524033546448,9.696025848388672
1700823028888880000,167.20088012695314,-1.311919093132019,-0.48945146799087524,9.706167221069336
1700823028898856000,167.21085595703124,-1.2471715211868286,-0.47987931966781616,9.715178489685059
1700823028908826000,167.220826171875,-1.1752187013626099,-0.46596187353134155,9.724820137023926
1700823028918757000,167.23075708007812,-1.0811381340026855,-0.4596233069896698,9.736031532287598
1700823028928772000,167.24077221679687,-0.9874509572982788,-0.45924627780914307,9.745996475219727
1700823028938779000,167.25077880859374,-0.906509280204773,-0.46298518776893616,9.753679275512695
1700823028948807000,167.26080688476563,-0.8388000130653381,-0.47152766585350037,9.759328842163086
1700823028958828000,167.270828125,-0.7745797634124756,-0.4838011860847473,9.764032363891602
1700823028968738000,167.2807380371094,-0.7098270058631897,-0.491491436958313,9.768569946289062
1700823028978756000,167.29075610351563,-0.6259890794754028,-0.48856472969055176,9.774450302124023
1700823028988758000,167.30075805664063,-0.5190799832344055,-0.4761015772819519,9.781322479248047
1700823028998796000,167.3107961425781,-0.3904244005680084,-0.45961424708366394,9.788090705871582
1700823029008792000,167.3207919921875,-0.24796821177005768,-0.44489774107933044,9.793414115905762
1700823029018794000,167.3307939453125,-0.09869301319122314,-0.43083298206329346,9.796683311462402
1700823029028769000,167.34076904296876,0.04122808203101158,-0.41022273898124695,9.797979354858398
1700823029038854000,167.35085400390625,0.17528000473976135,-0.3814294636249542,9.797662734985352
1700823029048813000,167.36081298828125,0.3148176372051239,-0.3488362431526184,9.795387268066406
1700823029058840000,167.37084008789063,0.4434761703014374,-0.3159504532814026,9.791520118713379
1700823029068922000,167.38092211914062,0.5364718437194824,-0.28284400701522827,9.787879943847656
1700823029078848000,167.3908479003906,0.6070038080215454,-0.24806728959083557,9.78470230102539
1700823029088815000,167.40081518554686,0.6955950856208801,-0.21174335479736328,9.779658317565918
1700823029098918000,167.41091796875,0.7986539006233215,-0.17492343485355377,9.772509574890137
1700823029108885000,167.4208850097656,0.9036977291107178,-0.1358700692653656,9.763978004455566
1700823029118907000,167.43090698242187,0.995059072971344,-0.10033873468637466,9.755521774291992
1700823029128920000,167.44092016601562,1.070052146911621,-0.0705602690577507,9.74783992767334
1700823029138901000,167.45090087890625,1.1288654804229736,-0.044736385345458984,9.74135684967041
1700823029148896000,167.46089599609374,1.1738961935043335,-0.0214107446372509,9.736113548278809
1700823029158888000,167.47088793945312,1.215230941772461,0.0006736614741384983,9.731062889099121
1700823029168860000,167.48085986328124,1.2594225406646729,0.020892566069960594,9.725419998168945
1700823029178916000,167.490916015625,1.3088369369506836,0.037563424557447433,9.718843460083008
1700823029188887000,167.50088696289063,1.3662068843841553,0.04926876723766327,9.710892677307129
1700823029198874000,167.5108740234375,1.4301915168762207,0.05412263795733452,9.70164966583252
1700823029208856000,167.52085595703124,1.4972896575927734,0.05227496102452278,9.69153118133545
1700823029218873000,167.530873046875,1.552064299583435,0.04940057545900345,9.682927131652832
1700823029229028000,167.54102807617187,1.5893951654434204,0.04696311801671982,9.676880836486816
1700823029238949000,167.55094921875,1.6020190715789795,0.051979485899209976,9.674772262573242
1700823029248953000,167.560953125,1.6078566312789917,0.06555792689323425,9.673722267150879
1700823029258939000,167.57093896484375,1.6058886051177979,0.08007599413394928,9.673940658569336
1700823029268961000,167.5809609375,1.6073635816574097,0.0966954156756401,9.673542976379395
1700823029278954000,167.5909541015625,1.620891809463501,0.11515899747610092,9.6710844039917
1700823029288914000,167.60091381835937,1.639125943183899,0.13221271336078644,9.667792320251465
1700823029298875000,167.610875,1.6568883657455444,0.14580489695072174,9.664566993713379
1700823029308895000,167.62089501953125,1.6590628623962402,0.14995938539505005,9.664131164550781
1700823029318905000,167.63090502929688,1.6484317779541016,0.14838731288909912,9.665973663330078
1700823029328827000,167.6408269042969,1.6391633749008179,0.1545557677745819,9.667454719543457
1700823029338944000,167.65094409179687,1.6288094520568848,0.1684194654226303,9.66897201538086
1700823029349111000,167.66111108398437,1.6227269172668457,0.1914253681898117,9.669567108154297
1700823029358898000,167.67089794921876,1.6096359491348267,0.21290655434131622,9.671304702758789
1700823029368857000,167.68085717773437,1.6137042045593262,0.2393617182970047,9.670008659362793
1700823029378918000,167.69091796875,1.6414263248443604,0.2677314877510071,9.664597511291504
1700823029388877000,167.700876953125,1.6887612342834473,0.2956357002258301,9.655625343322754
1700823029398900000,167.71089990234375,1.7419626712799072,0.317226767539978,9.645482063293457
1700823029408871000,167.72087084960938,1.7984119653701782,0.33042964339256287,9.634672164916992
1700823029418875000,167.730875,1.8526883125305176,0.3342144191265106,9.624252319335938
1700823029429041000,167.741041015625,1.9072599411010742,0.3335258662700653,9.61361026763916
1700823029438893000,167.75089306640626,1.9662363529205322,0.33426061272621155,9.601696014404297
1700823029448945000,167.76094482421874,2.0169904232025146,0.3374643623828888,9.59105110168457
1700823029458897000,167.77089697265626,2.059199094772339,0.3444496989250183,9.581830024719238
1700823029468882000,167.7808818359375,2.094241142272949,0.3591665029525757,9.573690414428711
1700823029478900000,167.79089990234374,2.130371570587158,0.3885241150856018,9.564568519592285
1700823029488821000,167.80082104492186,2.158874034881592,0.4193228483200073,9.556873321533203
1700823029499014000,167.8110139160156,2.1901631355285645,0.45261022448539734,9.548232078552246
1700823029508899000,167.8208991699219,2.231872320175171,0.48591890931129456,9.536930084228516
1700823029518673000,167.8306728515625,2.2879152297973633,0.5166691541671753,9.522022247314453
1700823029528802000,167.84080200195314,2.352428913116455,0.5461889505386353,9.504637718200684
1700823029538861000,167.85086108398437,2.4185950756073,0.5667398571968079,9.486812591552734
1700823029548855000,167.86085498046876,2.477851152420044,0.5849196910858154,9.470402717590332
1700823029558723000,167.87072314453124,2.530592679977417,0.6045546531677246,9.45521068572998
1700823029568638000,167.88063793945312,2.5838100910186768,0.6290645003318787,9.439207077026367
1700823029578685000,167.89068481445312,2.635793685913086,0.6540417075157166,9.42312240600586
1700823029588784000,167.9007841796875,2.771436929702759,0.8087348341941833,9.372057914733887
1700823029598777000,167.91077709960936,2.8285868167877197,0.8310641646385193,9.353010177612305
1700823029608776000,167.92077587890626,2.926543712615967,0.8864529132843018,9.317721366882324
1700823029618747000,167.93074682617188,3.002021551132202,0.9187608957290649,9.29054069519043
1700823029628879000,167.94087915039063,3.06461763381958,0.9420815706253052,9.267739295959473
1700823029638893000,167.95089306640625,3.1143712997436523,0.964590311050415,9.248819351196289
1700823029648895000,167.96089501953125,3.144373655319214,0.9918471574783325,9.235774993896484
1700823029658892000,167.97089208984374,3.1592531204223633,1.0260729789733887,9.226954460144043
1700823029668846000,167.98084619140624,3.170602321624756,1.0642287731170654,9.218735694885254
1700823029678856000,167.99085595703124,3.2130069732666016,1.0847063064575195,9.201652526855469
1700823029688820000,168.0008200683594,3.2561872005462646,1.1068074703216553,9.183823585510254
1700823029698867000,168.0108669433594,3.2954204082489014,1.1254992485046387,9.167543411254883
1700823029708970000,168.02096997070313,3.336954355239868,1.141390085220337,9.150538444519043
1700823029718726000,168.03072583007813,3.3798828125,1.1542781591415405,9.133151054382324
1700823029728882000,168.0408818359375,3.4198315143585205,1.1648460626602173,9.116922378540039
1700823029738899000,168.05089892578124,3.4599146842956543,1.1747887134552002,9.100509643554688
1700823029748901000,168.06090112304688,3.4965178966522217,1.183677315711975,9.08535385131836
1700823029758966000,168.07096606445313,3.532540798187256,1.192644476890564,9.070233345031738
1700823029768867000,168.0808671875,3.5673978328704834,1.2025690078735352,9.055269241333008
1700823029779698000,168.09169799804687,3.6004798412323,1.214085340499878,9.040626525878906
1700823029788903000,168.10090283203124,3.634070873260498,1.2275205850601196,9.025358200073242
1700823029798736000,168.11073583984376,3.662363052368164,1.239720344543457,9.012246131896973
1700823029808847000,168.12084716796875,3.682063341140747,1.2506661415100098,9.002702713012695
1700823029818914000,168.1309140625,3.693880319595337,1.260384440422058,8.996502876281738
1700823029828891000,168.14089086914063,3.700439214706421,1.266818881034851,8.992903709411621
1700823029839090000,168.15108984375,3.707319974899292,1.272279143333435,8.989297866821289
1700823029848767000,168.16076708984374,3.7105746269226074,1.2767518758773804,8.987321853637695
1700823029858873000,168.170873046875,3.703470230102539,1.2781018018722534,8.990058898925781
1700823029868760000,168.18076000976563,3.689980983734131,1.27833092212677,8.99557113647461
1700823029878919000,168.1909189453125,3.6704487800598145,1.2785630226135254,9.00352668762207
1700823029888823000,168.20082299804687,3.647794008255005,1.2797282934188843,9.01256275177002
1700823029898746000,168.21074609375,3.6263084411621094,1.279792308807373,9.021219253540039
1700823029908763000,168.22076293945312,3.602656602859497,1.2784440517425537,9.030881881713867
1700823029918806000,168.23080590820314,3.5792012214660645,1.275795578956604,9.040578842163086
1700823029928766000,168.24076586914063,3.554241180419922,1.2722429037094116,9.050920486450195
1700823029938777000,168.25077709960937,3.5277459621429443,1.2675678730010986,9.061936378479004
1700823029948780000,168.26078002929688,3.5021657943725586,1.262263298034668,9.072592735290527
1700823029958791000,168.270791015625,3.4788191318511963,1.2566145658493042,9.082352638244629
1700823029968834000,168.280833984375,3.4553964138031006,1.2508958578109741,9.092077255249023
1700823029978822000,168.29082177734375,3.4294207096099854,1.245609998703003,9.102632522583008
1700823029988817000,168.30081689453124,3.4043726921081543,1.2398332357406616,9.112818717956543
1700823029998876000,168.3108759765625,3.382863998413086,1.2328437566757202,9.121771812438965
1700823030009135000,168.3211350097656,3.3653714656829834,1.2252192497253418,9.129267692565918
1700823030018854000,168.33085400390624,3.3484599590301514,1.216796636581421,9.13661003112793
1700823030028784000,168.3407841796875,3.326853036880493,1.2059344053268433,9.145936965942383
1700823030038782000,168.35078198242186,3.303788423538208,1.1932772397994995,9.155952453613281
1700823030048897000,168.36089697265626,3.278926134109497,1.1775965690612793,9.166913986206055
1700823030058695000,168.37069482421876,3.253840446472168,1.159571886062622,9.178142547607422
1700823030069100000,168.38110009765626,3.2283573150634766,1.1399530172348022,9.189592361450195
1700823030078821000,168.39082104492186,3.2008907794952393,1.1195625066757202,9.201700210571289
1700823030088790000,168.4007900390625,3.169373035430908,1.0987664461135864,9.215106010437012
1700823030098876000,168.4108759765625,3.1375045776367188,1.079931378364563,9.228229522705078
1700823030108714000,168.4207138671875,3.101179361343384,1.0605369806289673,9.242745399475098
1700823030118860000,168.43086010742186,3.063101291656494,1.0418378114700317,9.25755786895752
1700823030128889000,168.44088916015625,3.0237250328063965,1.0233824253082275,9.272549629211426
1700823030138876000,168.4508759765625,2.9848084449768066,1.005977988243103,9.287052154541016
1700823030148828000,168.46082788085937,2.9462051391601562,0.99115389585495,9.3009614944458
1700823030158847000,168.47084692382813,2.9069125652313232,0.9819573163986206,9.314291000366211
1700823030168839000,168.4808388671875,2.862807035446167,0.9754083752632141,9.328629493713379
1700823030178902000,168.49090209960937,2.8198466300964355,0.9714093208312988,9.342121124267578
1700823030188863000,168.50086303710938,2.771998643875122,0.9689704179763794,9.356682777404785
1700823030198912000,168.510912109375,2.7266194820404053,0.9678797125816345,9.370119094848633
1700823030209326000,168.521326171875,2.6855714321136475,0.9648361206054688,9.382281303405762
1700823030218900000,168.53089990234375,2.649691581726074,0.9643380641937256,9.392528533935547
1700823030228946000,168.54094580078126,2.616666555404663,0.9646674990653992,9.401748657226562
1700823030238881000,168.55088110351562,2.579970121383667,0.9650173187255859,9.411849021911621
1700823030248834000,168.560833984375,2.536341428756714,0.9655711650848389,9.4236421585083
1700823030258985000,168.57098486328124,2.4905142784118652,0.9660770297050476,9.435806274414062
1700823030268873000,168.580873046875,2.442396640777588,0.9687982797622681,9.44809627532959
1700823030278908000,168.5909079589844,2.4057998657226562,0.9811372756958008,9.456209182739258
1700823030288865000,168.60086499023438,2.3896644115448,1.0098159313201904,9.457281112670898
1700823030298896000,168.61089575195314,2.3559672832489014,1.009944200515747,9.465718269348145
1700823030308934000,168.62093383789062,2.3269076347351074,1.0108344554901123,9.472809791564941
1700823030318821000,168.63082104492187,2.3036935329437256,1.0129939317703247,9.478250503540039
1700823030328883000,168.64088305664063,2.2869298458099365,1.016347050666809,9.481950759887695
1700823030338907000,168.65090698242187,2.272333860397339,1.018478512763977,9.4852294921875
1700823030348845000,168.66084497070312,2.256624937057495,1.0180424451828003,9.48902702331543
1700823030358970000,168.67097021484375,2.235215902328491,1.0157800912857056,9.49433422088623
1700823030368830000,168.68082983398438,2.2054224014282227,1.0126222372055054,9.50163745880127
1700823030378864000,168.69086401367187,2.170212984085083,1.0087974071502686,9.510148048400879
1700823030388868000,168.7008681640625,2.12957501411438,1.0053560733795166,9.519692420959473
1700823030398880000,168.7108798828125,2.091507911682129,1.0030921697616577,9.528368949890137
1700823030408870000,168.72086987304687,2.066669464111328,1.0017369985580444,9.533928871154785
1700823030418901000,168.73090087890625,2.056926727294922,0.9999787211418152,9.536218643188477
1700823030428749000,168.7407490234375,2.05191707611084,0.9938704967498779,9.537938117980957
1700823030439524000,168.75152416992188,2.040989637374878,0.9822952151298523,9.541479110717773
1700823030448793000,168.76079296875,2.02449893951416,0.9663619995117188,9.546619415283203
1700823030458701000,168.770701171875,2.0128304958343506,0.9483631253242493,9.55088996887207
1700823030468797000,168.780796875,2.004639148712158,0.9342264533042908,9.554006576538086
1700823030478788000,168.7907880859375,1.9793331623077393,0.920696496963501,9.56059455871582
1700823030488911000,168.8009111328125,1.962371587753296,0.9478560090065002,9.56143569946289
1700823030498870000,168.8108701171875,1.9608663320541382,0.9775614142417908,9.55875301361084
1700823030508836000,168.82083618164063,1.9312100410461426,0.972966194152832,9.565258026123047
1700823030518859000,168.83085888671874,1.903580904006958,0.9706424474716187,9.571030616760254
1700823030528863000,168.8408630371094,1.9471038579940796,1.0216864347457886,9.556951522827148
1700823030538860000,168.85086010742188,1.989638328552246,1.0737401247024536,9.542474746704102
1700823030548948000,168.86094799804687,2.0406458377838135,1.1299906969070435,9.525192260742188
1700823030558955000,168.870955078125,2.1050264835357666,1.1739219427108765,9.505849838256836
1700823030568685000,168.88068505859374,2.171433210372925,1.180836796760559,9.490041732788086
1700823030578748000,168.89074780273438,2.2026560306549072,1.1547651290893555,9.486053466796875
1700823030588901000,168.90090112304688,2.1978557109832764,1.116248607635498,9.491775512695312
1700823030598758000,168.9107578125,2.1709442138671875,1.072446584701538,9.50301456451416
1700823030608746000,168.92074609375,2.129699468612671,1.028275728225708,9.517218589782715
1700823030618774000,168.93077392578124,2.0812642574310303,0.9915735721588135,9.531816482543945
1700823030628738000,168.94073803710938,2.049185037612915,0.9748349189758301,9.540489196777344
1700823030638738000,168.95073803710937,2.0167863368988037,0.9610872864723206,9.548785209655762
1700823030648857000,168.96085717773437,1.9836647510528564,0.9471677541732788,9.557109832763672
1700823030658796000,168.97079614257814,1.9486148357391357,0.9312418699264526,9.56588077545166
1700823030668788000,168.9807880859375,1.9160709381103516,0.9134478569030762,9.574167251586914
1700823030678839000,168.9908391113281,1.888006567955017,0.8952558040618896,9.58145809173584
1700823030688796000,169.0007958984375,1.8630735874176025,0.8757146596908569,9.588143348693848
1700823030698965000,169.0109650878906,1.8390710353851318,0.8546695113182068,9.594674110412598
1700823030708900000,169.02090014648437,1.8133386373519897,0.8352066874504089,9.601283073425293
1700823030718787000,169.030787109375,1.7929037809371948,0.8309446573257446,9.605490684509277
1700823030728749000,169.0407490234375,1.6124293804168701,0.6866592168807983,9.648780822753906
1700823030738786000,169.0507861328125,1.460269808769226,0.6072364449501038,9.678289413452148
1700823030748773000,169.06077319335938,1.3754899501800537,0.5869988203048706,9.691947937011719
1700823030758848000,169.07084790039062,1.3154536485671997,0.5807520151138306,9.70065689086914
1700823030768757000,169.08075708007811,1.2698819637298584,0.5777104496955872,9.706907272338867
1700823030778810000,169.09081005859375,1.2388538122177124,0.5723270177841187,9.711234092712402
1700823030788771000,169.10077099609376,1.2001363039016724,0.5635161995887756,9.716609001159668
1700823030798796000,169.11079614257812,1.1168729066848755,0.5414063930511475,9.727787971496582
1700823030808899000,169.12089916992187,0.9961562752723694,0.5155938863754272,9.742292404174805
1700823030818799000,169.13079907226563,0.8895593285560608,0.4989408850669861,9.753466606140137
1700823030828804000,169.14080419921876,0.8733564019203186,0.501127302646637,9.754819869995117
1700823030838984000,169.15098388671876,0.8545289039611816,0.504738450050354,9.756301879882812
1700823030849156000,169.16115600585937,0.8364537358283997,0.5123866200447083,9.757467269897461
1700823030858985000,169.17098486328126,0.8217629790306091,0.5232338905334473,9.75814151763916
1700823030868737000,169.18073706054687,0.8090361952781677,0.534670352935791,9.758584976196289
1700823030879063000,169.19106298828126,0.799243688583374,0.5444377064704895,9.758851051330566
1700823030888749000,169.2007490234375,0.7963958978652954,0.5511816740036011,9.758706092834473
1700823030898824000,169.21082397460938,0.8001806735992432,0.5552321076393127,9.758167266845703
1700823030909011000,169.22101098632814,0.8066220879554749,0.5570297837257385,9.757534980773926
1700823030918811000,169.2308107910156,0.8120990991592407,0.5572252869606018,9.75706958770752
1700823030928832000,169.24083203125,0.814714789390564,0.5585194230079651,9.7567777633667
1700823030938815000,169.25081494140625,0.8179740905761719,0.5628270506858826,9.756256103515625
1700823030948824000,169.26082397460937,0.8184586763381958,0.5706038475036621,9.755763053894043
1700823030959091000,169.27109106445312,0.8210919499397278,0.5807020664215088,9.7549467086792
1700823030968815000,169.28081518554689,0.8296990394592285,0.5938280820846558,9.753429412841797
1700823030978860000,169.29086010742188,0.8427209854125977,0.6090133786201477,9.751376152038574
1700823030988838000,169.300837890625,0.8629816770553589,0.6278957724571228,9.748403549194336
1700823030998906000,169.31090600585938,0.8946066498756409,0.6483484506607056,9.74421501159668
1700823031009127000,169.321126953125,0.9352619051933289,0.666762113571167,9.739152908325195
1700823031018898000,169.33089794921875,0.9762503504753113,0.6805398464202881,9.734177589416504
1700823031028893000,169.34089282226563,1.0145668983459473,0.689956784248352,9.729594230651855
1700823031038904000,169.35090405273436,1.0504347085952759,0.6963599324226379,9.725332260131836
1700823031048872000,169.3608718261719,1.0810902118682861,0.7012959122657776,9.7216157913208
1700823031058904000,169.37090405273437,1.0952160358428955,0.7059236168861389,9.719701766967773
1700823031068705000,169.380705078125,1.100327968597412,0.7122259140014648,9.718664169311523
1700823031078862000,169.39086206054688,1.1012083292007446,0.7197074890136719,9.718010902404785
1700823031088838000,169.400837890625,1.1077326536178589,0.7281991243362427,9.716638565063477
1700823031098856000,169.41085595703126,1.1143684387207031,0.7355077266693115,9.715328216552734
1700823031108744000,169.42074389648437,1.1206988096237183,0.7395230531692505,9.714295387268066
1700823031118849000,169.43084912109376,1.129216194152832,0.7390250563621521,9.713346481323242
1700823031128856000,169.44085595703126,1.139252781867981,0.7343292832374573,9.712532043457031
1700823031138854000,169.45085400390624,1.7983733415603638,0.7947943210601807,9.607524871826172
1700823031148674000,169.46067407226562,2.1469762325286865,0.8016601204872131,9.535104751586914
1700823031158948000,169.47094799804688,2.3143293857574463,0.7886556386947632,9.496963500976562
1700823031168829000,169.48082885742187,2.319549560546875,0.7865230441093445,9.495866775512695
1700823031178849000,169.49084912109376,2.307033061981201,0.7904589176177979,9.498588562011719
1700823031188833000,169.5008330078125,2.2887840270996094,0.7986720204353333,9.50231647491455
1700823031198865000,169.51086499023438,2.270033121109009,0.8160431385040283,9.505335807800293
1700823031209008000,169.52100805664062,2.253632068634033,0.8482736945152283,9.506417274475098
1700823031218819000,169.53081909179687,2.242053508758545,0.8956918120384216,9.504805564880371
1700823031228865000,169.54086499023438,2.2351179122924805,0.9047805666923523,9.50557804107666
1700823031238828000,169.550828125,2.232318162918091,0.9122089743614197,9.505525588989258
1700823031248902000,169.56090185546876,2.2337749004364014,0.9156211018562317,9.504855155944824
1700823031258930000,169.57092993164062,2.238337755203247,0.9153662919998169,9.503806114196777
1700823031268840000,169.58083984375,2.2459497451782227,0.9130831360816956,9.502229690551758
1700823031278856000,169.59085595703124,2.255866765975952,0.911342978477478,9.500048637390137
1700823031288843000,169.60084301757811,2.2639870643615723,0.9097563028335571,9.498268127441406
1700823031298866000,169.61086596679687,2.1543235778808594,0.7741072177886963,9.535725593566895
1700823031308789000,169.6207890625,2.0918972492218018,0.7306424379348755,9.553037643432617
1700823031318899000,169.63089892578125,2.0364911556243896,0.7275655269622803,9.565237045288086
1700823031329028000,169.64102807617186,1.9854326248168945,0.7514669299125671,9.574119567871094
1700823031339045000,169.65104516601562,1.9570716619491577,0.7870856523513794,9.577096939086914
1700823031348917000,169.6609169921875,1.944045066833496,0.8264288902282715,9.576434135437012
1700823031358939000,169.67093896484374,1.941724181175232,0.8648360967636108,9.573513984680176
1700823031368911000,169.6809111328125,1.9498916864395142,0.8910361528396606,9.569450378417969
1700823031378984000,169.69098388671875,1.9596818685531616,0.900962769985199,9.566519737243652
1700823031388734000,169.70073388671875,1.9634110927581787,0.8984954953193665,9.565988540649414
1700823031398652000,169.71065185546874,1.9617607593536377,0.8936088681221008,9.56678581237793
1700823031408995000,169.7209951171875,1.9507068395614624,0.8889610767364502,9.569478034973145
1700823031418804000,169.73080395507813,1.9357398748397827,0.8877400159835815,9.572629928588867
1700823031428803000,169.74080297851563,1.9168533086776733,0.89126056432724,9.57610034942627
1700823031438787000,169.750787109375,1.8929870128631592,0.8976970314979553,9.580245971679688
1700823031449051000,169.76105078125,1.8650649785995483,0.9039236903190613,9.585136413574219
1700823031459476000,169.77147607421875,1.8344652652740479,0.9090148210525513,9.590559005737305
1700823031468901000,169.78090112304687,1.798291563987732,0.9126543998718262,9.597064018249512
1700823031478904000,169.79090405273436,1.761679768562317,0.9146019816398621,9.603665351867676
1700823031488884000,169.80088403320312,1.7255401611328125,0.9156407117843628,9.610125541687012
1700823031500095000,169.81209497070313,1.7370800971984863,1.025590419769287,9.596933364868164
1700823031508879000,169.82087915039062,1.7302558422088623,1.0550976991653442,9.594966888427734
1700823031518821000,169.83082104492186,1.7234169244766235,1.0546070337295532,9.596251487731934
1700823031528894000,169.84089404296876,1.738915205001831,1.0160943269729614,9.597611427307129
1700823031538921000,169.8509208984375,1.747798204421997,0.9355252385139465,9.604185104370117
1700823031548884000,169.86088403320312,1.7244457006454468,0.8638564348220825,9.61511516571045
1700823031558788000,169.8707880859375,1.67724609375,0.8401780128479004,9.625556945800781
1700823031568835000,169.8808349609375,1.6160136461257935,0.8378434777259827,9.636228561401367
1700823031578842000,169.89084204101562,1.5293246507644653,0.8534060716629028,9.649002075195312
1700823031588864000,169.90086401367188,1.484634518623352,0.8647504448890686,9.654970169067383
1700823031598718000,169.91071801757812,1.4395865201950073,0.87545245885849,9.660826683044434
1700823031608876000,169.9208759765625,1.3942159414291382,0.8830360770225525,9.666787147521973
1700823031621045000,169.933044921875,1.3531535863876343,0.8871846795082092,9.672242164611816
1700823031638687000,169.95068701171874,1.2932146787643433,0.8812690377235413,9.680980682373047
1700823031648651000,169.9606511230469,1.268103837966919,0.8733403086662292,9.685019493103027
1700823031658843000,169.9708427734375,1.2569348812103271,0.8632354140281677,9.687381744384766
1700823031668753000,169.9807529296875,1.2530814409255981,0.8554291129112244,9.688570976257324
1700823031678775000,169.99077514648437,1.2539262771606445,0.8506564497947693,9.688883781433105
1700823031688733000,170.00073291015624,1.2550830841064453,0.8493474125862122,9.688848495483398
1700823031698783000,170.01078295898438,1.2554165124893188,0.8502011299133301,9.688730239868164
1700823031708829000,170.02082885742186,1.253705382347107,0.8522180318832397,9.688773155212402
1700823031718792000,170.0307919921875,0.8906307816505432,0.9909917116165161,9.715714454650879
1700823031728755000,170.0407548828125,0.8854615092277527,0.9931266903877258,9.715970039367676
1700823031738764000,170.05076391601563,0.8793842792510986,0.9932280778884888,9.716510772705078
1700823031749005000,170.06100512695312,0.5743196606636047,1.0025962591171265,9.7383451461792
1700823031758935000,170.07093505859376,0.4639514088630676,0.9633479118347168,9.748186111450195
1700823031768746000,170.08074609375,0.4464583992958069,0.9221820831298828,9.752982139587402
1700823031778747000,170.09074682617188,0.45348143577575684,0.8683619499206543,9.757596969604492
1700823031788829000,170.10082885742187,0.4582809507846832,0.8615244626998901,9.757979393005371
1700823031798867000,170.11086694335938,0.46176645159721375,0.8550827503204346,9.758379936218262
1700823031808822000,170.12082202148437,0.46421268582344055,0.8503238558769226,9.758681297302246
1700823031818848000,170.13084790039062,0.46528351306915283,0.8468801975250244,9.758928298950195
1700823031828846000,170.14084619140624,0.4650421142578125,0.846394419670105,9.75898265838623
1700823031838896000,170.15089624023437,0.4343336820602417,0.8977201581001282,9.755810737609863
1700823031848844000,170.16084399414063,0.3465186059474945,1.0233973264694214,9.746947288513184
1700823031858843000,170.1708427734375,0.266683429479599,1.1354480981826782,9.737045288085938
1700823031868767000,170.18076708984376,0.2554331421852112,1.1366242170333862,9.737207412719727
1700823031878938000,170.19093823242187,0.24383272230625153,1.1370772123336792,9.737454414367676
1700823031888774000,170.20077392578125,0.23369711637496948,1.1368135213851929,9.7377347946167
1700823031898812000,170.21081201171876,0.2732704281806946,1.0996549129486084,9.740970611572266
1700823031908781000,170.22078100585938,0.36991703510284424,1.0067328214645386,9.747822761535645
1700823031918763000,170.23076293945311,0.48297640681266785,0.902554988861084,9.753077507019043
1700823031928781000,170.24078100585936,0.5624959468841553,0.8342588543891907,9.754898071289062
1700823031938767000,170.25076708984375,0.6173334717750549,0.8009490370750427,9.754372596740723
1700823031948778000,170.26077807617187,0.6748737692832947,0.7889622449874878,9.75153636932373
1700823031958897000,170.27089697265626,0.6784621477127075,0.7898723483085632,9.751214027404785
1700823031968874000,170.2808740234375,0.7491711974143982,0.8120572566986084,9.744214057922363
1700823031978883000,170.29088305664064,0.7996701002120972,0.8309265375137329,9.738608360290527
1700823031988916000,170.300916015625,0.8434528112411499,0.844124436378479,9.733779907226562
1700823031998907000,170.31090698242187,0.8736948370933533,0.8496320843696594,9.730630874633789
1700823032009092000,170.32109204101562,0.8992197513580322,0.8516635894775391,9.728127479553223
1700823032018905000,170.33090502929687,0.9303931593894958,0.8559461236000061,9.724818229675293
1700823032028884000,170.34088403320314,0.9755802154541016,0.8699445128440857,9.719148635864258
1700823032038853000,170.35085302734376,1.017800211906433,0.8945485353469849,9.712583541870117
1700823032048852000,170.36085205078126,1.047568440437317,0.925561785697937,9.706511497497559
1700823032059538000,170.37153784179688,1.0664266347885132,0.9567591547966003,9.701431274414062
1700823032068813000,170.38081298828126,1.0721627473831177,0.9598299860954285,9.700494766235352
1700823032078849000,170.39084912109374,1.0773487091064453,0.9623808264732361,9.699666023254395
1700823032088781000,170.4007810058594,1.0832377672195435,0.9635702967643738,9.698892593383789
1700823032098807000,170.41080712890624,1.089517593383789,0.9634010791778564,9.698206901550293
1700823032108967000,170.420966796875,1.0944643020629883,0.9631430506706238,9.697675704956055
1700823032118817000,170.43081713867187,1.098998785018921,0.9635267853736877,9.697123527526855
1700823032128822000,170.44082202148437,1.1039599180221558,0.9648393392562866,9.696430206298828
1700823032138853000,170.45085302734375,1.1075369119644165,0.9682537913322449,9.695682525634766
1700823032148789000,170.4607890625,1.111509919166565,0.9712591171264648,9.694927215576172
1700823032158793000,170.47079296875,1.1142469644546509,0.9752680659294128,9.69421100616455
1700823032168642000,170.48064208984374,1.1169073581695557,0.9802943468093872,9.69339656829834
1700823032178834000,170.490833984375,1.1191072463989258,0.9858683943748474,9.692577362060547
1700823032188839000,170.5008388671875,1.122567057609558,0.9920046925544739,9.69155216217041
1700823032198916000,170.510916015625,1.1273804903030396,0.9972273707389832,9.69045639038086
1700823032208988000,170.52098779296875,1.1338462829589844,1.0016624927520752,9.689245223999023
1700823032219060000,170.53106005859374,1.1408441066741943,1.0059747695922852,9.68797779083252
1700823032228925000,170.54092504882811,1.146018624305725,1.0095491409301758,9.686993598937988
1700823032239119000,170.551119140625,1.14838707447052,1.0115149021148682,9.686509132385254
1700823032248881000,170.560880859375,1.1491951942443848,1.0117557048797607,9.68638801574707
1700823032259105000,170.57110498046876,1.1499673128128052,1.0110361576080322,9.686371803283691
1700823032269096000,170.58109594726562,1.1524643898010254,1.0107096433639526,9.686107635498047
1700823032278862000,170.59086206054687,1.1559964418411255,1.0126125812530518,9.685487747192383
1700823032288895000,170.60089501953124,1.160465955734253,1.01747465133667,9.684444427490234
1700823032298924000,170.61092407226562,1.166467547416687,1.0245438814163208,9.682976722717285
1700823032308964000,170.62096411132814,1.1716153621673584,1.0331979990005493,9.681436538696289
1700823032318751000,170.6307509765625,1.1783193349838257,1.042446255683899,9.679632186889648
1700823032328787000,170.64078686523436,1.1849308013916016,1.0517948865890503,9.677813529968262
1700823032338799000,170.6507990722656,1.1862448453903198,1.0601661205291748,9.676739692687988
1700823032348797000,170.660796875,1.1855229139328003,1.0676573514938354,9.676004409790039
1700823032358807000,170.67080712890626,1.183340072631836,1.0733072757720947,9.67564582824707
1700823032368873000,170.680873046875,1.180949330329895,1.077035665512085,9.675522804260254
1700823032378830000,170.690830078125,1.1756634712219238,1.078094482421875,9.67604923248291
1700823032389083000,170.70108276367188,1.1659791469573975,1.0756152868270874,9.677495002746582
1700823032398812000,170.71081201171876,1.1558094024658203,1.0723801851272583,9.679076194763184
1700823032409234000,170.72123388671875,1.1473866701126099,1.0664876699447632,9.680728912353516
1700823032418887000,170.73088696289062,1.1422688961029053,1.0614429712295532,9.681889533996582
1700823032428787000,170.74078686523438,1.1382365226745605,1.055456280708313,9.68301773071289
1700823032438868000,170.7508679199219,1.1340285539627075,1.0466525554656982,9.684468269348145
1700823032448807000,170.76080688476563,1.131609320640564,1.0370017290115356,9.68578815460205
1700823032458860000,170.77086010742187,1.1308529376983643,1.0279449224472046,9.686841011047363
1700823032468836000,170.78083618164064,1.1337977647781372,1.0210615396499634,9.687226295471191
1700823032478853000,170.79085302734376,1.1380366086959839,1.014731764793396,9.687392234802246
1700823032488854000,170.80085400390624,1.139971375465393,1.0078203678131104,9.687887191772461
1700823032498862000,170.81086206054687,1.139068603515625,1.0003706216812134,9.688766479492188
1700823032508858000,170.82085815429687,1.1372346878051758,0.9929398894309998,9.68974494934082
1700823032518856000,170.83085595703125,1.1360667943954468,0.9861878156661987,9.690572738647461
1700823032528842000,170.84084204101563,1.1356536149978638,0.9812561869621277,9.691122055053711
1700823032538876000,170.8508759765625,1.1370325088500977,0.9787743091583252,9.691210746765137
1700823032548882000,170.8608818359375,1.141251564025879,0.9784189462661743,9.690751075744629
1700823032558912000,170.870912109375,1.147943377494812,0.9796087145805359,9.689839363098145
1700823032569005000,170.8810051269531,1.155025839805603,0.9827700853347778,9.688678741455078
1700823032578901000,170.89090087890625,1.16057288646698,0.98734050989151,9.687549591064453
1700823032588870000,170.90086987304687,1.1657977104187012,0.9924667477607727,9.686399459838867
1700823032598836000,170.9108359375,1.1706246137619019,0.997623085975647,9.685288429260254
1700823032609087000,170.9210869140625,1.1732710599899292,1.0031638145446777,9.684394836425781
1700823032618861000,170.93086108398438,1.1752032041549683,1.009496808052063,9.683500289916992
1700823032628846000,170.94084619140625,1.1748913526535034,1.0167840719223022,9.682777404785156
1700823032638842000,170.95084204101562,1.17050039768219,1.0253466367721558,9.682405471801758
1700823032648870000,170.96086987304687,1.161189317703247,1.032472014427185,9.682768821716309
1700823032659036000,170.97103588867188,1.1482958793640137,1.0365341901779175,9.683874130249023
1700823032670133000,170.98213305664063,1.1318968534469604,1.035592794418335,9.685904502868652
1700823032678733000,170.99073315429686,1.1174352169036865,1.0329437255859375,9.687868118286133
1700823032689092000,171.00109204101562,1.0949506759643555,1.0253677368164062,9.691238403320312
1700823032698716000,171.0107158203125,1.0691434144973755,1.0173965692520142,9.694958686828613
1700823032708808000,171.02080786132814,1.03989839553833,1.009007215499878,9.699017524719238
1700823032718693000,171.03069311523439,1.0118837356567383,1.000483751296997,9.702860832214355
1700823032728719000,171.04071899414063,0.9861340522766113,0.9900050163269043,9.706586837768555
1700823032738868000,171.05086791992187,0.9624778628349304,0.9777344465255737,9.710205078125
1700823032748721000,171.06072094726562,0.9412287473678589,0.9653642177581787,9.713523864746094
1700823032758776000,171.07077612304687,0.9217267632484436,0.9521920084953308,9.716694831848145
1700823032768608000,171.08060791015626,0.9038269519805908,0.9393483400344849,9.719626426696777
1700823032778853000,171.09085302734374,0.885064959526062,0.9257569909095764,9.722655296325684
1700823032788975000,171.10097509765626,0.8683516979217529,0.9128668308258057,9.72537899017334
1700823032798872000,171.1108720703125,0.8546802997589111,0.901744544506073,9.727628707885742
1700823032809079000,171.1210791015625,0.8458277583122253,0.8942252993583679,9.729095458984375
1700823032818899000,171.13089892578125,0.8398521542549133,0.8906816244125366,9.729939460754395
1700823032828835000,171.1408349609375,0.8350988626480103,0.8907356858253479,9.730344772338867
1700823032838986000,171.15098608398438,0.8322703242301941,0.8930372595787048,9.730375289916992
1700823032849226000,171.16122607421875,0.8290969729423523,0.8970783352851868,9.730276107788086
1700823032858805000,171.17080493164062,0.8295441269874573,0.9004018902778625,9.729930877685547
1700823032868870000,171.18086987304687,0.8348714709281921,0.9027303457260132,9.72925853729248
1700823032878884000,171.19088403320313,0.8402736186981201,0.9051353931427002,9.728569030761719
1700823032888895000,171.20089501953126,0.8449345827102661,0.9065884947776794,9.728031158447266
1700823032898775000,171.21077514648437,0.849082350730896,0.9070920348167419,9.727622985839844
1700823032908796000,171.2207958984375,0.8511562347412109,0.9081164598464966,9.727344512939453
1700823032919143000,171.23114282226564,0.8503180146217346,0.9112050533294678,9.727130889892578
1700823032928830000,171.24082983398438,0.8458172082901001,0.9160074591636658,9.727070808410645
1700823032938775000,171.2507751464844,0.8404454588890076,0.9212465286254883,9.727042198181152
1700823032948769000,171.26076904296875,0.8407447338104248,0.9255343079566956,9.72661018371582
1700823032958834000,171.270833984375,0.8620786070823669,0.931445300579071,9.7241792678833
1700823032968809000,171.28080908203125,0.8812252283096313,0.9391539692878723,9.721717834472656
1700823032978803000,171.29080297851561,0.8952087163925171,0.9482672214508057,9.719557762145996
1700823032988853000,171.30085302734375,0.9041083455085754,0.9597370028495789,9.717607498168945
1700823032998811000,171.31081079101563,0.9090192317962646,0.9723165035247803,9.715898513793945
1700823033009046000,171.3210458984375,0.9128475785255432,0.9831944704055786,9.714445114135742
1700823033018880000,171.3308798828125,0.9202890992164612,0.990654706954956,9.712985038757324
1700823033028887000,171.34088696289064,0.9315341114997864,0.995070219039917,9.711461067199707
1700823033039192000,171.35119213867188,0.9410317540168762,0.9977771043777466,9.710269927978516
1700823033048857000,171.36085717773437,0.9474714398384094,0.9992313981056213,9.709491729736328
1700823033058913000,171.3709130859375,0.9509943127632141,0.9993529915809631,9.709134101867676
1700823033069029000,171.38102905273436,0.9502750635147095,0.9979510307312012,9.709348678588867
1700823033079018000,171.39101806640625,0.9450167417526245,0.9955328702926636,9.710110664367676
1700823033089109000,171.40110888671876,0.9378186464309692,0.9929080605506897,9.711078643798828
1700823033098871000,171.41087109375,0.9304785132408142,0.991026759147644,9.711976051330566
1700823033108857000,171.42085717773438,0.9239861965179443,0.9901315569877625,9.712686538696289
1700823033118934000,171.43093408203126,0.9209197759628296,0.9895280599594116,9.713040351867676
1700823033128914000,171.44091381835938,0.9228197932243347,0.9890657067298889,9.712904930114746
1700823033139018000,171.45101806640625,0.9267688393592834,0.9890738725662231,9.712530136108398
1700823033148912000,171.460912109375,0.9350401163101196,0.9889064431190491,9.711755752563477
1700823033158771000,171.47077099609376,0.9471253752708435,0.9884215593338013,9.71063232421875
1700823033168957000,171.48095703125,0.9597095847129822,0.9882862567901611,9.709410667419434
1700823033178797000,171.49079711914064,0.9731111526489258,0.9887585639953613,9.708028793334961
1700823033188842000,171.50084204101563,0.988139808177948,0.9893497824668884,9.706451416015625
1700823033198985000,171.51098486328124,1.0038084983825684,0.9888654947280884,9.7048921585083
1700823033208663000,171.5206630859375,1.0183043479919434,0.9859622120857239,9.703676223754883
1700823033218750000,171.53075,1.0316002368927002,0.9823921918869019,9.702632904052734
1700823033228771000,171.54077099609376,1.0470417737960815,0.9777183532714844,9.701451301574707
1700823033238914000,171.5509140625,1.0687286853790283,0.9736781716346741,9.699492454528809
1700823033248730000,171.5607302246094,1.0990229845046997,0.9720900058746338,9.696268081665039
1700823033258749000,171.5707490234375,1.1348845958709717,0.974849283695221,9.691858291625977
1700823033268798000,171.5807978515625,1.1634955406188965,0.9776163697242737,9.68818473815918
1700823033278798000,171.59079809570312,1.185439944267273,0.9771636724472046,9.685569763183594
1700823033289076000,171.60107592773437,1.2044775485992432,0.9744666814804077,9.683494567871094
1700823033298912000,171.610912109375,1.2231292724609375,0.9699892401695251,9.681604385375977
1700823033308906000,171.62090600585938,1.2413731813430786,0.9664932489395142,9.679632186889648
1700823033319008000,171.63100805664064,1.2560741901397705,0.9671633839607239,9.677668571472168
1700823033328913000,171.64091284179688,1.2697525024414062,0.9706737399101257,9.675531387329102
1700823033339140000,171.65114013671874,1.2823668718338013,0.9785565733909607,9.673075675964355
1700823033349081000,171.6610810546875,1.2984850406646729,0.9885536432266235,9.669905662536621
1700823033358850000,171.67085009765626,1.3213441371917725,1.0002613067626953,9.665604591369629
1700823033368972000,171.68097192382814,1.3460958003997803,1.0128370523452759,9.660880088806152
1700823033378845000,171.69084497070313,1.3710969686508179,1.0253890752792358,9.656038284301758
1700823033388926000,171.70092602539063,1.3910562992095947,1.0354893207550049,9.652103424072266
1700823033398863000,171.71086303710936,1.4028476476669312,1.0410434007644653,9.649800300598145
1700823033408781000,171.72078100585938,1.407632827758789,1.0408738851547241,9.64912223815918
1700823033418940000,171.73093994140626,1.4077625274658203,1.036683440208435,9.649553298950195
1700823033428792000,171.7407919921875,1.4037349224090576,1.0292980670928955,9.650932312011719
1700823033438826000,171.75082592773438,1.3961553573608398,1.0197466611862183,9.653044700622559
1700823033448769000,171.76076904296875,1.3884575366973877,1.0094187259674072,9.655240058898926
1700823033458798000,171.77079809570313,1.383721113204956,1.0001006126403809,9.656889915466309
1700823033468907000,171.78090698242187,1.3827552795410156,0.9933212995529175,9.65772819519043
1700823033478923000,171.79092309570314,1.3871031999588013,0.9921046495437622,9.65722942352295
1700823033488806000,171.80080590820313,1.3910011053085327,0.9923107028007507,9.656646728515625
1700823033498900000,171.81089990234375,1.395005702972412,0.9935817122459412,9.655938148498535
1700823033509082000,171.82108203125,1.3990651369094849,0.9949711561203003,9.655208587646484
1700823033518943000,171.83094287109375,1.4010329246520996,0.991854190826416,9.655243873596191
1700823033528844000,171.8408439941406,1.4044979810714722,0.9847884774208069,9.655463218688965
1700823033538759000,171.85075903320313,1.4107909202575684,0.975642740726471,9.655473709106445
1700823033548771000,171.86077099609375,1.417044997215271,0.9694955945014954,9.65517807006836
1700823033558801000,171.87080078125,1.4187629222869873,0.9674173593521118,9.655133247375488
1700823033568750000,171.88075,1.4241653680801392,0.9723542332649231,9.653841972351074
1700823033578778000,171.89077807617187,1.4353563785552979,0.9865543246269226,9.650745391845703
1700823033588888000,171.90088818359374,1.4637495279312134,1.0080208778381348,9.644258499145508
1700823033598828000,171.910828125,1.5014526844024658,1.0279039144515991,9.636360168457031
1700823033608854000,171.92085400390624,1.5381428003311157,1.039319634437561,9.62934684753418
1700823033618676000,171.93067602539062,1.5662291049957275,1.0412378311157227,9.624610900878906
1700823033628821000,171.94082104492188,1.5902669429779053,1.034508466720581,9.621395111083984
1700823033638861000,171.95086108398436,1.6105083227157593,1.024719476699829,9.619074821472168
1700823033648864000,171.96086401367188,1.6296753883361816,1.0166528224945068,9.616701126098633
1700823033658801000,171.97080078125,1.6419763565063477,1.0094231367111206,9.615370750427246
1700823033668850000,171.98084985351562,1.6702979803085327,1.0117732286453247,9.610245704650879
1700823033678891000,171.99089111328124,1.7049106359481812,1.01907479763031,9.603394508361816
1700823033688881000,172.000880859375,1.7280977964401245,1.0189955234527588,9.599255561828613
1700823033699046000,172.0110458984375,1.7415549755096436,1.0195481777191162,9.59676456451416
1700823033709022000,172.02102197265626,1.7471050024032593,1.0204112529754639,9.59566593170166
1700823033718819000,172.03081909179687,1.7701146602630615,1.0145338773727417,9.592069625854492
1700823033728695000,172.04069506835938,1.7998840808868408,1.0078014135360718,9.587238311767578
1700823033741142000,172.05314208984376,1.8363676071166992,1.0024827718734741,9.580876350402832
1700823033758680000,172.07068017578126,1.8850091695785522,1.0027984380722046,9.571392059326172
1700823033768782000,172.08078198242188,1.9037913084030151,1.0050017833709717,9.567442893981934
1700823033778756000,172.09075610351562,1.922054409980774,1.0127625465393066,9.562972068786621
1700823033788716000,172.10071606445314,1.9387898445129395,1.0254583358764648,9.55823802947998
1700823033798757000,172.11075708007812,1.9536700248718262,1.038411021232605,9.553810119628906
1700823033808831000,172.1208310546875,1.9676955938339233,1.046471357345581,9.550050735473633
1700823033818700000,172.13069995117186,1.9840627908706665,1.0492541790008545,9.546358108520508
1700823033828717000,172.14071704101562,2.006082057952881,1.0490899085998535,9.54177188873291
1700823033838871000,172.15087109375,2.031851053237915,1.0481386184692383,9.536423683166504
1700823033848849000,172.16084887695314,2.0587334632873535,1.048032283782959,9.530668258666992
1700823033858912000,172.170912109375,2.08506178855896,1.0497937202453613,9.524748802185059
1700823033868829000,172.1808288574219,2.1076865196228027,1.0532362461090088,9.519388198852539
1700823033878814000,172.19081396484376,2.1259684562683105,1.059373140335083,9.514640808105469
1700823033888739000,172.20073901367186,2.1435320377349854,1.0660256147384644,9.509956359863281
1700823033898823000,172.21082299804686,2.1617276668548584,1.0693936347961426,9.505457878112793
1700823033908829000,172.22082885742188,2.1761112213134766,1.0668857097625732,9.502456665039062
1700823033918882000,172.23088208007812,2.1899960041046143,1.059975266456604,9.500041961669922
1700823033928702000,172.24070190429688,2.20658540725708,1.0504165887832642,9.497262954711914
1700823033938871000,172.25087109375,2.2264225482940674,1.0391101837158203,9.493876457214355
1700823033948846000,172.26084619140624,2.2446911334991455,1.0290905237197876,9.490665435791016
1700823033958855000,172.27085498046876,2.2555885314941406,1.0229393243789673,9.488747596740723
1700823033968886000,172.28088598632812,2.256382942199707,1.0200769901275635,9.488866806030273
1700823033978845000,172.29084497070312,2.249906301498413,1.0185688734054565,9.490565299987793
1700823033988917000,172.3009169921875,2.240936279296875,1.0192065238952637,9.492619514465332
1700823033998895000,172.31089501953124,2.232264280319214,1.0196852684020996,9.494611740112305
1700823034008871000,172.32087084960938,2.2238340377807617,1.0175330638885498,9.496820449829102
1700823034018935000,172.33093505859375,2.2165932655334473,1.011008620262146,9.499208450317383
1700823034028712000,172.3407119140625,2.213926076889038,1.0007470846176147,9.5009183883667
1700823034038918000,172.35091796875,2.2526423931121826,1.0238734483718872,9.489344596862793
1700823034048919000,172.3609189453125,2.278132915496826,1.0492513179779053,9.480484962463379
1700823034058821000,172.37082104492188,2.282200574874878,1.0655685663223267,9.47768497467041
1700823034068766000,172.38076586914062,2.2722535133361816,1.0766714811325073,9.478819847106934
1700823034078924000,172.39092407226562,2.254227876663208,1.0852832794189453,9.482142448425293
1700823034088799000,172.4007990722656,2.240396499633789,1.092350721359253,9.484607696533203
1700823034098899000,172.41089892578125,2.2391791343688965,1.1051830053329468,9.483407974243164
1700823034108863000,172.42086303710937,2.2400429248809814,1.1121827363967896,9.482385635375977
1700823034119272000,172.43127197265625,2.2366554737091064,1.1095882654190063,9.483489990234375
1700823034128874000,172.4408740234375,2.231307029724121,1.102989912033081,9.485519409179688
1700823034138907000,172.45090698242188,2.221585988998413,1.0918793678283691,9.489084243774414
1700823034148875000,172.460875,2.196216344833374,1.0751721858978271,9.496895790100098
1700823034158667000,172.4706669921875,2.160823106765747,1.0583280324935913,9.506901741027832
1700823034168974000,172.48097412109374,2.1283581256866455,1.0455492734909058,9.515636444091797
1700823034178947000,172.49094702148437,2.1041462421417236,1.0376113653182983,9.521886825561523
1700823034189311000,172.50131103515625,2.0817606449127197,1.0339847803115845,9.527199745178223
1700823034198649000,172.51064916992186,2.0640347003936768,1.0391863584518433,9.53049087524414
1700823034208723000,172.52072290039064,2.0402841567993164,1.0439324378967285,9.53508472442627
1700823034218717000,172.53071704101563,2.01338529586792,1.0432970523834229,9.540871620178223
1700823034228739000,172.54073901367187,1.9893379211425781,1.0381492376327515,9.546475410461426
1700823034238782000,172.55078198242188,1.973392367362976,1.0302668809890747,9.550637245178223
1700823034248787000,172.56078686523438,1.961702823638916,1.0210285186767578,9.554038047790527
1700823034258781000,172.57078100585937,1.9492995738983154,1.0074690580368042,9.558015823364258
1700823034269006000,172.58100610351562,1.9356714487075806,0.9892638325691223,9.562685012817383
1700823034278849000,172.59084912109375,1.920331597328186,0.9658353328704834,9.568169593811035
1700823034288870000,172.60086987304686,1.9043869972229004,0.9412354230880737,9.573806762695312
1700823034298772000,172.61077197265624,1.8893758058547974,0.917797863483429,9.579054832458496
1700823034308741000,172.6207412109375,1.8760051727294922,0.899024486541748,9.583463668823242
1700823034319093000,172.63109301757814,1.866908311843872,0.8827113509178162,9.586756706237793
1700823034328798000,172.6407978515625,1.8696751594543457,0.868989109992981,9.587470054626465
1700823034338942000,172.65094189453126,1.884768009185791,0.8591434359550476,9.585400581359863
1700823034349052000,172.66105200195312,1.9075706005096436,0.8540350198745728,9.581344604492188
1700823034358879000,172.67087890625,1.9307185411453247,0.8498425483703613,9.577081680297852
1700823034369194000,172.68119409179687,1.9496541023254395,0.8416981101036072,9.57396411895752
1700823034378904000,172.69090405273437,1.9639877080917358,0.8264318108558655,9.572365760803223
1700823034388898000,172.70089794921876,1.975509524345398,0.8050810098648071,9.571812629699707
1700823034398852000,172.71085205078126,1.9824320077896118,0.7816150784492493,9.57232666015625
1700823034408933000,172.72093310546876,1.9774352312088013,0.7612342834472656,9.575000762939453
1700823034418871000,172.73087109375,1.954593300819397,0.7449904084205627,9.580967903137207
1700823034428774000,172.74077392578124,1.9290239810943604,0.7309171557426453,9.587231636047363
1700823034438831000,172.7508310546875,1.9154115915298462,0.7209177613258362,9.590718269348145
1700823034448806000,172.76080590820314,1.9129765033721924,0.7140946388244629,9.591714859008789
1700823034458813000,172.77081298828125,1.9110008478164673,0.7108396887779236,9.592350006103516
1700823034468913000,172.78091284179686,1.9018758535385132,0.7083616256713867,9.594346046447754
1700823034478928000,172.7909279785156,1.690832495689392,0.6989572644233704,9.634466171264648
1700823034488738000,172.80073803710937,1.6190037727355957,0.683877170085907,9.64787769317627
1700823034498938000,172.81093823242188,1.581234335899353,0.6668094396591187,9.655332565307617
1700823034510914000,172.8229140625,1.549439549446106,0.6360688209533691,9.662559509277344
1700823034520264000,172.83226391601562,1.528030276298523,0.5999433398246765,9.668278694152832
1700823034528769000,172.84076904296876,1.505899429321289,0.5682500004768372,9.673664093017578
1700823034538777000,172.8507770996094,1.48476243019104,0.548664391040802,9.678059577941895
1700823034548868000,172.8608681640625,1.4831463098526,0.5403642058372498,9.6787748336792
1700823034558781000,172.87078100585939,1.4548910856246948,0.5187047123908997,9.684247016906738
1700823034569807000,172.88180712890625,1.4242010116577148,0.4993944764137268,9.68982219696045
1700823034578862000,172.89086206054688,1.3914722204208374,0.4829244017601013,9.695409774780273
1700823034588908000,172.90090795898436,1.361968755722046,0.47204527258872986,9.70013427734375
1700823034598895000,172.91089501953124,1.3329805135726929,0.4659487009048462,9.704456329345703
1700823034608887000,172.92088696289062,1.435583472251892,0.5762634873390198,9.68387508392334
1700823034619010000,172.93101000976563,1.4456465244293213,0.5965548753738403,9.681147575378418
1700823034628996000,172.94099609375,1.4295587539672852,0.5930150151252747,9.683754920959473
1700823034638871000,172.95087109375,1.4147902727127075,0.5865262150764465,9.686317443847656
1700823034648845000,172.96084497070314,1.3993334770202637,0.5744765996932983,9.689286231994629
1700823034658844000,172.97084399414064,1.3786518573760986,0.556523323059082,9.693297386169434
1700823034668865000,172.98086499023438,1.3506351709365845,0.5347030758857727,9.698467254638672
1700823034678843000,172.9908427734375,1.315995216369629,0.5134826302528381,9.704375267028809
1700823034688803000,173.00080297851562,1.2768422365188599,0.4952808916568756,9.710549354553223
1700823034698909000,173.01090893554687,1.236388087272644,0.4796387851238251,9.716567039489746
1700823034708878000,173.02087817382812,1.2131532430648804,0.47207918763160706,9.719865798950195
1700823034719070000,173.03107006835938,1.1924071311950684,0.46460577845573425,9.722793579101562
1700823034728996000,173.04099609375,1.1728174686431885,0.4586062431335449,9.72546100616455
1700823034738899000,173.05089892578124,1.1603717803955078,0.454106867313385,9.727164268493652
1700823034748867000,173.0608671875,1.1571458578109741,0.4489090144634247,9.727789878845215
1700823034758859000,173.07085888671875,1.1599457263946533,0.4421674311161041,9.727764129638672
1700823034769003000,173.0810029296875,1.163144826889038,0.43591392040252686,9.72766399383545
1700823034778919000,173.0909189453125,1.169325590133667,0.4288751184940338,9.727237701416016
1700823034788904000,173.10090405273436,1.1792583465576172,0.4225853681564331,9.726313591003418
1700823034799509000,173.11150903320313,1.1898293495178223,0.41731151938438416,9.725253105163574
1700823034808714000,173.1207138671875,1.1991735696792603,0.41531801223754883,9.724190711975098
1700823034818838000,173.1308381347656,1.2054998874664307,0.41904112696647644,9.723248481750488
1700823034828859000,173.14085888671875,1.2106587886810303,0.4227280020713806,9.722448348999023
1700823034838661000,173.1506611328125,1.2191332578659058,0.42469021677970886,9.721303939819336
1700823034848711000,173.1607109375,1.2296218872070312,0.4235472083091736,9.72003173828125
1700823034858732000,173.17073193359374,1.2374199628829956,0.4182116687297821,9.719273567199707
1700823034868715000,173.18071508789063,1.2406284809112549,0.4068269431591034,9.719347953796387
1700823034878747000,173.19074682617187,1.2368711233139038,0.38869741559028625,9.720569610595703
1700823034888754000,173.20075390625,1.228509545326233,0.3642512559890747,9.722576141357422
1700823034898771000,173.21077099609374,1.2183189392089844,0.33398762345314026,9.724945068359375
1700823034908762000,173.22076220703124,1.2078765630722046,0.298305481672287,9.727407455444336
1700823034918740000,173.23073999023438,1.2017799615859985,0.2662207782268524,9.729093551635742
1700823034928788000,173.2407880859375,1.1969003677368164,0.2328513115644455,9.730549812316895
1700823034938782000,173.25078198242187,1.1945178508758545,0.20299890637397766,9.731512069702148
1700823034948875000,173.260875,1.1909774541854858,0.17628595232963562,9.732465744018555
1700823034958807000,173.27080712890626,1.1825112104415894,0.1505894958972931,9.733928680419922
1700823034968757000,173.28075708007813,1.169669270515442,0.13050708174705505,9.735773086547852
1700823034978746000,173.29074609375,1.1439497470855713,0.1059890165925026,9.739124298095703
1700823034988688000,173.30068798828125,1.110494613647461,0.07858838140964508,9.743255615234375
1700823034998830000,173.310830078125,1.0669289827346802,0.051598671823740005,9.748302459716797
1700823035008950000,173.32094995117188,1.0163480043411255,0.029562195762991905,9.75379753112793
1700823035018877000,173.330876953125,0.9634113311767578,0.013627543114125729,9.759204864501953
1700823035028739000,173.34073901367188,0.9061924815177917,0.00021247370750643313,9.764693260192871
1700823035039485000,173.35148486328126,0.8507832884788513,-0.011636369861662388,9.769669532775879
1700823035048886000,173.36088598632813,0.8007745146751404,-0.022449441254138947,9.773877143859863
1700823035058866000,173.37086596679688,0.7416127324104309,-0.0352758951485157,9.778505325317383
1700823035068884000,173.38088403320313,0.6773959994316101,-0.04931319132447243,9.78310489654541
1700823035078665000,173.3906650390625,0.7205541729927063,-0.060453008860349655,9.77995777130127
1700823035088710000,173.4007099609375,0.9604741334915161,-0.07257336378097534,9.759232521057129
1700823035098828000,173.410828125,1.2324124574661255,-0.0794026255607605,9.728577613830566
1700823035108905000,173.42090502929688,1.1570359468460083,-0.0931038185954094,9.737709999084473
1700823035118799000,173.43079907226561,1.0754694938659668,-0.10872019827365875,9.746894836425781
1700823035128747000,173.4407470703125,1.001357913017273,-0.1145583987236023,9.754719734191895
1700823035138911000,173.45091088867187,1.196815013885498,-0.06646306067705154,9.73311996459961
1700823035148714000,173.4607138671875,1.379962682723999,-0.03165273740887642,9.709022521972656
1700823035158790000,173.47078979492187,1.5597656965255737,-0.01818476803600788,9.681797981262207
1700823035169038000,173.4810380859375,1.7300422191619873,-0.033185940235853195,9.65278434753418
1700823035178813000,173.49081298828125,1.8567203283309937,-0.06438304483890533,9.62906265258789
1700823035188812000,173.50081201171875,1.9599411487579346,-0.08463935554027557,9.608426094055176
1700823035198748000,173.5107478027344,2.0673818588256836,-0.040214814245700836,9.586172103881836
1700823035208906000,173.5209060058594,1.9609979391098022,-0.04828501492738724,9.6084623336792
1700823035219485000,173.53148486328126,1.8494170904159546,-0.05557078868150711,9.630521774291992
1700823035228863000,173.54086303710938,1.7366905212402344,-0.05965835228562355,9.651464462280273
1700823035238894000,173.55089404296876,1.6207939386367798,-0.05970160663127899,9.671601295471191
1700823035248966000,173.5609658203125,1.4955161809921265,-0.05554185435175896,9.69178581237793
1700823035258897000,173.57089697265624,1.3741116523742676,-0.04913637042045593,9.709776878356934
1700823035268749000,173.5807490234375,1.2499749660491943,-0.04245704039931297,9.726570129394531
1700823035278897000,173.59089697265625,1.1118916273117065,-0.03820551931858063,9.74333667755127
1700823035288894000,173.60089404296875,0.9523884057998657,-0.03959229961037636,9.760213851928711
1700823035298773000,173.61077294921876,0.7562836408615112,-0.044815294444561005,9.77734375
1700823035308844000,173.6208439941406,0.5440823435783386,-0.050220660865306854,9.791417121887207
1700823035318857000,173.63085693359375,0.33582594990730286,-0.05560702830553055,9.800742149353027
1700823035328853000,173.64085302734375,0.13042378425598145,-0.055105216801166534,9.805628776550293
1700823035338861000,173.65086108398438,-0.05231061950325966,-0.04165332391858101,9.806422233581543
1700823035348705000,173.660705078125,-0.2011854201555252,-0.01526829693466425,9.804574966430664
1700823035358895000,173.67089501953126,-0.3187146484851837,0.010768062435090542,9.80146312713623
1700823035369170000,173.681169921875,-0.45707449316978455,0.017807751893997192,9.795976638793945
1700823035378905000,173.69090502929689,-0.6125216484069824,0.002069499809294939,9.78750228881836
1700823035388876000,173.7008759765625,-0.7517144680023193,-0.014942132867872715,9.777786254882812
1700823035398708000,173.7107080078125,-0.8780419230461121,-0.023478198796510696,9.767234802246094
1700823035408871000,173.72087084960938,-1.0092811584472656,-0.025497721508145332,9.754541397094727
1700823035418917000,173.73091723632814,-1.1361615657806396,-0.018755845725536346,9.740592956542969
1700823035428869000,173.740869140625,-1.2617419958114624,-0.0029918754007667303,9.725143432617188
1700823035438890000,173.75088989257813,-1.3590502738952637,0.012314707040786743,9.712015151977539
1700823035448863000,173.76086303710937,-1.4241613149642944,0.019019758328795433,9.702668190002441
1700823035458889000,173.77088891601562,-1.477721095085144,0.012597031891345978,9.694668769836426
1700823035468911000,173.7809111328125,-1.5110172033309937,-0.006503683049231768,9.689539909362793
1700823035478896000,173.7908962402344,-1.497648000717163,-0.018722528591752052,9.691601753234863
1700823035488870000,173.80086987304688,-1.4442524909973145,-0.01210807915776968,9.699710845947266
1700823035498702000,173.8107021484375,-1.385133981704712,0.0009241290972568095,9.70833683013916
1700823035509132000,173.82113208007812,-1.3417384624481201,0.007556991185992956,9.71442699432373
1700823035519657000,173.83165698242186,-1.3215256929397583,0.005347790662199259,9.717198371887207
1700823035528745000,173.84074487304687,-1.337839126586914,-0.009872866794466972,9.714961051940918
1700823035538763000,173.85076293945312,-1.3946399688720703,-0.0332353301346302,9.706918716430664
1700823035548636000,173.86063598632813,-1.4770575761795044,-0.05494388937950134,9.694621086120605
1700823035558777000,173.87077709960937,-1.5674006938934326,-0.06411124020814896,9.680370330810547
1700823035568769000,173.88076904296875,-1.6231471300125122,-0.0500686839222908,9.671260833740234
1700823035578664000,173.89066381835937,-1.6068296432495117,-0.015448036603629589,9.674102783203125
1700823035588798000,173.9007978515625,-1.541966438293457,0.025959493592381477,9.684630393981934
1700823035598716000,173.9107158203125,-1.4737515449523926,0.046661507338285446,9.695167541503906
1700823035608879000,173.92087915039062,-1.3938450813293457,0.050666943192481995,9.706958770751953
1700823035618864000,173.93086401367188,-1.3377304077148438,0.04674860090017319,9.71487045288086
1700823035628912000,173.940912109375,-1.3266326189041138,0.046700961887836456,9.716390609741211
1700823035638881000,173.95088110351563,-1.3390928506851196,0.05677519738674164,9.714627265930176
1700823035648902000,173.96090185546876,-1.3694062232971191,0.07734394073486328,9.710259437561035
1700823035658750000,173.97075,-1.4216303825378418,0.08966448903083801,9.702644348144531
1700823035668880000,173.9808798828125,-1.4595236778259277,0.08208119869232178,9.697083473205566
1700823035678890000,173.99088989257814,-1.4584558010101318,0.0697358027100563,9.697342872619629
1700823035688818000,174.00081787109374,-1.4102882146835327,0.0590510331094265,9.704535484313965
1700823035698791000,174.010791015625,-1.3479671478271484,0.05190291255712509,9.713430404663086
1700823035708876000,174.0208759765625,-1.2967618703842163,0.05228928476572037,9.720393180847168
1700823035718827000,174.03082690429687,-1.2458984851837158,0.057814184576272964,9.72701358795166
1700823035728817000,174.04081689453125,-1.210126280784607,0.05902706831693649,9.731521606445312
1700823035738817000,174.05081713867187,-1.2117741107940674,0.030272096395492554,9.731450080871582
1700823035748903000,174.06090283203125,-1.2360223531723022,-0.005987842567265034,9.728442192077637
1700823035758907000,174.0709069824219,-1.2209903001785278,-0.030193770304322243,9.73029613494873
1700823035768864000,174.08086401367189,-1.1742384433746338,-0.036110009998083115,9.736030578613281
1700823035778908000,174.0909079589844,-1.122573733329773,-0.03540449216961861,9.7421236038208
1700823035788834000,174.100833984375,-1.0792244672775269,-0.03451397269964218,9.74702262878418
1700823035798863000,174.11086303710937,-1.045480489730835,-0.03270195424556732,9.750707626342773
1700823035808799000,174.1207990722656,-1.0331476926803589,-0.03457213193178177,9.7520170211792
1700823035818732000,174.13073193359375,-1.0382716655731201,-0.04221826419234276,9.751442909240723
1700823035828890000,174.14089013671875,-1.0509318113327026,-0.05035948380827904,9.750048637390137
1700823035838869000,174.15086889648438,-1.0448498725891113,-0.05503770709037781,9.7506742477417
1700823035848759000,174.16075903320314,-1.014407992362976,-0.055153150111436844,9.753889083862305
1700823035859172000,174.17117211914064,-0.9713426828384399,-0.052255380898714066,9.758286476135254
1700823035868765000,174.1807648925781,-0.9294692873954773,-0.042022742331027985,9.762413024902344
1700823035878801000,174.19080078125,-0.8986702561378479,-0.025711072608828545,9.76535415649414
1700823035888837000,174.20083715820311,-0.8763701915740967,-0.00812748447060585,9.767410278320312
1700823035899091000,174.21109106445311,-0.8653537034988403,0.006685176864266396,9.768393516540527
1700823035908835000,174.2208349609375,-0.8625707626342773,0.015845511108636856,9.76862907409668
1700823035918735000,174.23073510742188,-0.8428192138671875,0.019210604950785637,9.770347595214844
1700823035928766000,174.24076586914063,-0.7774573564529419,0.030327625572681427,9.775735855102539
1700823035938754000,174.25075415039063,-0.693790078163147,0.052111297845840454,9.781940460205078
1700823035948727000,174.26072705078124,-0.6179366707801819,0.07973287999629974,9.78683853149414
1700823035958790000,174.27078979492188,-0.5515127778053284,0.10820552706718445,9.790534019470215
1700823035968724000,174.28072387695312,-0.4913298189640045,0.13166122138500214,9.793448448181152
1700823035978868000,174.29086791992188,-0.4369301199913025,0.15011194348335266,9.79576301574707
1700823035988901000,174.30090112304688,-0.383447527885437,0.16748978197574615,9.797720909118652
1700823036002496000,174.31449609375,-0.3223673403263092,0.18919716775417328,9.79952621459961
1700823036018909000,174.3309089355469,-0.1545277237892151,0.23112697899341583,9.802709579467773
1700823036029554000,174.34155395507813,-0.06168985739350319,0.2555643618106842,9.803125381469727
1700823036038936000,174.35093603515625,0.022504093125462532,0.2819669246673584,9.802570343017578
1700823036049529000,174.36152905273437,0.10521569848060608,0.30975422263145447,9.801193237304688
1700823036058780000,174.37077978515626,0.1804886758327484,0.33719488978385925,9.799189567565918
1700823036068784000,174.3807841796875,0.24203824996948242,0.35964053869247437,9.797064781188965
1700823036078797000,174.39079711914061,0.31107378005981445,0.37874242663383484,9.794395446777344
1700823036088791000,174.400791015625,0.40098610520362854,0.4020440876483917,9.790197372436523
1700823036098814000,174.41081396484375,0.4885188639163971,0.42395898699760437,9.785295486450195
1700823036108994000,174.420994140625,0.5808441042900085,0.44630351662635803,9.779254913330078
1700823036118684000,174.43068383789063,0.6856862902641296,0.46994948387145996,9.771354675292969
1700823036128773000,174.44077319335938,0.8018640875816345,0.4930597245693207,9.761368751525879
1700823036138722000,174.45072216796876,0.8977531790733337,0.5114049315452576,9.752071380615234
1700823036148902000,174.46090185546876,0.9641829133033752,0.5262994170188904,9.744935035705566
1700823036158845000,174.47084497070313,1.0178449153900146,0.5404583215713501,9.738700866699219
1700823036168810000,174.48081005859376,1.076622724533081,0.552396297454834,9.731708526611328
1700823036178839000,174.4908391113281,1.1637293100357056,0.5666486620903015,9.720856666564941
1700823036188889000,174.50088916015625,1.2684990167617798,0.5805267095565796,9.706920623779297
1700823036198950000,174.51094995117188,1.3722203969955444,0.5885781645774841,9.692315101623535
1700823036208890000,174.52089013671875,1.461898922920227,0.5937389135360718,9.678879737854004
1700823036218918000,174.53091796875,1.5286914110183716,0.5971107482910156,9.668347358703613
1700823036228886000,174.54088598632814,1.5887805223464966,0.6007765531539917,9.658428192138672
1700823036238867000,174.55086694335938,1.6480975151062012,0.6068676114082336,9.648101806640625
1700823036249278000,174.56127783203124,1.7109280824661255,0.614457905292511,9.636677742004395
1700823036258901000,174.57090087890626,1.7769567966461182,0.6212623119354248,9.624283790588379
1700823036268914000,174.58091381835936,1.835771083831787,0.6236407160758972,9.613086700439453
1700823036278904000,174.59090405273437,1.8752970695495605,0.6216428279876709,9.605584144592285
1700823036288892000,174.60089184570313,1.8975778818130493,0.6165484189987183,9.601534843444824
1700823036299000000,174.611,1.9171929359436035,0.6097151041030884,9.598073959350586
1700823036308919000,174.6209189453125,1.9483658075332642,0.6004652976989746,9.592377662658691
1700823036318853000,174.63085302734376,2.000183582305908,0.5938964486122131,9.582118034362793
1700823036328849000,174.64084887695313,2.061617851257324,0.5872726440429688,9.56949520111084
1700823036338750000,174.65075,2.1105244159698486,0.5752297639846802,9.559558868408203
1700823036348812000,174.66081201171875,2.1362147331237793,0.5600312948226929,9.554756164550781
1700823036358887000,174.67088696289062,2.1450183391571045,0.5449883341789246,9.5536527633667
1700823036368872000,174.68087182617188,2.1481130123138428,0.5343678593635559,9.553558349609375
1700823036378799000,174.69079907226563,2.147270679473877,0.5251368284225464,9.554258346557617
1700823036388802000,174.70080200195312,2.1402156352996826,0.5177695155143738,9.556242942810059
1700823036399180000,174.71117993164063,2.1396753787994385,0.510466456413269,9.556755065917969
1700823036408805000,174.72080517578124,2.1458003520965576,0.5008206963539124,9.555893898010254
1700823036418870000,174.7308701171875,2.1454474925994873,0.4927595555782318,9.556392669677734
1700823036428852000,174.74085205078126,2.1486899852752686,0.4844321608543396,9.55609130859375
1700823036438865000,174.75086499023436,2.152740478515625,0.478229820728302,9.555490493774414
1700823036448750000,174.76075,2.142535448074341,0.4727534353733063,9.558055877685547
1700823036458844000,174.77084399414062,2.1095073223114014,0.4663768708705902,9.565713882446289
1700823036469030000,174.78102978515625,2.067476511001587,0.45754095911979675,9.575310707092285
1700823036479024000,174.79102416992188,2.015575408935547,0.4446370303630829,9.586979866027832
1700823036488883000,174.80088305664063,1.9654370546340942,0.43208736181259155,9.597955703735352
1700823036499173000,174.8111730957031,1.9212720394134521,0.4226800501346588,9.607311248779297
1700823036508867000,174.8208671875,1.8716399669647217,0.41468000411987305,9.617453575134277
1700823036518911000,174.83091088867187,1.8319711685180664,0.40758273005485535,9.62539005279541
1700823036528874000,174.8408740234375,1.8021882772445679,0.3993547260761261,9.631357192993164
1700823036538942000,174.85094189453125,1.7828929424285889,0.3892413079738617,9.635359764099121
1700823036549194000,174.86119409179688,1.756118893623352,0.37904754281044006,9.6406831741333
1700823036558955000,174.870955078125,1.697472095489502,0.3654591739177704,9.65170669555664
1700823036569078000,174.881078125,1.605288028717041,0.3466688394546509,9.668158531188965
1700823036578942000,174.89094189453124,1.4952678680419922,0.32841333746910095,9.686418533325195
1700823036588830000,174.90082983398437,1.3852598667144775,0.31462007761001587,9.70322036743164
1700823036599059000,174.91105883789064,1.2965978384017944,0.3012777864933014,9.715888023376465
1700823036608990000,174.92098999023438,1.2246575355529785,0.2841659188270569,9.72573184967041
1700823036619027000,174.93102685546876,1.182189702987671,0.27133244276046753,9.731351852416992
1700823036628875000,174.940875,1.1431816816329956,0.2590446174144745,9.736346244812012
1700823036638899000,174.95089892578125,1.090648889541626,0.24269787967205048,9.742790222167969
1700823036649117000,174.96111694335937,1.013405442237854,0.22025924921035767,9.75166130065918
1700823036658904000,174.97090405273437,0.9147042632102966,0.19071079790592194,9.762036323547363
1700823036668909000,174.98090893554686,0.8199304938316345,0.16102905571460724,9.77098560333252
1700823036679028000,174.9910280761719,0.7239817976951599,0.13823913037776947,9.778912544250488
1700823036688873000,175.000873046875,0.6596294641494751,0.11824936419725418,9.783724784851074
1700823036699085000,175.0110849609375,0.6439028978347778,0.10171996057033539,9.78495979309082
1700823036709027000,175.02102709960937,0.6479927897453308,0.08760551363229752,9.78482723236084
1700823036718909000,175.03090893554688,0.6290437579154968,0.07159166038036346,9.78619384765625
1700823036728869000,175.040869140625,0.5722814202308655,0.05451222136616707,9.789786338806152
1700823036738898000,175.05089794921875,0.49832069873809814,0.03829261288046837,9.793907165527344
1700823036748763000,175.06076293945313,0.4353291094303131,0.022454116493463516,9.796956062316895
1700823036758878000,175.0708779296875,0.38973990082740784,0.007403554394841194,9.798898696899414
1700823036768926000,175.08092602539062,0.3658493459224701,-0.007905366830527782,9.799820899963379
1700823036778888000,175.09088793945313,0.3693734109401703,-0.021295886486768723,9.79966926574707
1700823036788829000,175.10082885742187,0.38572192192077637,-0.030699091032147408,9.799015045166016
1700823036798862000,175.11086206054688,0.37883976101875305,-0.039741937071084976,9.799251556396484
1700823036808982000,175.12098193359375,0.355400413274765,-0.048508886247873306,9.800087928771973
1700823036818916000,175.130916015625,0.3489198386669159,-0.05269114300608635,9.800299644470215
1700823036828929000,175.14092895507812,0.35778528451919556,-0.057008713483810425,9.799957275390625
1700823036838891000,175.15089111328126,0.39242228865623474,-0.06487491726875305,9.79858112335205
1700823036848943000,175.16094311523437,0.4299953579902649,-0.07610796391963959,9.796924591064453
1700823036858903000,175.17090307617187,0.46102821826934814,-0.08773001283407211,9.795414924621582
1700823036868871000,175.18087084960936,0.5078554153442383,-0.09214724600315094,9.793057441711426
1700823036878981000,175.19098120117187,0.5717752575874329,-0.08332447707653046,9.789613723754883
1700823036889021000,175.20102099609375,0.6352437734603882,-0.06446341425180435,9.785841941833496
1700823036901103000,175.21310302734375,0.6784428954124451,-0.04289046302437782,9.783061027526855
1700823036915859000,175.22785888671876,0.7955039143562317,-0.006799743045121431,9.774330139160156
1700823036928716000,175.24071606445312,0.8839631080627441,0.010488953441381454,9.7667236328125
1700823036938762000,175.25076196289064,0.9465391039848328,0.030979368835687637,9.760814666748047
1700823036948909000,175.26090893554687,1.0118869543075562,0.054531216621398926,9.75415325164795
1700823036958814000,175.27081396484374,1.1164426803588867,0.08142974227666855,9.7425537109375
1700823036968937000,175.28093701171875,1.248242974281311,0.10770634561777115,9.726289749145508
1700823036978756000,175.29075610351563,1.3776485919952393,0.13351882994174957,9.708484649658203
1700823036988859000,175.30085888671874,1.461242437362671,0.16519173979759216,9.695765495300293
1700823036999012000,175.31101220703124,1.533821940422058,0.1972784847021103,9.683948516845703
1700823037008633000,175.32063305664062,1.5999226570129395,0.22997254133224487,9.672525405883789
1700823037018654000,175.3306540527344,1.6708581447601318,0.26471155881881714,9.659634590148926
1700823037028644000,175.34064404296876,1.783588171005249,0.2966086268424988,9.638527870178223
1700823037038758000,175.3507578125,1.9445655345916748,0.3275315761566162,9.606340408325195
1700823037048847000,175.36084716796876,2.11598539352417,0.35478344559669495,9.569070816040039
1700823037058723000,175.37072314453124,2.286057233810425,0.3807762563228607,9.528870582580566
1700823037068867000,175.3808671875,2.4184083938598633,0.40370795130729675,9.495194435119629
1700823037078634000,175.39063403320313,2.515225410461426,0.4257107973098755,9.469045639038086
1700823037088769000,175.40076904296876,2.5884809494018555,0.4484589397907257,9.448230743408203
1700823037098655000,175.41065502929686,2.665255069732666,0.47588062286376953,9.425516128540039
1700823037108981000,175.42098095703125,2.7419228553771973,0.5038642883300781,9.402040481567383
1700823037118773000,175.43077294921875,2.8095057010650635,0.525206983089447,9.380897521972656
1700823037128741000,175.4407412109375,2.9015626907348633,0.542942225933075,9.351820945739746
1700823037138766000,175.45076611328125,3.0280938148498535,0.5651420950889587,9.310297966003418
1700823037148768000,175.46076806640625,3.1591246128082275,0.5931374430656433,9.264907836914062
1700823037158766000,175.47076611328126,3.2630813121795654,0.6169257760047913,9.22724723815918
1700823037168741000,175.4807412109375,3.3338980674743652,0.6368243098258972,9.200541496276855
1700823037179005000,175.4910048828125,3.377150058746338,0.6563771963119507,9.183377265930176
1700823037188820000,175.5008200683594,3.401906728744507,0.6744382977485657,9.17292594909668
1700823037199134000,175.51113403320312,3.404726266860962,0.6929594874382019,9.170498847961426
1700823037208812000,175.52081201171876,3.3960373401641846,0.7133695483207703,9.172155380249023
1700823037218836000,175.5308359375,3.4098703861236572,0.7311597466468811,9.165619850158691
1700823037228793000,175.54079296875,3.494967460632324,0.7422022223472595,9.13261890411377
1700823037238836000,175.5508359375,3.6364195346832275,0.751998245716095,9.076416015625
1700823037248806000,175.56080590820312,3.756782054901123,0.7685834765434265,9.025864601135254
1700823037258830000,175.570830078125,3.832451820373535,0.7863032221794128,8.992465019226074
1700823037268861000,175.58086083984375,3.878730058670044,0.7933210134506226,8.97198486328125
1700823037278669000,175.5906689453125,3.8849728107452393,0.7900374531745911,8.969571113586426
1700823037288837000,175.60083715820312,3.8496205806732178,0.7788386344909668,8.98577880859375
1700823037298920000,175.610919921875,3.8028903007507324,0.7723091840744019,9.006217956542969
1700823037308834000,175.620833984375,3.8233282566070557,0.7732610702514648,8.997477531433105
1700823037318856000,175.63085595703126,3.8708839416503906,0.783969521522522,8.97619342803955
1700823037328606000,175.64060595703126,3.9099419116973877,0.7993518114089966,8.957889556884766
1700823037338887000,175.65088696289064,3.9368839263916016,0.8062599897384644,8.94546127319336
1700823037348769000,175.66076904296875,3.9545042514801025,0.799431324005127,8.938300132751465
1700823037358911000,175.67091088867187,3.951521873474121,0.7844666838645935,8.940943717956543
1700823037368793000,175.68079296875,3.9353528022766113,0.7699381113052368,8.949335098266602
1700823037378783000,175.69078295898439,3.92071270942688,0.7612494826316833,8.956500053405762
1700823037388811000,175.70081103515625,3.9166507720947266,0.7579729557037354,8.958555221557617
1700823037398820000,175.71082006835937,3.9238994121551514,0.7571791410446167,8.955450057983398
1700823037408827000,175.72082690429687,3.9340972900390625,0.7574778199195862,8.950950622558594
1700823037418671000,175.73067114257813,3.939345598220825,0.759306788444519,8.948486328125
1700823037428877000,175.740876953125,3.941584348678589,0.7605904340744019,8.94739055633545
1700823037438879000,175.75087890625,3.9476687908172607,0.7650593519210815,8.944327354431152
1700823037449038000,175.7610380859375,3.9515700340270996,0.7678209543228149,8.942366600036621
1700823037458907000,175.77090698242188,3.9522149562835693,0.7720152139663696,8.94172191619873
1700823037468835000,175.7808349609375,3.9540393352508545,0.7817270159721375,8.940071105957031
1700823037478745000,175.7907451171875,3.956249475479126,0.7948930859565735,8.937932014465332
1700823037488830000,175.80082983398438,4.48479700088501,1.1408251523971558,8.646126747131348
1700823037498874000,175.8108740234375,4.748503684997559,1.2498656511306763,8.488812446594238
1700823037508845000,175.82084497070312,4.869338035583496,1.2614436149597168,8.418354988098145
1700823037518862000,175.83086206054688,4.891714096069336,1.2518854141235352,8.406801223754883
1700823037528875000,175.840875,4.890797138214111,1.2411749362945557,8.408924102783203
1700823037538877000,175.850876953125,4.868817329406738,1.215357780456543,8.425432205200195
1700823037548966000,175.8609658203125,4.80559778213501,1.1706777811050415,8.467947959899902
1700823037558857000,175.87085693359376,4.795769214630127,1.1753370761871338,8.472872734069824
1700823037568864000,175.88086401367187,4.7860894203186035,1.181387186050415,8.477502822875977
1700823037578933000,175.89093310546875,4.777817249298096,1.1914461851119995,8.48076057434082
1700823037588807000,175.90080688476561,4.773691654205322,1.2144304513931274,8.479825019836426
1700823037598824000,175.91082397460937,4.752193927764893,1.2286196947097778,8.489849090576172
1700823037608849000,175.92084887695313,4.739096641540527,1.2409911155700684,8.495368957519531
1700823037618851000,175.93085107421874,4.747389793395996,1.249226450920105,8.489529609680176
1700823037628945000,175.94094482421875,4.754874229431152,1.2438334226608276,8.486132621765137
1700823037638845000,175.95084497070312,4.770403861999512,1.228468894958496,8.479652404785156
1700823037648834000,175.960833984375,4.801464080810547,1.2113406658172607,8.464571952819824
1700823037658856000,175.97085595703126,4.842621803283691,1.1991130113601685,8.442838668823242
1700823037668848000,175.98084814453125,4.894705772399902,1.194726824760437,8.413373947143555
1700823037678910000,175.99090991210937,4.950826644897461,1.2044445276260376,8.379081726074219
1700823037688823000,176.00082299804689,5.006663799285889,1.2289599180221558,8.342264175415039
1700823037698902000,176.01090209960938,5.064222812652588,1.2588427066802979,8.302971839904785
1700823037708885000,176.02088500976564,5.132824897766113,1.2891796827316284,8.256058692932129
1700823037718898000,176.03089794921874,5.205536365509033,1.3131632804870605,8.206604957580566
1700823037728963000,176.04096313476563,5.279456615447998,1.3277002573013306,8.156896591186523
1700823037738775000,176.05077514648437,5.35399866104126,1.334568738937378,8.107034683227539
1700823037748860000,176.06085986328125,5.41195011138916,1.3376730680465698,8.067950248718262
1700823037758881000,176.07088110351563,5.465334892272949,1.3434666395187378,8.030916213989258
1700823037768817000,176.08081689453124,5.515909671783447,1.3545485734939575,7.994393825531006
1700823037779440000,176.09144018554687,5.565323829650879,1.370497465133667,7.957342624664307
1700823037788856000,176.10085595703126,5.613256931304932,1.3898770809173584,7.920226573944092
1700823037798873000,176.110873046875,5.6590423583984375,1.4111697673797607,7.883795261383057
1700823037808850000,176.12084985351564,5.17600679397583,1.374105453491211,8.215302467346191
1700823037818903000,176.13090307617188,4.698875904083252,1.3266212940216064,8.504764556884766
1700823037829011000,176.14101098632813,4.296937465667725,1.2886288166046143,8.720444679260254
1700823037838909000,176.15090893554688,4.068110942840576,1.2717311382293701,8.831962585449219
1700823037849242000,176.1612421875,4.059065341949463,1.2737810611724854,8.835829734802246
1700823037859032000,176.17103198242188,4.120217323303223,1.2830989360809326,8.806127548217773
1700823037868975000,176.18097509765624,4.176527500152588,1.296457290649414,8.777597427368164
1700823037879118000,176.1911181640625,4.230284214019775,1.3141157627105713,8.749181747436523
1700823037888728000,176.20072802734376,4.286149978637695,1.3341493606567383,8.718908309936523
1700823037898840000,176.21084008789063,4.341639995574951,1.3534976243972778,8.688416481018066
1700823037908793000,176.22079296875,4.364684104919434,1.365109920501709,8.675044059753418
1700823037918830000,176.230830078125,4.38254451751709,1.3689093589782715,8.665435791015625
1700823037928947000,176.24094702148437,4.394978046417236,1.3713182210922241,8.658756256103516
1700823037938798000,176.25079809570312,4.4001383781433105,1.3736542463302612,8.655763626098633
1700823037948815000,176.26081518554687,4.421634674072266,1.3798662424087524,8.643813133239746
1700823037958824000,176.27082397460939,4.4359283447265625,1.3866291046142578,8.63540267944336
1700823037968794000,176.28079418945313,4.446365833282471,1.3954697847366333,8.628609657287598
1700823037978880000,176.2908798828125,4.450222015380859,1.4032477140426636,8.625359535217285
1700823037988837000,176.30083715820314,4.452200889587402,1.4111500978469849,8.623047828674316
1700823037998936000,176.31093603515626,4.44742488861084,1.4163070917129517,8.624666213989258
1700823038008902000,176.32090185546875,4.435542583465576,1.4207626581192017,8.630051612854004
1700823038019079000,176.3310788574219,4.42288064956665,1.422816276550293,8.636208534240723
1700823038029420000,176.341419921875,4.409957408905029,1.4236507415771484,8.642678260803223
1700823038038833000,176.3508330078125,4.39250373840332,1.4240010976791382,8.651504516601562
1700823038048722000,176.36072192382812,4.368026256561279,1.421560525894165,8.664288520812988
1700823038058717000,176.37071704101564,4.337179183959961,1.4173191785812378,8.680465698242188
1700823038068885000,176.38088500976562,4.304928779602051,1.4130427837371826,8.697200775146484
1700823038078862000,176.39086206054688,4.271279811859131,1.4082064628601074,8.714557647705078
1700823038088717000,176.40071704101564,4.233074188232422,1.4020822048187256,8.73416519165039
1700823038098697000,176.41069702148437,3.5131847858428955,1.2162935733795166,9.074610710144043
1700823038108739000,176.42073901367186,3.4726011753082275,1.2096368074417114,9.091106414794922
1700823038118751000,176.4307509765625,3.4292285442352295,1.2031673192977905,9.108412742614746
1700823038128741000,176.4407412109375,3.3826372623443604,1.196166753768921,9.126738548278809
1700823038138796000,176.45079614257813,3.329078435897827,1.1887091398239136,9.147381782531738
1700823038148777000,176.46077685546874,3.269129753112793,1.1821014881134033,9.169832229614258
1700823038158870000,176.4708701171875,3.202672004699707,1.1770926713943481,9.193897247314453
1700823038168772000,176.48077221679688,3.134002208709717,1.1739108562469482,9.217936515808105
1700823038178875000,176.490875,3.065279006958008,1.171148657798767,9.24136734008789
1700823038188779000,176.50077905273437,2.9958138465881348,1.167009949684143,9.264640808105469
1700823038198853000,176.51085302734376,2.934558629989624,1.1606415510177612,9.28502368927002
1700823038208837000,176.52083715820314,2.6424789428710938,1.0126079320907593,9.38947868347168
1700823038218855000,176.53085498046875,2.4614787101745605,0.8927075862884521,9.450641632080078
1700823038228848000,176.54084814453125,2.3605833053588867,0.8328700661659241,9.481791496276855
1700823038238840000,176.55084008789063,2.269113779067993,0.7944321632385254,9.507386207580566
1700823038248903000,176.56090283203125,2.1756036281585693,0.7716083526611328,9.531094551086426
1700823038258891000,176.57089111328125,2.080754280090332,0.7631900906562805,9.552926063537598
1700823038268882000,176.5808818359375,1.9898998737335205,0.7856117486953735,9.570449829101562
1700823038278875000,176.590875,1.9092919826507568,0.8539099097251892,9.581014633178711
1700823038288989000,176.60098901367186,1.8404086828231812,0.9297747015953064,9.587430953979492
1700823038298875000,176.610875,1.7851017713546753,0.9693804979324341,9.593962669372559
1700823038308808000,176.62080786132813,1.7298104763031006,0.9607242941856384,9.604955673217773
1700823038318909000,176.63090893554687,1.6797326803207397,0.9524629712104797,9.61466121673584
1700823038329981000,176.64198095703125,1.6377683877944946,0.9426289200782776,9.622867584228516
1700823038338922000,176.650921875,1.599562644958496,0.9314935207366943,9.630374908447266
1700823038348770000,176.66077001953124,1.5635408163070679,0.9171335697174072,9.637665748596191
1700823038358775000,176.67077514648437,1.523490309715271,0.9010148048400879,9.645596504211426
1700823038368760000,176.68076000976563,1.479933500289917,0.8847437500953674,9.653881072998047
1700823038378732000,176.69073193359375,1.4883456230163574,0.9022697806358337,9.650964736938477
1700823038388813000,176.70081298828126,1.4558552503585815,0.9206173419952393,9.65418815612793
1700823038399735000,176.71173510742187,1.4124194383621216,0.9555386900901794,9.657245635986328
1700823038408685000,176.72068505859374,1.3867180347442627,0.9903116226196289,9.657466888427734
1700823038418812000,176.73081201171874,1.3793830871582031,1.0356316566467285,9.653764724731445
1700823038428736000,176.7407360839844,1.369565486907959,1.0331523418426514,9.655426979064941
1700823038438813000,176.75081298828124,1.3718630075454712,1.0318591594696045,9.655238151550293
1700823038448668000,176.76066796875,1.379905104637146,1.0306286811828613,9.65422534942627
1700823038458806000,176.77080590820313,1.388612985610962,1.028760313987732,9.653175354003906
1700823038468871000,176.78087084960939,1.393581748008728,1.0248618125915527,9.652874946594238
1700823038478888000,176.7908879394531,1.393146276473999,1.0187619924545288,9.653583526611328
1700823038488700000,176.80069995117188,1.3911162614822388,1.0102441310882568,9.65477180480957
1700823038498719000,176.81071899414061,1.3890703916549683,1.0015733242034912,9.655969619750977
1700823038508835000,176.8208349609375,1.3964862823486328,0.992976725101471,9.655787467956543
1700823038518719000,176.83071899414062,1.4047315120697021,0.9864712953567505,9.655257225036621
1700823038528823000,176.8408229980469,1.4076684713363647,0.9814502596855164,9.655341148376465
1700823038538841000,176.85084106445314,1.4022986888885498,0.9760890007019043,9.65666675567627
1700823038548855000,176.86085498046876,1.4020795822143555,0.971290111541748,9.657181739807129
1700823038558860000,176.87086010742186,1.3862287998199463,0.9647656679153442,9.660125732421875
1700823038568861000,176.88086083984376,1.3419421911239624,0.9643667340278625,9.666414260864258
1700823038578878000,176.8908779296875,1.2693393230438232,0.9755933284759521,9.675090789794922
1700823038588842000,176.90084204101564,1.1523737907409668,1.0036371946334839,9.686854362487793
1700823038598858000,176.91085791015624,1.022971749305725,1.0319169759750366,9.698406219482422
1700823038608819000,176.92081884765625,1.031624436378479,1.0291104316711426,9.697787284851074
1700823038618843000,176.9308427734375,1.040257215499878,1.0250838994979858,9.69729232788086
1700823038628833000,176.9408330078125,1.0474363565444946,1.0189602375030518,9.697164535522461
1700823038638812000,176.95081201171874,1.0517489910125732,1.010082721710205,9.697627067565918
1700823038648800000,176.96080004882813,1.0549497604370117,0.9985530972480774,9.69847297668457
1700823038658728000,176.97072802734374,1.056961178779602,0.9856398105621338,9.699575424194336
1700823038668805000,176.98080517578126,1.054688572883606,0.9724451303482056,9.701151847839355
1700823038678867000,176.99086694335938,1.046218752861023,0.9605317115783691,9.703258514404297
1700823038688836000,177.00083618164064,1.0367460250854492,0.94999098777771,9.705310821533203
1700823038698845000,177.01084497070312,1.0301514863967896,0.9403828978538513,9.706950187683105
1700823038708853000,177.02085302734375,1.0280570983886719,0.9307900667190552,9.708097457885742
1700823038718908000,177.0309079589844,1.030026912689209,0.9197691679000854,9.70893669128418
1700823038728891000,177.0408908691406,1.0348650217056274,0.905008852481842,9.709810256958008
1700823038738872000,177.0508720703125,1.0416584014892578,0.8834159970283508,9.711073875427246
1700823038748859000,177.06085888671876,1.0512936115264893,0.8523419499397278,9.712811470031738
1700823038758874000,177.0708740234375,1.0754051208496094,0.842270016670227,9.711050033569336
1700823038768791000,177.080791015625,1.103704810142517,0.8301552534103394,9.708918571472168
1700823038778856000,177.09085595703124,1.1345032453536987,0.8168468475341797,9.706496238708496
1700823038788815000,177.10081518554688,1.170312762260437,0.8043667078018188,9.703287124633789
1700823038798842000,177.11084204101562,1.2062597274780273,0.7956050038337708,9.699605941772461
1700823038808910000,177.12091015625,1.234400987625122,0.7347466349601746,9.700865745544434
1700823038818794000,177.1307939453125,1.2708441019058228,0.7212541103363037,9.69717025756836
1700823038828844000,177.14084399414062,1.332215428352356,0.7114403247833252,9.689657211303711
1700823038838758000,177.1507578125,1.514047622680664,0.7023314237594604,9.663579940795898
1700823038848768000,177.16076806640626,1.7026917934417725,0.7141889929771423,9.631258964538574
1700823038858675000,177.17067504882812,1.7150003910064697,0.7182006239891052,9.628777503967285
1700823038868810000,177.18081005859375,1.7248495817184448,0.718740701675415,9.626977920532227
1700823038878767000,177.19076708984375,1.7304925918579102,0.7155755162239075,9.626201629638672
1700823038888966000,177.2009658203125,1.7311495542526245,0.7104159593582153,9.626465797424316
1700823038899068000,177.21106787109375,1.7283833026885986,0.7056862711906433,9.627309799194336
1700823038908893000,177.22089282226563,1.7253780364990234,0.7038029432296753,9.6279878616333
1700823038918931000,177.23093090820313,1.7217519283294678,0.7054972052574158,9.628511428833008
1700823038928898000,177.24089794921875,1.715279221534729,0.7082672119140625,9.629464149475098
1700823038938903000,177.25090307617188,1.7069857120513916,0.710616409778595,9.63076400756836
1700823038948888000,177.26088818359375,2.1520309448242188,0.688947319984436,9.542773246765137
1700823038958723000,177.27072314453125,2.380265712738037,0.6290715336799622,9.492575645446777
1700823038968859000,177.28085888671876,2.50156831741333,0.5666036605834961,9.465279579162598
1700823038978899000,177.29089892578125,2.5313358306884766,0.5455477237701416,9.458600997924805
1700823038989039000,177.3010390625,2.5181798934936523,0.5500432848930359,9.461851119995117
1700823038998948000,177.31094799804688,2.5071122646331787,0.5544683933258057,9.464530944824219
1700823039008639000,177.32063891601564,2.497494697570801,0.5572320222854614,9.466910362243652
1700823039018920000,177.330919921875,2.4895801544189453,0.5594473481178284,9.468865394592285
1700823039028913000,177.34091284179686,2.4783945083618164,0.5455678701400757,9.472607612609863
1700823039038850000,177.35085009765626,2.4645469188690186,0.5270633697509766,9.47726821899414
1700823039048841000,177.36084106445313,2.4541468620300293,0.5051286220550537,9.481161117553711
1700823039058818000,177.37081811523439,2.4425675868988037,0.4822206199169159,9.485342025756836
1700823039068792000,177.3807919921875,2.4289979934692383,0.46617141366004944,9.489627838134766
1700823039078838000,177.39083813476563,2.4176828861236572,0.4611416161060333,9.492764472961426
1700823039088923000,177.4009228515625,2.412309408187866,0.461383581161499,9.494118690490723
1700823039100839000,177.4128388671875,2.412231683731079,0.46958911418914795,9.493735313415527
1700823039118792000,177.4307919921875,2.410493850708008,0.48150020837783813,9.49358081817627
1700823039128917000,177.4409169921875,2.41206431388855,0.48518648743629456,9.49299430847168
1700823039138749000,177.4507490234375,2.4143855571746826,0.48775196075439453,9.49227237701416
1700823039148727000,177.46072705078126,2.415905475616455,0.49095454812049866,9.491720199584961
1700823039158675000,177.47067504882813,2.4146482944488525,0.4964858889579773,9.491751670837402
1700823039168616000,177.48061596679688,2.404726266860962,0.5038800835609436,9.493882179260254
1700823039178775000,177.49077514648437,2.3914988040924072,0.5114838480949402,9.49681568145752
1700823039188736000,177.50073608398438,2.3757314682006836,0.5177686214447021,9.500432968139648
1700823039198772000,177.51077197265624,2.358384132385254,0.5236407518386841,9.50443172454834
1700823039208885000,177.52088500976564,2.3394579887390137,0.5293877720832825,9.5087890625
1700823039219006000,177.531005859375,2.317274570465088,0.5349506139755249,9.513909339904785
1700823039228873000,177.540873046875,2.2971067428588867,0.5315399765968323,9.518989562988281
1700823039238924000,177.55092407226562,2.2508323192596436,0.6563867926597595,9.522254943847656
1700823039248854000,177.56085400390626,2.2114531993865967,0.745428204536438,9.524924278259277
1700823039258942000,177.57094189453124,2.1747145652770996,0.7900242805480957,9.529788970947266
1700823039268823000,177.58082299804687,2.1373519897460938,0.8029965758323669,9.537154197692871
1700823039278898000,177.59089794921874,2.1011061668395996,0.7926514148712158,9.546069145202637
1700823039288871000,177.60087084960938,2.0587079524993896,0.7865279912948608,9.555808067321777
1700823039298919000,177.6109189453125,2.0154480934143066,0.7799354791641235,9.565566062927246
1700823039308873000,177.620873046875,1.9695672988891602,0.7748773097991943,9.575531005859375
1700823039318870000,177.6308701171875,1.9193001985549927,0.7717594504356384,9.585984230041504
1700823039328952000,177.6409521484375,1.8662214279174805,0.7665122151374817,9.596879005432129
1700823039338880000,177.6508798828125,1.787926197052002,0.74053955078125,9.613808631896973
1700823039348884000,177.66088403320313,1.6728607416152954,0.6853402256965637,9.638581275939941
1700823039358946000,177.67094604492186,1.566335678100586,0.6475748419761658,9.65907096862793
1700823039368867000,177.6808671875,1.4541051387786865,0.6215744614601135,9.67830753326416
1700823039378905000,177.69090502929689,1.4140379428863525,0.6244266033172607,9.68405818939209
1700823039389067000,177.70106689453124,1.3737082481384277,0.6290695071220398,9.689559936523438
1700823039398958000,177.7109580078125,1.3366116285324097,0.6342158913612366,9.694412231445312
1700823039409319000,177.72131884765625,1.3012901544570923,0.6394514441490173,9.698874473571777
1700823039418875000,177.730875,1.2734359502792358,0.6449018716812134,9.702210426330566
1700823039428883000,177.74088305664063,1.2605986595153809,0.6516159772872925,9.703436851501465
1700823039438891000,177.75089111328126,1.2517986297607422,0.6606020927429199,9.703969955444336
1700823039448875000,177.760875,1.245237946510315,0.6703267693519592,9.704146385192871
1700823039458735000,177.77073510742187,1.241236925125122,0.6790457963943481,9.704052925109863
1700823039468812000,177.78081201171875,1.2387795448303223,0.6820102334022522,9.704157829284668
1700823039479023000,177.79102319335936,1.2353508472442627,0.6818141341209412,9.704609870910645
1700823039488815000,177.80081518554687,1.1304547786712646,0.672796368598938,9.718013763427734
1700823039498918000,177.81091796875,0.9855559468269348,0.6595333218574524,9.734684944152832
1700823039508746000,177.82074609375,0.8273375630378723,0.644585907459259,9.750405311584473
1700823039518991000,177.8309912109375,0.6671311855316162,0.620996356010437,9.764204978942871
1700823039528864000,177.84086401367188,0.583334743976593,0.5977607369422913,9.77101993560791
1700823039538894000,177.85089404296875,0.556220531463623,0.5885299444198608,9.77315902709961
1700823039548871000,177.86087084960937,0.546916127204895,0.586793065071106,9.773788452148438
1700823039558898000,177.87089794921874,0.5457429885864258,0.5823062658309937,9.774123191833496
1700823039568861000,177.88086083984376,0.5537789463996887,0.5710112452507019,9.774337768554688
1700823039578906000,177.89090600585936,0.5546382069587708,0.5799980163574219,9.773758888244629
1700823039588868000,177.9008681640625,0.5560212135314941,0.5872507691383362,9.773248672485352
1700823039599697000,177.91169677734376,0.5607353448867798,0.5906146764755249,9.772774696350098
1700823039608919000,177.9209189453125,0.5651596188545227,0.5902294516563416,9.772543907165527
1700823039618991000,177.9309912109375,0.5683329701423645,0.5850964784622192,9.772668838500977
1700823039628871000,177.94087084960938,0.572706937789917,0.576845109462738,9.772904396057129
1700823039638891000,177.95089111328124,0.5772270560264587,0.5723340511322021,9.77290153503418
1700823039648869000,177.960869140625,0.5835872292518616,0.5679413676261902,9.772781372070312
1700823039659061000,177.97106103515625,0.5847194790840149,0.5631044507026672,9.772993087768555
1700823039668863000,177.98086303710937,0.7240186333656311,0.5092407464981079,9.766620635986328
1700823039679073000,177.9910729980469,0.8230465650558472,0.5090724229812622,9.758782386779785
1700823039688908000,178.00090795898439,0.8838257789611816,0.5324038863182068,9.752219200134277
1700823039699036000,178.01103588867187,0.9350380301475525,0.5717880725860596,9.745210647583008
1700823039708965000,178.02096508789063,0.9733219146728516,0.6187719702720642,9.738591194152832
1700823039718838000,178.03083813476562,0.9934476017951965,0.6644815802574158,9.733545303344727
1700823039728802000,178.04080200195312,0.9984464049339294,0.7073661684989929,9.730010986328125
1700823039739331000,178.0513310546875,0.99668288230896,0.7509171366691589,9.7269287109375
1700823039748791000,178.060791015625,0.9955886602401733,0.7808984518051147,9.724679946899414
1700823039758854000,178.07085400390625,1.0010539293289185,0.8039873838424683,9.722235679626465
1700823039768819000,178.08081884765625,1.0046452283859253,0.8015905618667603,9.722065925598145
1700823039778913000,178.0909130859375,1.0119125843048096,0.7992404699325562,9.721505165100098
1700823039788865000,178.10086499023438,1.023606538772583,0.7970107793807983,9.720462799072266
1700823039798895000,178.11089501953126,1.0341817140579224,0.7954372763633728,9.719473838806152
1700823039808971000,178.12097094726562,1.0431389808654785,0.7940508127212524,9.718629837036133
1700823039818863000,178.13086303710938,1.0502783060073853,0.7911685109138489,9.718092918395996
1700823039828847000,178.14084716796876,1.0533745288848877,0.7875453233718872,9.718052864074707
1700823039838852000,178.15085205078125,1.0521990060806274,0.7846788763999939,9.718413352966309
1700823039848850000,178.16084985351563,1.0485265254974365,0.7850021123886108,9.718783378601074
1700823039858979000,178.17097900390624,1.0447434186935425,0.7896844148635864,9.718812942504883
1700823039868939000,178.18093896484376,1.043818712234497,0.798093318939209,9.71822452545166
1700823039878892000,178.19089208984374,1.0479360818862915,0.8085454702377319,9.716917037963867
1700823039888815000,178.20081518554687,1.0568172931671143,0.8179177045822144,9.715170860290527
1700823039898817000,178.21081713867187,1.0691683292388916,0.8239277601242065,9.713311195373535
1700823039908866000,178.22086596679688,1.0845506191253662,0.8267252445220947,9.711368560791016
1700823039918903000,178.23090307617187,1.1010323762893677,0.8268959522247314,9.70949935913086
1700823039928896000,178.24089599609374,1.1192874908447266,0.8250442147254944,9.707569122314453
1700823039938796000,178.25079614257814,1.138540506362915,0.8220183849334717,9.705586433410645
1700823039948792000,178.2607919921875,1.1574550867080688,0.8188304305076599,9.703619003295898
1700823039958814000,178.27081396484374,1.172953724861145,0.8159697651863098,9.701997756958008
1700823039968978000,178.28097802734376,1.1832575798034668,0.8135787844657898,9.700947761535645
1700823039978891000,178.29089111328125,1.1902812719345093,0.81279057264328,9.700155258178711
1700823039988848000,178.30084814453124,1.2002812623977661,0.8144818544387817,9.698780059814453
1700823039998877000,178.310876953125,1.216709852218628,0.8184279799461365,9.696401596069336
1700823040008894000,178.32089404296875,1.2389178276062012,0.822513222694397,9.693242073059082
1700823040018904000,178.33090405273438,1.2634204626083374,0.8251315951347351,9.68985652923584
1700823040029195000,178.34119506835938,1.2808797359466553,0.8250240087509155,9.687573432922363
1700823040038857000,178.35085693359375,1.2907534837722778,0.8226274847984314,9.6864652633667
1700823040048963000,178.36096313476563,1.295745611190796,0.8183607459068298,9.686161041259766
1700823040059122000,178.37112182617187,1.302483081817627,0.8133014440536499,9.685684204101562
1700823040068877000,178.380876953125,1.31296706199646,0.810111403465271,9.684536933898926
1700823040078920000,178.390919921875,1.3246654272079468,0.8108172416687012,9.682883262634277
1700823040088868000,178.4008681640625,1.3345385789871216,0.8190133571624756,9.680837631225586
1700823040098907000,178.41090698242186,1.3430215120315552,0.8302107453346252,9.6787109375
1700823040108803000,178.42080297851564,1.3513526916503906,0.8436825275421143,9.676386833190918
1700823040119031000,178.43103100585938,1.3606094121932983,0.8575363159179688,9.673870086669922
1700823040128961000,178.4409609375,1.3704168796539307,0.8678531050682068,9.671565055847168
1700823040138725000,178.45072509765626,1.3799647092819214,0.8735951781272888,9.66969108581543
1700823040148604000,178.46060400390624,1.385993480682373,0.8745031952857971,9.668745994567871
1700823040158872000,178.4708720703125,1.3871684074401855,0.8708075881004333,9.668911933898926
1700823040168833000,178.4808330078125,1.3840254545211792,0.8645648956298828,9.669920921325684
1700823040178681000,178.49068115234374,1.3810113668441772,0.8599860072135925,9.67076301574707
1700823040188763000,178.50076293945312,1.3828881978988647,0.8610007762908936,9.670402526855469
1700823040198637000,178.51063696289063,1.3890467882156372,0.8684238791465759,9.668855667114258
1700823040208729000,178.52072900390624,1.398107647895813,0.880865752696991,9.666424751281738
1700823040218782000,178.53078198242187,1.4064213037490845,0.8954895734786987,9.663873672485352
1700823040228778000,178.54077807617188,1.410425066947937,0.9093003869056702,9.662002563476562
1700823040238659000,178.5506591796875,1.411313772201538,0.9194924235343933,9.660907745361328
1700823040248770000,178.56077001953125,1.4091923236846924,0.9223811030387878,9.660940170288086
1700823040258782000,178.57078198242186,1.4020859003067017,0.9186261296272278,9.662334442138672
1700823040268803000,178.58080297851564,1.3916171789169312,0.9106076955795288,9.664604187011719
1700823040278814000,178.59081396484376,1.3816349506378174,0.9000307321548462,9.667027473449707
1700823040288767000,178.60076708984374,1.3749337196350098,0.8918529748916626,9.668741226196289
1700823040298837000,178.6108369140625,1.3711150884628296,0.8908052444458008,9.669380187988281
1700823040309032000,178.62103198242187,1.3691110610961914,0.8977923393249512,9.669017791748047
1700823040318900000,178.63089990234374,1.3693941831588745,0.9110235571861267,9.667740821838379
1700823040328895000,178.64089501953126,1.3735697269439697,0.9263964891433716,9.66568660736084
1700823040338890000,178.65088989257814,1.3790239095687866,0.9419611096382141,9.66340446472168
1700823040348881000,178.660880859375,1.378892421722412,0.955254316329956,9.662117958068848
1700823040358915000,178.6709150390625,1.3727082014083862,0.9630439877510071,9.662226676940918
1700823040368897000,178.68089697265626,1.3611994981765747,0.9608055353164673,9.664076805114746
1700823040378910000,178.69090991210936,1.3450158834457397,0.9480971693992615,9.667597770690918
1700823040388883000,178.70088305664063,1.3315590620040894,0.9294105768203735,9.67127513885498
1700823040398856000,178.71085595703124,1.317722201347351,0.913445234298706,9.674689292907715
1700823040408899000,178.72089916992186,1.3056336641311646,0.9042486548423767,9.677191734313965
1700823040418877000,178.730876953125,1.2953040599822998,0.9026795029640198,9.678726196289062
1700823040428828000,178.74082788085937,1.2899688482284546,0.9073036313056946,9.67900562286377
1700823040438809000,178.75080908203125,1.2962281703948975,0.9027537703514099,9.678597450256348
1700823040448816000,178.76081616210936,1.2971444129943848,0.909779965877533,9.677816390991211
1700823040458826000,178.77082592773436,1.2904150485992432,0.9141858220100403,9.678299903869629
1700823040468822000,178.78082202148437,1.2820321321487427,0.910567045211792,9.679754257202148
1700823040478900000,178.79089990234374,1.275345802307129,0.8992644548416138,9.681695938110352
1700823040488903000,178.80090283203126,1.2764166593551636,0.8738496899604797,9.683881759643555
1700823040498911000,178.81091088867188,1.2811810970306396,0.8373191356658936,9.686478614807129
1700823040508891000,178.8208908691406,1.2850576639175415,0.8104705810546875,9.688249588012695
1700823040518921000,178.8309208984375,1.2850357294082642,0.8021551966667175,9.688944816589355
1700823040528952000,178.8409521484375,1.2802929878234863,0.8031161427497864,9.689491271972656
1700823040538929000,178.85092895507813,1.2736566066741943,0.8143009543418884,9.689432144165039
1700823040548881000,178.860880859375,1.2704533338546753,0.8325871229171753,9.688300132751465
1700823040558914000,178.8709140625,1.272974967956543,0.848188042640686,9.686615943908691
1700823040568882000,178.8808818359375,1.2828928232192993,0.861965537071228,9.684089660644531
1700823040578915000,178.8909150390625,1.296676754951477,0.87105393409729,9.681441307067871
1700823040588759000,178.90075903320312,1.324774146080017,0.8731591105461121,9.677445411682129
1700823040598914000,178.9109140625,1.3546093702316284,0.8609496355056763,9.674408912658691
1700823040608958000,178.9209580078125,1.3824492692947388,0.8388386368751526,9.672411918640137
1700823040619797000,178.931796875,1.4064429998397827,0.8086124062538147,9.671527862548828
1700823040628721000,178.94072094726562,1.4251155853271484,0.7925769090652466,9.670123100280762
1700823040638765000,178.95076513671876,1.4413501024246216,0.7918179035186768,9.667778015136719
1700823040648901000,178.96090112304688,1.4550845623016357,0.8015855550765991,9.664915084838867
1700823040658765000,178.97076513671874,1.4683462381362915,0.8079039454460144,9.662382125854492
1700823040668748000,178.980748046875,1.486031174659729,0.7804562449455261,9.661935806274414
1700823040678755000,178.99075512695313,1.5016200542449951,0.7912523746490479,9.658646583557129
1700823040688665000,179.0006650390625,1.5203382968902588,0.7947668433189392,9.65542984008789
1700823040698846000,179.01084594726564,1.5416680574417114,0.7823603749275208,9.653060913085938
1700823040708839000,179.0208388671875,1.5672247409820557,0.7618857026100159,9.650581359863281
1700823040718853000,179.03085302734374,1.6078481674194336,0.7573787569999695,9.64425277709961
1700823040728865000,179.04086499023438,1.6491265296936035,0.7576677799224854,9.637256622314453
1700823040738672000,179.05067211914061,1.6804335117340088,0.7624263763427734,9.631470680236816
1700823040748861000,179.06086083984374,1.6955907344818115,0.7704583406448364,9.62817668914795
1700823040758919000,179.0709189453125,1.7033450603485107,0.7788988351821899,9.626127243041992
1700823040769258000,179.08125805664062,1.7155296802520752,0.7810615301132202,9.623786926269531
1700823040778954000,179.0909541015625,1.7381060123443604,0.7785834670066833,9.619935989379883
1700823040788639000,179.1006389160156,1.7729732990264893,0.7745654582977295,9.613897323608398
1700823040798886000,179.11088598632813,1.816831111907959,0.7681079506874084,9.606224060058594
1700823040808797000,179.120796875,1.8627105951309204,0.7601032257080078,9.598069190979004
1700823040818760000,179.13076000976562,1.9010484218597412,0.7492521405220032,9.591403007507324
1700823040828771000,179.14077099609375,1.921557903289795,0.7427598834037781,9.587820053100586
1700823040838790000,179.15078979492188,1.929093837738037,0.7370592951774597,9.586749076843262
1700823040848794000,179.16079418945313,1.9259777069091797,0.7328022718429565,9.587699890136719
1700823040858834000,179.170833984375,1.9177745580673218,0.7299222946166992,9.58956527709961
1700823040868809000,179.18080908203126,1.909326195716858,0.7273612022399902,9.591445922851562
1700823040878908000,179.19090795898438,1.9043006896972656,0.7255340218544006,9.592581748962402
1700823040888795000,179.200794921875,1.9019743204116821,0.7227420210838318,9.593255043029785
1700823040899122000,179.21112182617188,1.897134780883789,0.7187322378158569,9.594515800476074
1700823040908946000,179.22094580078124,1.8895000219345093,0.7148252725601196,9.596312522888184
1700823040918911000,179.23091088867187,1.5869194269180298,0.8227534294128418,9.642364501953125
1700823040928813000,179.24081298828125,1.385806679725647,0.8443319201469421,9.671455383300781
1700823040938824000,179.25082397460938,1.2632290124893188,0.8164829611778259,9.690613746643066
1700823040948815000,179.26081518554687,1.2057727575302124,0.7816004753112793,9.700804710388184
1700823040958812000,179.27081201171876,1.1823030710220337,0.7524389624595642,9.7059965133667
1700823040968803000,179.28080297851562,1.177874207496643,0.728610634803772,9.708353042602539
1700823040978913000,179.2909130859375,1.1776187419891357,0.7218155860900879,9.708892822265625
1700823040988799000,179.30079907226562,1.1811796426773071,0.7185571789741516,9.708702087402344
1700823040998878000,179.3108779296875,1.1920640468597412,0.7232754230499268,9.70702075958252
1700823041008917000,179.3209169921875,1.20059335231781,0.7205819487571716,9.706170082092285
1700823041018850000,179.33085009765625,1.212052345275879,0.7109376192092896,9.705456733703613
1700823041028843000,179.34084301757812,1.222715139389038,0.7004901766777039,9.704878807067871
1700823041039100000,179.35109985351562,1.2287954092025757,0.6908949613571167,9.704800605773926
1700823041048895000,179.36089501953126,1.2288872003555298,0.6811167597770691,9.70547866821289
1700823041058871000,179.37087109375,1.2224626541137695,0.6707733869552612,9.707009315490723
1700823041068835000,179.3808349609375,1.213206171989441,0.6599839925765991,9.708911895751953
1700823041078852000,179.39085205078126,1.207872986793518,0.647504985332489,9.710415840148926
1700823041088813000,179.40081298828125,1.209363579750061,0.6323378086090088,9.711231231689453
1700823041099090000,179.41108984375,1.2132009267807007,0.6141583323478699,9.711917877197266
1700823041108827000,179.4208269042969,1.2153267860412598,0.601311981678009,9.712455749511719
1700823041118811000,179.43081079101563,1.2082043886184692,0.590173065662384,9.71402645111084
1700823041128857000,179.4408571777344,1.193659782409668,0.5839277505874634,9.716202735900879
1700823041138897000,179.45089697265624,1.1758488416671753,0.5814499258995056,9.718523025512695
1700823041148847000,179.46084716796875,1.1412936449050903,0.5685261487960815,9.723406791687012
1700823041158852000,179.47085205078125,1.1096510887145996,0.5501800775527954,9.72812271118164
1700823041168693000,179.48069287109374,1.0772194862365723,0.5267261266708374,9.733065605163574
1700823041178813000,179.49081298828125,1.042298436164856,0.5018225908279419,9.738182067871094
1700823041188690000,179.50068994140625,1.006919026374817,0.48049190640449524,9.7429780960083
1700823041198847000,179.51084692382813,0.9734826683998108,0.46581077575683594,9.747089385986328
1700823041208905000,179.52090502929687,0.9426409602165222,0.45749330520629883,9.750515937805176
1700823041218931000,179.53093090820312,1.0747212171554565,0.5932725071907043,9.729511260986328
1700823041229480000,179.54147998046875,1.160426139831543,0.670522928237915,9.714637756347656
1700823041238716000,179.5507158203125,1.1535797119140625,0.6760247349739075,9.715073585510254
1700823041248874000,179.5608740234375,1.159721851348877,0.6835834383964539,9.713811874389648
1700823041258773000,179.57077294921876,1.1795237064361572,0.6907292604446411,9.710923194885254
1700823041268745000,179.58074487304688,1.2139432430267334,0.6953662633895874,9.706348419189453
1700823041278786000,179.5907861328125,1.254288673400879,0.6971481442451477,9.701088905334473
1700823041289026000,179.60102612304686,1.294089436531067,0.6968024373054504,9.695886611938477
1700823041298779000,179.61077880859375,1.3318670988082886,0.695257842540741,9.690879821777344
1700823041308759000,179.62075903320311,1.3651620149612427,0.6926721930503845,9.686429977416992
1700823041318871000,179.63087109375,1.3922107219696045,0.6884972453117371,9.682877540588379
1700823041328795000,179.640794921875,1.4143074750900269,0.6828075051307678,9.68007755279541
1700823041338747000,179.65074682617188,1.4210680723190308,0.674665093421936,9.679658889770508
1700823041348818000,179.66081787109374,1.4207886457443237,0.6638596653938293,9.68044662475586
1700823041358824000,179.67082397460936,1.418829321861267,0.652104914188385,9.68153190612793
1700823041368848000,179.68084790039063,1.4185224771499634,0.6401064395904541,9.682378768920898
1700823041378873000,179.690873046875,1.4150187969207764,0.6276663541793823,9.683706283569336
1700823041389690000,179.70169018554688,1.406888723373413,0.6168330907821655,9.685585975646973
1700823041398858000,179.71085791015625,1.3991502523422241,0.6092647314071655,9.687185287475586
1700823041408996000,179.72099609375,1.3911796808242798,0.6035103797912598,9.68869400024414
1700823041418872000,179.7308720703125,1.369300365447998,0.5054349303245544,9.697419166564941
1700823041428909000,179.74090893554688,1.3671833276748657,0.43616586923599243,9.701081275939941
1700823041438953000,179.7509528808594,1.3724567890167236,0.40278440713882446,9.701780319213867
1700823041448919000,179.7609189453125,1.3808447122573853,0.3887973725795746,9.701160430908203
1700823041458954000,179.7709541015625,1.3977999687194824,0.3833999037742615,9.698945999145508
1700823041468907000,179.78090698242187,1.424593210220337,0.3892424702644348,9.694814682006836
1700823041480013000,179.79201293945312,1.4633851051330566,0.4130205512046814,9.688050270080566
1700823041488788000,179.8007880859375,1.4797621965408325,0.4231608211994171,9.685124397277832
1700823041498944000,179.81094409179687,1.5075900554656982,0.4302697777748108,9.68051815032959
1700823041508906000,179.82090600585937,1.490195870399475,0.41046735644340515,9.68407154083252
1700823041518890000,179.8308898925781,1.48097562789917,0.3918924033641815,9.686254501342773
1700823041528877000,179.840876953125,1.4765461683273315,0.3776768445968628,9.687495231628418
1700823041539060000,179.85106005859376,1.4761592149734497,0.3663812577724457,9.687989234924316
1700823041548823000,179.86082299804687,1.4771558046340942,0.3552987277507782,9.688248634338379
1700823041558947000,179.87094702148437,1.485221028327942,0.345523476600647,9.687370300292969
1700823041568935000,179.88093481445313,1.496630311012268,0.3373197019100189,9.685901641845703
1700823041578998000,179.890998046875,1.5119131803512573,0.33233752846717834,9.68370246887207
1700823041589035000,179.90103491210937,1.5266554355621338,0.32944968342781067,9.681486129760742
1700823041598696000,179.91069604492188,1.5428788661956787,0.32881608605384827,9.678936958312988
1700823041608783000,179.920783203125,1.5625287294387817,0.3311304748058319,9.675705909729004
1700823041618812000,179.93081201171876,1.5799059867858887,0.33519816398620605,9.67274284362793
1700823041628818000,179.94081787109374,1.5951006412506104,0.33951514959335327,9.670096397399902
1700823041638680000,179.95068017578126,1.6074562072753906,0.3441857695579529,9.667886734008789
1700823041648950000,179.96094995117187,1.6096166372299194,0.3472749888896942,9.667415618896484
1700823041658916000,179.970916015625,1.6040771007537842,0.3471028506755829,9.668342590332031
1700823041668890000,179.98089013671876,1.591860055923462,0.3420969843864441,9.670540809631348
1700823041678904000,179.99090405273438,1.5653624534606934,0.33195263147354126,9.675217628479004
1700823041689366000,180.00136596679687,1.7045955657958984,0.3525540828704834,9.650931358337402
1700823041698915000,180.0109150390625,1.7997575998306274,0.38585224747657776,9.632360458374023
1700823041708906000,180.0209060058594,1.8684660196304321,0.43841275572776794,9.617016792297363
1700823041718900000,180.03089990234375,1.9019243717193604,0.4836530089378357,9.608285903930664
1700823041728881000,180.040880859375,1.915563941001892,0.5010904669761658,9.604681015014648
1700823041739077000,180.0510771484375,1.929792881011963,0.5025757551193237,9.60175609588623
1700823041748872000,180.06087182617188,1.9372206926345825,0.4870327115058899,9.60106086730957
1700823041758793000,180.07079296875,1.9457330703735352,0.45770081877708435,9.600784301757812
1700823041768854000,180.08085400390624,1.9423364400863647,0.41492199897766113,9.603412628173828
1700823041778985000,180.09098486328125,1.905703067779541,0.3866165280342102,9.611930847167969
1700823041788847000,180.10084716796874,1.8595056533813477,0.3561880588531494,9.622150421142578
1700823041798755000,180.11075512695314,1.8108009099960327,0.321819931268692,9.632644653320312
1700823041808757000,180.12075708007814,1.7701538801193237,0.29080870747566223,9.641180038452148
1700823041818783000,180.13078295898438,1.7318320274353027,0.26349252462387085,9.648924827575684
1700823041828756000,180.140755859375,1.6971797943115234,0.24312135577201843,9.65561294555664
1700823041838803000,180.15080297851563,1.6633371114730835,0.22926731407642365,9.661839485168457
1700823041848770000,180.16077001953124,1.6228853464126587,0.2211310714483261,9.668906211853027
1700823041858981000,180.17098120117188,1.5718179941177368,0.2147945612668991,9.677481651306152
1700823041868852000,180.18085205078125,1.5183699131011963,0.2035468965768814,9.686253547668457
1700823041878874000,180.1908740234375,1.4559587240219116,0.18319500982761383,9.696237564086914
1700823041888971000,180.20097094726563,1.3932493925094604,0.16053982079029083,9.70584774017334
1700823041899010000,180.21101000976563,1.3294109106063843,0.14067338407039642,9.715106010437012
1700823041908722000,180.22072192382814,1.2630693912506104,0.12446341663599014,9.724174499511719
1700823041918999000,180.2309990234375,1.1926829814910889,0.10797493159770966,9.733254432678223
1700823041928791000,180.240791015625,1.1147106885910034,0.08885200321674347,9.742687225341797
1700823041938759000,180.25075903320314,1.0267518758773804,0.06738777458667755,9.752519607543945
1700823041948689000,180.26068896484375,0.9227175116539001,0.038552142679691315,9.763069152832031
1700823041958817000,180.27081713867187,0.8246668577194214,0.014844225719571114,9.771903991699219
1700823041969102000,180.28110205078124,0.7138076424598694,-0.003400748362764716,9.780637741088867
1700823041978747000,180.29074682617187,0.6129840016365051,-0.015166005119681358,9.787464141845703
1700823041988808000,180.30080786132814,0.509012758731842,-0.027309155091643333,9.793392181396484
1700823041998744000,180.310744140625,0.3911632299423218,-0.04124211147427559,9.798760414123535
1700823042008787000,180.32078686523437,0.2937111556529999,-0.05764525756239891,9.802083015441895
1700823042018864000,180.33086401367189,0.1713794767856598,-0.08238485455513,9.80480670928955
1700823042028791000,180.340791015625,0.04592296481132507,-0.11369886249303818,9.80588436126709
1700823042039286000,180.3512861328125,-0.06431085616350174,-0.14197510480880737,9.805411338806152
1700823042048876000,180.3608759765625,-0.1822252869606018,-0.16769465804100037,9.803523063659668
1700823042058896000,180.37089575195313,-0.2999538481235504,-0.1869301050901413,9.80027961730957
1700823042068880000,180.3808798828125,-0.42286592721939087,-0.20071400701999664,9.795475006103516
1700823042078867000,180.39086694335938,-0.5527829527854919,-0.2122168093919754,9.788759231567383
1700823042088885000,180.40088500976563,0.1317874789237976,-0.17443682253360748,9.804213523864746
1700823042098893000,180.41089306640626,0.4774053394794464,-0.2321086823940277,9.792274475097656
1700823042108833000,180.4208330078125,0.3658510744571686,-0.2536567747592926,9.796541213989258
1700823042118889000,180.43088891601562,0.24423545598983765,-0.2709299921989441,9.799863815307617
1700823042128865000,180.4408649902344,0.11069266498088837,-0.28180620074272156,9.801977157592773
1700823042138913000,180.4509130859375,-0.017955344170331955,-0.2873176336288452,9.802423477172852
1700823042148873000,180.460873046875,-0.156104177236557,-0.2918190658092499,9.801065444946289
1700823042158968000,180.47096801757812,-0.3096054792404175,-0.29259881377220154,9.797393798828125
1700823042168682000,180.48068188476563,-0.47052493691444397,-0.29185616970062256,9.791007041931152
1700823042178839000,180.4908391113281,-0.6284270882606506,-0.2869219183921814,9.782285690307617
1700823042188826000,180.500826171875,-0.7732014656066895,-0.28099194169044495,9.77208137512207
1700823042198884000,180.51088403320313,-0.9092951416969299,-0.27682724595069885,9.760478019714355
1700823042208894000,180.52089404296876,-1.0477052927017212,-0.2797580361366272,9.746508598327637
1700823042219038000,180.5310378417969,-1.1915274858474731,-0.29431554675102234,9.729543685913086
1700823042228869000,180.540869140625,-1.3409581184387207,-0.3150880038738251,9.709425926208496
1700823042238803000,180.55080297851563,-1.48650062084198,-0.3326335847377777,9.687623977661133
1700823042248876000,180.5608759765625,-1.6302707195281982,-0.3385600447654724,9.664264678955078
1700823042258988000,180.57098803710937,-1.7409300804138184,-0.3292579650878906,9.645265579223633
1700823042269165000,180.5811650390625,-1.8054296970367432,-0.31701573729515076,9.633811950683594
1700823042278764000,180.59076391601562,-1.8857413530349731,-0.3258309066295624,9.618118286132812
1700823042288648000,180.60064794921874,-1.9689427614212036,-0.363053560256958,9.600096702575684
1700823042298664000,180.61066381835937,-2.0314509868621826,-0.40706104040145874,9.585295677185059
1700823042308731000,180.62073095703124,-2.0783114433288574,-0.4412456452846527,9.573729515075684
1700823042318777000,180.63077709960936,-2.102877140045166,-0.45408087968826294,9.567765235900879
1700823042328781000,180.64078100585937,-2.1004140377044678,-0.4468623101711273,9.568645477294922
1700823042338883000,180.65088305664062,-2.08784556388855,-0.4315609931945801,9.572098731994629
1700823042348802000,180.66080200195313,-2.0873212814331055,-0.4245014190673828,9.572527885437012
1700823042358791000,180.670791015625,-2.1028223037719727,-0.43847471475601196,9.568504333496094
1700823042368762000,180.68076220703125,-2.1183078289031982,-0.4683408737182617,9.563671112060547
1700823042378914000,180.6909140625,-2.137355089187622,-0.4972960352897644,9.557971954345703
1700823042388796000,180.7007958984375,-2.173454761505127,-0.519237220287323,9.54865837097168
1700823042398792000,180.7107919921875,-2.205974578857422,-0.531419575214386,9.54052734375
1700823042408665000,180.7206650390625,-2.1954023838043213,-0.5275906324386597,9.543179512023926
1700823042418997000,180.7309970703125,-2.1319823265075684,-0.5097226500511169,9.558518409729004
1700823042428779000,180.74077905273438,-2.059736490249634,-0.48909109830856323,9.575422286987305
1700823042438821000,180.75082104492188,-2.004028558731079,-0.4735919237136841,9.588011741638184
1700823042448777000,180.76077685546875,-1.9765684604644775,-0.4740446209907532,9.59368896484375
1700823042458790000,180.77078979492188,-1.9696921110153198,-0.4895210266113281,9.59432601928711
1700823042468871000,180.78087084960939,-1.9767577648162842,-0.5058879256248474,9.592022895812988
1700823042478820000,180.79082006835938,-1.998456358909607,-0.5100511908531189,9.587305068969727
1700823042488850000,180.80084985351561,-2.0040156841278076,-0.4952256679534912,9.586921691894531
1700823042498858000,180.81085791015624,-1.9754040241241455,-0.46298080682754517,9.59446907043457
1700823042508977000,180.82097680664063,-1.929668664932251,-0.42870795726776123,9.605362892150879
1700823042520034000,180.8320339355469,-1.8905209302902222,-0.4043550193309784,9.6141996383667
1700823042528900000,180.8409001464844,-1.8674200773239136,-0.3956839144229889,9.619073867797852
1700823042538794000,180.8507939453125,-1.838266372680664,-0.3950321674346924,9.624713897705078
1700823042548922000,180.86092211914064,-1.791383147239685,-0.38811230659484863,9.633831977844238
1700823042558948000,180.8709479980469,-1.738425374031067,-0.37264877557754517,9.64413833618164
1700823042569055000,180.88105493164062,-1.6776795387268066,-0.34599050879478455,9.655882835388184
1700823042578760000,180.89076000976561,-1.6310259103775024,-0.32355421781539917,9.664649963378906
1700823042588758000,180.90075805664063,-1.6378835439682007,-0.3218091130256653,9.663548469543457
1700823042598782000,180.91078198242187,-1.684661626815796,-0.3405228853225708,9.654860496520996
1700823042608717000,180.92071704101562,-1.72029709815979,-0.35897213220596313,9.647908210754395
1700823042618906000,180.93090600585938,-1.7035423517227173,-0.35659870505332947,9.650968551635742
1700823042628652000,180.94065209960937,-1.6361148357391357,-0.3323436677455902,9.663492202758789
1700823042638766000,180.95076611328125,-1.5503461360931396,-0.30267712473869324,9.678596496582031
1700823042648923000,180.9609228515625,-1.4543828964233398,-0.2779991924762726,9.694218635559082
1700823042658927000,180.97092700195313,-1.3839187622070312,-0.26859307289123535,9.704792976379395
1700823042668899000,180.98089916992188,-1.3563112020492554,-0.2807198464870453,9.70834732055664
1700823042678857000,180.99085693359376,-1.375651240348816,-0.30810850858688354,9.704794883728027
1700823042688845000,181.00084497070313,-1.408273458480835,-0.3381696045398712,9.699114799499512
1700823042698876000,181.0108759765625,-1.4233757257461548,-0.3552984297275543,9.696294784545898
1700823042708865000,181.02086499023437,-1.4158943891525269,-0.36888009309768677,9.69688606262207
1700823042718882000,181.03088208007813,-1.3792022466659546,-0.3778820037841797,9.701825141906738
1700823042728846000,181.04084619140625,-1.3200006484985352,-0.37541502714157104,9.710151672363281
1700823042738857000,181.05085693359376,-1.260068416595459,-0.36956658959388733,9.71833610534668
1700823042749043000,181.06104296875,-1.2247434854507446,-0.36908701062202454,9.722867965698242
1700823042759049000,181.07104907226562,-1.224194049835205,-0.38213616609573364,9.722433090209961
1700823042768905000,181.08090502929687,-1.2385036945343018,-0.4016498327255249,9.719834327697754
1700823042778816000,181.09081591796874,-1.2468390464782715,-0.41261401772499084,9.71830940246582
1700823042788868000,181.1008681640625,-1.2398743629455566,-0.4128633141517639,9.71919059753418
1700823042798851000,181.11085107421874,-1.208355188369751,-0.40210166573524475,9.723609924316406
1700823042808861000,181.12086083984374,-1.1620792150497437,-0.37835371494293213,9.730201721191406
1700823042818735000,181.13073510742188,-1.1020488739013672,-0.3461790084838867,9.73837947845459
1700823042828812000,181.14081201171874,-1.0433032512664795,-0.31433746218681335,9.745928764343262
1700823042838864000,181.15086376953124,-1.0165385007858276,-0.2921013832092285,9.7494478225708
1700823042848852000,181.16085205078124,-1.021996259689331,-0.27356910705566406,9.749415397644043
1700823042858866000,181.17086596679687,-1.0484908819198608,-0.2632473409175873,9.746885299682617
1700823042868905000,181.18090502929687,-1.0425474643707275,-0.24758359789848328,9.747931480407715
1700823042878878000,181.1908779296875,-0.9650889039039612,-0.21151597797870636,9.756753921508789
1700823042889018000,181.20101806640625,-0.8767840266227722,-0.16421762108802795,9.765997886657715
1700823042899037000,181.21103686523438,-0.7997270822525024,-0.11354279518127441,9.773326873779297
1700823042908970000,181.22096997070312,-0.7425310015678406,-0.06937076896429062,9.778254508972168
1700823042918706000,181.23070581054688,-0.7202432155609131,-0.03212999925017357,9.780113220214844
1700823042932746000,181.24474609375,-0.7246510982513428,-0.0034323125146329403,9.779838562011719
1700823042948906000,181.26090600585937,-0.7050350904464722,0.055423490703105927,9.78111743927002
1700823042958950000,181.27094995117187,-0.6473492383956909,0.09053075313568115,9.784841537475586
1700823042968843000,181.28084301757812,-0.5650754570960999,0.13169190287590027,9.789472579956055
1700823042978860000,181.29086010742188,-0.47989073395729065,0.17826777696609497,9.793278694152832
1700823042988872000,181.30087182617189,-0.418203204870224,0.22170302271842957,9.795220375061035
1700823042998842000,181.31084204101563,-0.37669456005096436,0.2564709782600403,9.79605770111084
1700823043008756000,181.320755859375,-0.3655225932598114,0.2796829044818878,9.795843124389648
1700823043018773000,181.33077294921875,-0.37292322516441345,0.2895601689815521,9.795279502868652
1700823043028770000,181.34077001953125,-0.36152854561805725,0.29529112577438354,9.79553508758545
1700823043038670000,181.35067016601562,-0.3128478229045868,0.3039402961730957,9.796944618225098
1700823043048826000,181.360826171875,-0.23498599231243134,0.31732699275016785,9.798697471618652
1700823043058775000,181.37077514648436,-0.164670929312706,0.334364652633667,9.799565315246582
1700823043068799000,181.38079907226563,-0.11163666844367981,0.3513932228088379,9.79971694946289
1700823043078797000,181.39079711914061,-0.07873977720737457,0.3638154864311218,9.799583435058594
1700823043088771000,181.40077099609374,-0.06423953920602798,0.3708917200565338,9.79942512512207
1700823043098846000,181.4108459472656,-0.06090601161122322,0.37409254908561707,9.799324035644531
1700823043108864000,181.4208640136719,-0.05636018514633179,0.37552550435066223,9.799295425415039
1700823043118900000,181.43089990234375,-0.030516134575009346,0.37248921394348145,9.79952621459961
1700823043128877000,181.440876953125,0.013550971634685993,0.36614540219306946,9.7998046875
1700823043138923000,181.45092309570313,0.06525076180696487,0.3609215319156647,9.799790382385254
1700823043149024000,181.46102392578126,0.1071598157286644,0.3594067394733429,9.799478530883789
1700823043158787000,181.470787109375,0.13451895117759705,0.36047816276550293,9.799098014831543
1700823043172939000,181.48493896484376,0.1545078456401825,0.36254414916038513,9.798728942871094
1700823043188863000,181.50086303710938,0.1944318562746048,0.3701408803462982,9.797734260559082
1700823043198792000,181.5107919921875,0.24041444063186646,0.3759390711784363,9.796493530273438
1700823043208780000,181.52078002929687,0.27635902166366577,0.37729310989379883,9.795493125915527
1700823043218788000,181.5307880859375,0.2966027855873108,0.3766983449459076,9.794923782348633
1700823043228790000,181.5407900390625,0.3027303218841553,0.37962886691093445,9.794621467590332
1700823043238800000,181.5507998046875,0.3134258985519409,0.3868474066257477,9.7940034866333
1700823043248696000,181.56069604492188,0.3411170542240143,0.3976844549179077,9.792643547058105
1700823043258868000,181.57086791992188,0.37362173199653625,0.4101186990737915,9.790945053100586
1700823043268821000,181.58082104492186,0.4097399115562439,0.418503075838089,9.789146423339844
1700823043278867000,181.59086694335937,0.4535679519176483,0.42600658535957336,9.786890029907227
1700823043288866000,181.60086596679687,0.5109399557113647,0.4399430453777313,9.783445358276367
1700823043298863000,181.61086303710937,0.5568313598632812,0.45323097705841064,9.780333518981934
1700823043308731000,181.62073095703124,0.5890834927558899,0.46189796924591064,9.778038024902344
1700823043318936000,181.63093603515625,0.6137877702713013,0.4692945182323456,9.776165962219238
1700823043329211000,181.6412109375,0.6303501725196838,0.4779796302318573,9.774691581726074
1700823043338905000,181.65090502929687,0.6231436133384705,0.4866366982460022,9.774726867675781
1700823043348789000,181.6607890625,0.6152110695838928,0.49672552943229675,9.774720191955566
1700823043358773000,181.67077294921876,0.616823136806488,0.5072963237762451,9.774077415466309
1700823043368724000,181.68072387695312,0.6171954870223999,0.5124585032463074,9.773784637451172
1700823043378859000,181.69085888671876,0.6170943975448608,0.5124945044517517,9.773788452148438
1700823043388759000,181.70075903320313,0.6504209041595459,0.5141729116439819,9.771537780761719
1700823043398779000,181.71077880859374,0.6936679482460022,0.5196571946144104,9.768274307250977
1700823043408723000,181.72072290039063,0.7399819493293762,0.5285211801528931,9.764397621154785
1700823043418637000,181.73063696289063,0.7814356088638306,0.5386877655982971,9.760613441467285
1700823043428636000,181.74063598632813,0.8131073713302612,0.5469628572463989,9.757566452026367
1700823043438828000,181.750828125,0.8403367400169373,0.5522048473358154,9.754962921142578
1700823043448866000,181.76086596679687,0.8642080426216125,0.5519210696220398,9.752894401550293
1700823043458817000,181.77081713867187,0.8982570171356201,0.5480945110321045,9.750032424926758
1700823043468765000,181.78076489257813,0.9405086040496826,0.5422387719154358,9.746374130249023
1700823043478872000,181.7908720703125,0.9755120873451233,0.5335752367973328,9.74341106414795
1700823043488838000,181.800837890625,1.0111364126205444,0.5267965793609619,9.74014949798584
1700823043498808000,181.81080810546874,1.0396803617477417,0.5247147679328918,9.737256050109863
1700823043508745000,181.82074487304686,0.4138391613960266,0.44639965891838074,9.787740707397461
1700823043518750000,181.83075,-0.12429741024971008,0.3627668619155884,9.799150466918945
1700823043528772000,181.84077221679686,-0.5010445713996887,0.28376463055610657,9.7897310256958
1700823043538625000,181.850625,-0.7089268565177917,0.23161447048187256,9.778250694274902
1700823043548737000,181.86073706054688,-0.8148925304412842,0.2005263715982437,9.770678520202637
1700823043558793000,181.87079296875,-0.856482982635498,0.18821050226688385,9.767365455627441
1700823043569302000,181.88130200195312,-0.8542875051498413,0.20310966670513153,9.767257690429688
1700823043578773000,181.89077294921876,-0.817913293838501,0.2265615612268448,9.769855499267578
1700823043588819000,181.90081884765624,-0.7548223733901978,0.289188414812088,9.77328109741211
1700823043598827000,181.91082690429687,-0.7053466439247131,0.3051794767379761,9.776490211486816
1700823043608826000,181.920826171875,-0.653434693813324,0.32294660806655884,9.779526710510254
1700823043618803000,181.93080297851563,-0.6087690591812134,0.33245882391929626,9.78209114074707
1700823043628792000,181.9407919921875,-0.5626157522201538,0.34165656566619873,9.784536361694336
1700823043638871000,181.95087109375,-0.5150602459907532,0.34891048073768616,9.786896705627441
1700823043648813000,181.96081298828125,-0.45838674902915955,0.35719725489616394,9.789417266845703
1700823043658805000,181.97080493164063,-0.3996417224407196,0.3645356297492981,9.791720390319824
1700823043668698000,181.98069799804688,-0.34241583943367004,0.37200728058815,9.793608665466309
1700823043678854000,181.99085400390624,-0.2997702956199646,0.37787821888923645,9.794781684875488
1700823043688856000,182.00085595703126,-0.28154492378234863,0.3808233141899109,9.795207977294922
1700823043698890000,182.01088989257812,-0.26589667797088623,0.3819119930267334,9.79560375213623
1700823043708853000,182.02085302734375,-0.2215893268585205,0.38476797938346863,9.79659366607666
1700823043719952000,182.03195190429688,-0.14866670966148376,0.38759705424308777,9.797859191894531
1700823043728912000,182.04091186523436,-0.06098609417676926,0.3896414339542389,9.798715591430664
1700823043738949000,182.05094921875,0.015005846507847309,0.39179539680480957,9.798810958862305
1700823043749081000,182.0610810546875,0.06866320222616196,0.39398500323295593,9.798492431640625
1700823043758880000,182.0708798828125,0.09839139878749847,0.3928808271884918,9.798283576965332
1700823043769215000,182.08121508789063,0.12076514959335327,0.38671472668647766,9.79827880859375
1700823043778813000,182.09081298828124,0.15504677593708038,0.37727177143096924,9.798164367675781
1700823043788762000,182.10076220703124,0.19458793103694916,0.36714813113212585,9.797842979431152
1700823043798738000,182.11073803710937,0.2306044101715088,0.35449615120887756,9.797527313232422
1700823043808874000,182.1208740234375,0.2545967102050781,0.3391779065132141,9.797476768493652
1700823043819243000,182.13124291992187,0.27309155464172363,0.32466742396354675,9.797468185424805
1700823043828942000,182.14094213867187,0.30025428533554077,0.3124927282333374,9.797069549560547
1700823043839073000,182.15107299804689,0.32907646894454956,0.3014277219772339,9.796492576599121
1700823043848897000,182.16089697265625,0.34606093168258667,0.29046791791915894,9.79623794555664
1700823043858914000,182.1709140625,0.3512462377548218,0.2794342041015625,9.79637336730957
1700823043868863000,182.18086303710936,0.35476154088974,0.2698226273059845,9.796516418457031
1700823043878785000,182.19078491210936,0.3656967878341675,0.2610340416431427,9.796353340148926
1700823043888880000,182.20088012695314,0.37799862027168274,0.25287672877311707,9.796099662780762
1700823043898869000,182.21086889648439,0.39097967743873596,0.24210487306118011,9.795863151550293
1700823043908864000,182.22086401367187,0.3848989009857178,0.22706396877765656,9.796463012695312
1700823043919981000,182.23198095703125,0.36679568886756897,0.21003274619579315,9.797537803649902
1700823043928778000,182.24077807617186,0.3483878970146179,0.19596827030181885,9.798501014709473
1700823043938764000,182.25076391601561,0.3337520658969879,0.18461072444915771,9.79923152923584
1700823043948839000,182.2608388671875,0.33471769094467163,0.17490297555923462,9.799376487731934
1700823043958661000,182.2706611328125,0.3452519476413727,0.16576777398586273,9.799169540405273
1700823043968660000,182.28065991210937,0.3394780457019806,0.1560574173927307,9.799531936645508
1700823043978918000,182.29091796875,0.30907121300697327,0.14644990861415863,9.80068302154541
1700823043988711000,182.3007109375,0.27115562558174133,0.13734276592731476,9.801939964294434
1700823043998887000,182.31088696289063,0.23643150925636292,0.12877631187438965,9.802955627441406
1700823044008811000,182.32081103515625,0.20314240455627441,0.12122312188148499,9.803797721862793
1700823044018990000,182.33098999023437,0.1694774478673935,0.11269991099834442,9.80453872680664
1700823044028850000,182.34084985351564,0.1326630860567093,0.10068623721599579,9.80523681640625
1700823044039112000,182.35111181640625,0.08447334915399551,0.08626315742731094,9.805907249450684
1700823044048916000,182.360916015625,0.042184945195913315,0.07496785372495651,9.806273460388184
1700823044058896000,182.37089575195313,0.0006949965609237552,0.0657750815153122,9.806428909301758
1700823044068922000,182.38092211914062,-0.04997428506612778,0.059210021048784256,9.80634593963623
1700823044078939000,182.39093896484374,-0.11044365912675858,0.05388590320944786,9.805879592895508
1700823044088734000,182.40073388671874,-0.16859248280525208,0.05033551901578903,9.805072784423828
1700823044098921000,182.4109208984375,-0.2350713312625885,0.04230623319745064,9.803741455078125
1700823044108900000,182.42090014648437,-0.3073737621307373,0.029887190088629723,9.801785469055176
1700823044118937000,182.43093701171875,-0.38493630290031433,0.01758621819317341,9.799077033996582
1700823044128842000,182.44084204101563,-0.45155543088912964,-0.004219955764710903,9.796248435974121
1700823044138858000,182.45085791015626,-0.5299193859100342,-0.0243032518774271,9.792291641235352
1700823044148835000,182.4608349609375,-0.6378303170204163,-0.04021744430065155,9.78580379486084
1700823044158848000,182.47084790039062,-0.7580372095108032,-0.06149696558713913,9.777115821838379
1700823044168889000,182.48088916015624,-0.8695704340934753,-0.08502952754497528,9.767651557922363
1700823044178855000,182.49085498046875,-0.9565519690513611,-0.10585135966539383,9.759313583374023
1700823044188785000,182.50078491210937,-1.027722716331482,-0.12113047391176224,9.751896858215332
1700823044198850000,182.51085009765626,-1.105823040008545,-0.13889555633068085,9.74311351776123
1700823044208867000,182.5208671875,-1.2054799795150757,-0.16860856115818024,9.730816841125488
1700823044218747000,182.53074682617188,-1.307656168937683,-0.2070566564798355,9.71686840057373
1700823044228842000,182.54084204101562,-1.409401535987854,-0.248031347990036,9.70167350769043
1700823044238817000,182.55081713867187,-1.5470786094665527,-0.28294602036476135,9.67971420288086
1700823044248980000,182.56097998046874,-1.714105248451233,-0.32073360681533813,9.65035629272461
1700823044258821000,182.57082104492187,-1.8011534214019775,-0.3479398787021637,9.633544921875
1700823044269026000,182.58102612304688,-1.8375188112258911,-0.3723609149456024,9.62575912475586
1700823044278884000,182.59088403320314,-1.852031946182251,-0.39217767119407654,9.622190475463867
1700823044288870000,182.60086987304686,-1.8971786499023438,-0.41273295879364014,9.612531661987305
1700823044298910000,182.61090991210938,-1.9793612957000732,-0.44060033559799194,9.594708442687988
1700823044308875000,182.620875,-2.071577787399292,-0.4746110439300537,9.573594093322754
1700823044319634000,182.6316340332031,-2.156285524368286,-0.5068015456199646,9.55321979522705
1700823044328850000,182.64084985351562,-2.2593870162963867,-0.5309981107711792,9.528043746948242
1700823044338831000,182.6508310546875,-2.3560283184051514,-0.5453051328659058,9.503796577453613
1700823044348792000,182.6607919921875,-2.4105074405670166,-0.558729887008667,9.48934555053711
1700823044358687000,182.67068701171874,-2.399925947189331,-0.571610689163208,9.49125862121582
1700823044369031000,182.68103100585938,-2.328674554824829,-0.5766139030456543,9.50869083404541
1700823044378937000,182.69093701171874,-2.2539713382720947,-0.5730947852134705,9.526887893676758
1700823044389252000,182.70125219726563,-2.2209136486053467,-0.5688461661338806,9.534902572631836
1700823044398832000,182.71083203125,-2.221102476119995,-0.5724290013313293,9.534643173217773
1700823044408669000,182.7206689453125,-2.2376697063446045,-0.5861246585845947,9.529937744140625
1700823044418999000,182.7309990234375,-2.274960517883301,-0.5975418090820312,9.520393371582031
1700823044428619000,182.74061889648436,-2.326439142227173,-0.5956053137779236,9.508066177368164
1700823044438815000,182.75081494140625,-2.298945188522339,-0.5772586464881897,9.515883445739746
1700823044448793000,182.76079296875,-2.164849281311035,-0.5610004663467407,9.548250198364258
1700823044458813000,182.77081298828125,-1.970499873161316,-0.5369713306427002,9.591620445251465
1700823044468764000,182.78076391601562,-1.7893840074539185,-0.5078630447387695,9.62863540649414
1700823044478795000,182.790794921875,-1.662928581237793,-0.4788564145565033,9.65276050567627
1700823044488776000,182.80077587890625,-1.5956482887268066,-0.45012804865837097,9.66549015045166
1700823044498660000,182.81066015625,-1.5668892860412598,-0.42055824398994446,9.671524047851562
1700823044508822000,182.8208220214844,-1.5423423051834106,-0.39117431640625,9.676702499389648
1700823044518912000,182.830912109375,-1.4842168092727661,-0.3564724326133728,9.687126159667969
1700823044528907000,182.84090698242187,-1.3728086948394775,-0.31835487484931946,9.704867362976074
1700823044538915000,182.8509150390625,-1.2190742492675781,-0.2857902944087982,9.726386070251465
1700823044548874000,182.8608740234375,-1.0261644124984741,-0.2532563805580139,9.749526023864746
1700823044558880000,182.8708798828125,-0.8416981101036072,-0.22166912257671356,9.767946243286133
1700823044568924000,182.880923828125,-0.6942945122718811,-0.19730156660079956,9.780051231384277
1700823044578884000,182.89088403320312,-0.5749334096908569,-0.17930763959884644,9.788140296936035
1700823044588870000,182.90086987304687,-0.4614899754524231,-0.15971681475639343,9.79448413848877
1700823044598907000,182.91090698242186,-0.332249253988266,-0.1319897174835205,9.800131797790527
1700823044608887000,182.92088696289062,-0.19758476316928864,-0.09522592276334763,9.804197311401367
1700823044619118000,182.9311181640625,-0.05947568640112877,-0.04970189556479454,9.806344985961914
1700823044628879000,182.94087915039063,0.0826776996254921,-0.0006608020048588514,9.806303024291992
1700823044638884000,182.95088403320312,0.228041872382164,0.04302198067307472,9.80390453338623
1700823044648880000,182.96088012695313,0.3881704807281494,0.08250672370195389,9.798619270324707
1700823044658726000,182.97072583007812,0.5559966564178467,0.12100275605916977,9.790127754211426
1700823044669065000,182.98106494140626,0.7278016805648804,0.16393296420574188,9.77823257446289
1700823044678875000,182.990875,0.8873025178909302,0.21188101172447205,9.764127731323242
1700823044688878000,183.0008781738281,1.0078233480453491,0.2616705894470215,9.751216888427734
1700823044698857000,183.01085693359374,1.0932821035385132,0.3123345971107483,9.740511894226074
1700823044708862000,183.02086206054688,1.164609670639038,0.35833150148391724,9.730655670166016
1700823044718994000,183.03099389648438,1.2549200057983398,0.39697015285491943,9.71791934967041
1700823044729340000,183.04133984375,1.3651576042175293,0.43110302090644836,9.701592445373535
1700823044738889000,183.05088891601562,1.464177131652832,0.4637400805950165,9.685635566711426
1700823044748999000,183.0609990234375,1.5304299592971802,0.4840574860572815,9.674391746520996
1700823044758812000,183.07081201171874,1.5741872787475586,0.4937550127506256,9.666878700256348
1700823044768808000,183.0808078613281,1.596056342124939,0.4948597550392151,9.663235664367676
1700823044778877000,183.090876953125,1.600244164466858,0.4873816668987274,9.662921905517578
1700823044788963000,183.10096313476564,1.593405842781067,0.4740045964717865,9.664717674255371
1700823044800325000,183.1123251953125,1.5764284133911133,0.46736177802085876,9.667824745178223
1700823044808875000,183.120875,1.5516256093978882,0.47265374660491943,9.67158031463623
1700823044818874000,183.1308740234375,1.5286548137664795,0.48498600721359253,9.674625396728516
1700823044828805000,183.14080517578125,1.5124605894088745,0.49403616786003113,9.676714897155762
1700823044838828000,183.150828125,1.4936267137527466,0.4977233111858368,9.679449081420898
1700823044848697000,183.16069702148437,1.4684312343597412,0.49886488914489746,9.683244705200195
1700823044858658000,183.17065795898438,1.4510256052017212,0.49455198645591736,9.686088562011719
1700823044868894000,183.18089404296876,1.4222990274429321,0.4831552803516388,9.690924644470215
1700823044878900000,183.19089990234374,1.358385682106018,0.46771541237831116,9.700847625732422
1700823044889002000,183.201001953125,1.2891688346862793,0.4566083550453186,9.710816383361816
1700823044898939000,183.21093896484376,1.2432552576065063,0.445876806974411,9.717299461364746
1700823044909384000,183.22138403320312,1.2263520956039429,0.43182432651519775,9.720081329345703
1700823044919047000,183.231046875,1.2184137105941772,0.41371554136276245,9.721866607666016
1700823044928954000,183.2409541015625,1.2163912057876587,0.39544689655303955,9.722879409790039
1700823044938809000,183.25080908203125,1.2125754356384277,0.3801455795764923,9.723968505859375
1700823044948733000,183.26073291015626,1.2003583908081055,0.3672618269920349,9.72597885131836
1700823044958755000,183.27075512695313,1.1929303407669067,0.3533952236175537,9.727405548095703
1700823044968785000,183.28078491210937,1.2013368606567383,0.3408718407154083,9.72681999206543
1700823044978794000,183.2907939453125,1.2177304029464722,0.33267128467559814,9.72506332397461
1700823044988878000,183.30087817382812,1.2195336818695068,0.32906392216682434,9.724960327148438
1700823044999022000,183.31102197265625,1.2212860584259033,0.327141135931015,9.72480583190918
1700823045008879000,183.32087915039062,1.2232418060302734,0.3234636187553406,9.724682807922363
1700823045018833000,183.3308330078125,1.246068000793457,0.3207569718360901,9.72187328338623
1700823045028914000,183.34091381835938,2.0917341709136963,0.4884653687477112,9.568513870239258
1700823045038854000,183.35085400390625,2.709594488143921,0.6530059576034546,9.402237892150879
1700823045049304000,183.3613039550781,3.061330556869507,0.7729434370994568,9.284460067749023
1700823045058993000,183.3709929199219,3.219953775405884,0.8449273109436035,9.224336624145508
1700823045068842000,183.38084204101563,3.2143166065216064,0.8538467884063721,9.225481986999512
1700823045079827000,183.39182690429686,3.191973924636841,0.8630653023719788,9.232378005981445
1700823045088798000,183.4007978515625,3.16941237449646,0.8746601343154907,9.239057540893555
1700823045098938000,183.41093823242187,3.152028799057007,0.8890805840492249,9.243627548217773
1700823045108860000,183.42085986328124,3.1506454944610596,0.9110349416732788,9.241961479187012
1700823045118870000,183.4308701171875,3.157430410385132,0.9307716488838196,9.237677574157715
1700823045129140000,183.44113989257812,3.169891834259033,0.9457336664199829,9.231888771057129
1700823045138853000,183.45085302734375,3.180053949356079,0.9532344937324524,9.227622032165527
1700823045148737000,183.46073706054688,3.186375379562378,0.9566092491149902,9.225091934204102
1700823045158681000,183.47068115234376,3.1899025440216064,0.9612550139427185,9.223389625549316
1700823045168855000,183.48085498046876,3.1920671463012695,0.9689172506332397,9.221837997436523
1700823045178885000,183.49088500976563,3.0063118934631348,0.8729779124259949,9.293567657470703
1700823045188839000,183.5008388671875,2.8158085346221924,0.766497015953064,9.362377166748047
1700823045199019000,183.51101904296874,2.6030375957489014,0.6590794324874878,9.43187141418457
1700823045208806000,183.52080590820313,2.374995708465576,0.5887839198112488,9.496480941772461
1700823045218862000,183.53086206054687,2.148470163345337,0.5753501653671265,9.55109691619873
1700823045228945000,183.54094482421874,1.9861793518066406,0.6122294068336487,9.583874702453613
1700823045238894000,183.55089404296876,1.9937597513198853,0.6107780337333679,9.58239459991455
1700823045248871000,183.5608708496094,1.9975229501724243,0.6122428774833679,9.581517219543457
1700823045258840000,183.57084008789062,2.0003528594970703,0.6176625490188599,9.580577850341797
1700823045268881000,183.580880859375,2.00524640083313,0.6283707022666931,9.578858375549316
1700823045278819000,183.59081909179687,2.015953779220581,0.6458078622817993,9.575450897216797
1700823045288810000,183.60081005859374,2.0356252193450928,0.6715151071548462,9.569519996643066
1700823045298822000,183.61082177734374,2.068326711654663,0.7029086351394653,9.560248374938965
1700823045308801000,183.62080102539062,2.1127915382385254,0.7333073019981384,9.548233985900879
1700823045318888000,183.63088793945312,2.1612300872802734,0.7577537298202515,9.535475730895996
1700823045328873000,183.640873046875,2.2107808589935303,0.7734931707382202,9.522843360900879
1700823045339119000,183.651119140625,2.2592928409576416,0.7804416418075562,9.510884284973145
1700823045348695000,183.6606950683594,2.3094139099121094,0.7841042876243591,9.498534202575684
1700823045358754000,183.67075415039062,2.3641273975372314,0.7939306497573853,9.484248161315918
1700823045368785000,183.68078491210937,2.44180965423584,0.8081365823745728,9.463343620300293
1700823045378659000,183.6906591796875,2.533175230026245,0.8239102363586426,9.437933921813965
1700823045388755000,183.7007548828125,2.6461000442504883,0.843778133392334,9.405137062072754
1700823045398717000,183.7107170410156,2.756382942199707,0.8653197884559631,9.371443748474121
1700823045408764000,183.7207639160156,2.8651933670043945,0.8881704807281494,9.336604118347168
1700823045418772000,183.73077197265624,2.9640867710113525,0.9087141156196594,9.303699493408203
1700823045428988000,183.74098779296875,3.0586040019989014,0.9265347123146057,9.271293640136719
1700823045438904000,183.75090405273437,3.1516366004943848,0.9405746459960938,9.238663673400879
1700823045449092000,183.76109204101562,3.235783100128174,0.9499828219413757,9.208562850952148
1700823045459119000,183.771119140625,3.3120720386505127,0.9593503475189209,9.180426597595215
1700823045468876000,183.7808759765625,3.3798065185546875,0.9716948866844177,9.154403686523438
1700823045478908000,183.79090795898438,3.4442217350006104,0.9865028858184814,9.128775596618652
1700823045488795000,183.800794921875,3.495551109313965,0.9993067979812622,9.107848167419434
1700823045498871000,183.81087109375,3.5447640419006348,1.0118290185928345,9.087421417236328
1700823045509005000,183.82100512695314,3.5951004028320312,1.0246262550354004,9.066189765930176
1700823045518879000,183.83087890625,3.6445157527923584,1.0376874208450317,9.044949531555176
1700823045528873000,183.840873046875,3.6887850761413574,1.0506056547164917,9.025491714477539
1700823045538760000,183.85076000976562,3.2862234115600586,1.050037145614624,9.179790496826172
1700823045548813000,183.86081298828125,2.9641201496124268,1.0430405139923096,9.289588928222656
1700823045558804000,183.87080395507812,2.7358269691467285,1.0257327556610107,9.36127758026123
1700823045568792000,183.8807919921875,2.611625909805298,0.995860755443573,9.399897575378418
1700823045578814000,183.89081396484374,2.6256539821624756,0.9836106300354004,9.397278785705566
1700823045589190000,183.90118994140624,2.672518253326416,0.9656941890716553,9.385919570922852
1700823045599060000,183.91106005859376,2.7513339519500732,0.930035412311554,9.366727828979492
1700823045608937000,183.92093701171876,2.859448194503784,0.8881477117538452,9.338369369506836
1700823045618850000,183.93085009765625,2.965636730194092,0.8606517910957336,9.307774543762207
1700823045628862000,183.94086206054686,2.991908311843872,0.8681167364120483,9.298669815063477
1700823045638884000,183.95088403320312,3.0173044204711914,0.8770277500152588,9.289623260498047
1700823045648896000,183.96089599609374,3.0392544269561768,0.886224627494812,9.281591415405273
1700823045658744000,183.970744140625,3.178600549697876,0.914080023765564,9.23208236694336
1700823045668878000,183.98087817382813,3.187666893005371,0.9212158918380737,9.228246688842773
1700823045678886000,183.99088598632812,3.182828426361084,0.9288947582244873,9.229146003723145
1700823045688972000,184.00097192382813,3.173099994659424,0.9379904866218567,9.231576919555664
1700823045699003000,184.0110029296875,3.161022901535034,0.947582483291626,9.234739303588867
1700823045708980000,184.02097998046875,3.150611639022827,0.9573696851730347,9.237288475036621
1700823045719025000,184.03102490234374,3.1408848762512207,0.9656804203987122,9.239733695983887
1700823045729315000,184.04131518554686,3.1240437030792236,0.9708210229873657,9.244904518127441
1700823045738658000,184.05065795898437,3.0973548889160156,0.9716703295707703,9.253789901733398
1700823045748796000,184.0607958984375,3.0610899925231934,0.96880704164505,9.26615047454834
1700823045758641000,184.07064086914062,3.021604299545288,0.9619318842887878,9.279815673828125
1700823045768686000,184.08068603515625,2.9849400520324707,0.9524176716804504,9.292654037475586
1700823045778661000,184.0906611328125,2.9448089599609375,0.9411819577217102,9.30659294128418
1700823045788771000,184.10077099609376,2.9026026725769043,0.9303887486457825,9.320926666259766
1700823045798671000,184.11067114257813,2.8596980571746826,0.9212304949760437,9.335088729858398
1700823045808784000,184.12078393554688,2.89268159866333,0.8849237561225891,9.328434944152832
1700823045818803000,184.13080297851562,2.901925802230835,0.8434560298919678,9.329404830932617
1700823045828768000,184.14076806640625,2.899299144744873,0.7946113348007202,9.334508895874023
1700823045838702000,184.1507021484375,2.8891677856445312,0.7428028583526611,9.341914176940918
1700823045848849000,184.16084887695314,2.8678293228149414,0.6968567967414856,9.35202407836914
1700823045858844000,184.17084399414063,2.8357136249542236,0.6633233428001404,9.36424732208252
1700823045868979000,184.18097900390626,2.799844741821289,0.6409528255462646,9.376590728759766
1700823045878865000,184.1908649902344,2.756044626235962,0.6282660365104675,9.39041519165039
1700823045888812000,184.20081201171874,2.710827589035034,0.6200780868530273,9.4041109085083
1700823045898815000,184.21081494140626,2.6759629249572754,0.6115554571151733,9.414647102355957
1700823045908804000,184.22080419921875,2.6392054557800293,0.6016495823860168,9.42565631866455
1700823045918814000,184.23081396484375,2.588555335998535,0.5996569395065308,9.439818382263184
1700823045928947000,184.24094702148437,2.5283377170562744,0.5913055539131165,9.45665168762207
1700823045939051000,184.25105102539064,2.470759630203247,0.585601806640625,9.472212791442871
1700823045948788000,184.2607880859375,2.4230294227600098,0.5818658471107483,9.484764099121094
1700823045958792000,184.2707919921875,2.3826801776885986,0.5792346000671387,9.495141983032227
1700823045968886000,184.28088598632812,2.3384287357330322,0.5762544274330139,9.506317138671875
1700823045978727000,184.29072680664063,2.2717230319976807,0.7359434366226196,9.511469841003418
1700823045988814000,184.30081396484374,2.2441301345825195,0.7827402949333191,9.514284133911133
1700823045998879000,184.31087890625,2.217482328414917,0.7994479537010193,9.519140243530273
1700823046009029000,184.3210290527344,2.1882054805755615,0.8057380318641663,9.525383949279785
1700823046018890000,184.3308898925781,2.1514153480529785,0.8076075911521912,9.53360366821289
1700823046029129000,184.34112890625,2.1065781116485596,0.8094313144683838,9.543456077575684
1700823046038829000,184.3508291015625,2.057053327560425,0.8154612183570862,9.553740501403809
1700823046049949000,184.36194897460936,2.014962911605835,0.8372770547866821,9.560820579528809
1700823046058854000,184.37085400390626,1.973305344581604,0.8533230423927307,9.568086624145508
1700823046068830000,184.38082983398436,1.9341741800308228,0.8610513210296631,9.575383186340332
1700823046079021000,184.39102099609374,1.8916137218475342,0.8547399640083313,9.584446907043457
1700823046089044000,184.4010439453125,1.8511875867843628,0.8488476872444153,9.592860221862793
1700823046098948000,184.41094799804688,1.8137892484664917,0.8427613377571106,9.600537300109863
1700823046109097000,184.42109692382812,1.7804818153381348,0.8349144458770752,9.607455253601074
1700823046118886000,184.43088598632812,1.7511165142059326,0.8248770236968994,9.613717079162598
1700823046129116000,184.44111596679687,1.7234195470809937,0.8129886984825134,9.619735717773438
1700823046138852000,184.45085205078124,1.698035478591919,0.7993886470794678,9.625387191772461
1700823046148873000,184.460873046875,1.6779215335845947,0.7833858728408813,9.630226135253906
1700823046158695000,184.47069482421875,1.665778636932373,0.7659884691238403,9.633734703063965
1700823046168986000,184.48098608398436,1.6619676351547241,0.7493623495101929,9.635701179504395
1700823046178809000,184.49080908203126,1.6630922555923462,0.7353697419166565,9.63658332824707
1700823046188723000,184.50072290039063,1.6648101806640625,0.7247925400733948,9.637089729309082
1700823046198836000,184.5108359375,1.6664713621139526,0.7178422808647156,9.637322425842285
1700823046208783000,184.520783203125,1.668110966682434,0.7143687605857849,9.637295722961426
1700823046218818000,184.53081811523438,1.6692734956741333,0.7136115431785583,9.637151718139648
1700823046228764000,184.54076391601564,1.5895699262619019,0.7669733762741089,9.646522521972656
1700823046238852000,184.55085205078126,1.5183687210083008,0.8184577822685242,9.653759956359863
1700823046248831000,184.5608310546875,1.4235388040542603,0.8732485175132751,9.663403511047363
1700823046258898000,184.57089794921876,1.3057880401611328,0.9290469884872437,9.674821853637695
1700823046268900000,184.58090014648437,1.2131319046020508,0.9737968444824219,9.682479858398438
1700823046278808000,184.59080810546874,1.2179490327835083,0.9683806300163269,9.682417869567871
1700823046288773000,184.60077319335937,1.2144505977630615,0.965470016002655,9.683150291442871
1700823046298685000,184.61068481445312,1.2020914554595947,0.9678905010223389,9.684449195861816
1700823046308949000,184.62094897460938,1.184352993965149,0.9722972512245178,9.686193466186523
1700823046318813000,184.63081298828126,1.1663304567337036,0.9768266677856445,9.687925338745117
1700823046328810000,184.64081005859376,1.153172254562378,0.9793068170547485,9.689249992370605
1700823046338817000,184.65081713867187,1.1442817449569702,0.978739857673645,9.690359115600586
1700823046348917000,184.6609169921875,1.1398650407791138,0.9755731821060181,9.69119930267334
1700823046358844000,184.67084399414063,0.9272662401199341,0.717780351638794,9.73629093170166
1700823046368986000,184.68098608398438,0.7233592867851257,0.4885162115097046,9.767727851867676
1700823046378884000,184.69088403320313,0.58845454454422,0.3295534551143646,9.783431053161621
1700823046388815000,184.70081518554687,0.5131844878196716,0.21199557185173035,9.79091739654541
1700823046398868000,184.71086791992187,0.5111170411109924,0.2169964462518692,9.790918350219727
1700823046408791000,184.720791015625,0.5161375403404236,0.2238026261329651,9.790502548217773
1700823046418839000,184.73083911132812,0.5278109908103943,0.23087124526500702,9.789715766906738
1700823046428749000,184.7407490234375,0.5425251722335815,0.23938333988189697,9.788704872131348
1700823046438845000,184.75084497070313,0.5571042895317078,0.2480316460132599,9.78767204284668
1700823046449101000,184.76110107421874,0.5707125663757324,0.25571373105049133,9.786690711975098
1700823046458792000,184.7707919921875,0.582180917263031,0.2622588872909546,9.785840034484863
1700823046468745000,184.78074487304687,0.5927245020866394,0.26776012778282166,9.785058975219727
1700823046478837000,184.7908369140625,0.6011264324188232,0.273895263671875,9.784377098083496
1700823046488765000,184.80076489257812,0.605793833732605,0.2834320366382599,9.78381633758545
1700823046498850000,184.81085009765624,0.6089274287223816,0.2956520617008209,9.783262252807617
1700823046509721000,184.82172119140625,1.2241238355636597,0.5961688160896301,9.711668014526367
1700823046519311000,184.83131103515626,1.4914964437484741,0.7914078831672668,9.660202980041504
1700823046528695000,184.84069506835937,1.6367653608322144,0.9378402233123779,9.623505592346191
1700823046538750000,184.85075,1.6178193092346191,0.9511451125144958,9.625402450561523
1700823046548801000,184.86080102539063,1.5961018800735474,0.9607321619987488,9.628076553344727
1700823046558740000,184.87073999023437,1.7600702047348022,1.015732765197754,9.593791961669922
1700823046568881000,184.880880859375,1.8982501029968262,1.0067448616027832,9.568360328674316
1700823046578754000,184.89075415039062,1.9882032871246338,0.9647817611694336,9.554404258728027
1700823046588603000,184.9006027832031,2.022383451461792,0.9348606467247009,9.55020523071289
1700823046598887000,184.91088696289063,2.020493268966675,0.9288891553878784,9.551186561584473
1700823046608819000,184.92081884765625,2.0023245811462402,0.9408078789710999,9.553845405578613
1700823046618694000,184.93069384765624,1.9854400157928467,0.9568825364112854,9.55577278137207
1700823046628861000,184.94086083984374,1.971909523010254,0.973845899105072,9.55686092376709
1700823046638960000,184.95096020507813,1.9589611291885376,0.9908756613731384,9.55777359008789
1700823046648851000,184.96085083007813,1.9529736042022705,1.0007414817810059,9.557971954345703
1700823046659017000,184.97101684570313,1.9469541311264038,1.0069167613983154,9.558549880981445
1700823046668692000,184.98069189453125,1.940549612045288,1.0109995603561401,9.55942153930664
1700823046678802000,184.9908020019531,1.935525894165039,1.0138412714004517,9.560138702392578
1700823046688973000,185.00097314453126,1.932754397392273,1.0171388387680054,9.56035041809082
1700823046698833000,185.0108330078125,1.932884693145752,1.0208497047424316,9.559927940368652
1700823046708801000,185.02080102539063,1.9346237182617188,1.0245473384857178,9.559181213378906
1700823046718751000,185.0307509765625,1.9367241859436035,1.0291873216629028,9.558258056640625
1700823046728714000,185.0407138671875,1.938104271888733,1.0334385633468628,9.557518005371094
1700823046738839000,185.05083911132812,1.9407660961151123,1.0373504161834717,9.55655288696289
1700823046748865000,185.06086499023436,1.949673056602478,1.0405241250991821,9.554394721984863
1700823046758862000,185.0708620605469,1.9615252017974854,1.0433613061904907,9.551661491394043
1700823046768832000,185.08083203125,1.9695369005203247,1.0470929145812988,9.549603462219238
1700823046778729000,185.09072900390626,1.973559021949768,1.0520230531692505,9.548229217529297
1700823046789012000,185.10101196289062,1.9747730493545532,1.0595263242721558,9.547149658203125
1700823046798871000,185.11087109375,1.975679874420166,1.0686553716659546,9.545944213867188
1700823046808924000,185.120923828125,1.9764211177825928,1.0782301425933838,9.544713973999023
1700823046818897000,185.13089697265625,1.9761089086532593,1.087018370628357,9.543782234191895
1700823046828811000,185.14081103515625,1.9743363857269287,1.0949045419692993,9.54324722290039
1700823046838853000,185.15085302734374,1.9699589014053345,1.1009759902954102,9.54345417022705
1700823046848987000,185.16098681640625,1.9632117748260498,1.1046470403671265,9.544419288635254
1700823046859369000,185.17136889648438,1.9527024030685425,1.107223629951477,9.54627513885498
1700823046868717000,185.1807170410156,1.9404505491256714,1.1080706119537354,9.548676490783691
1700823046879066000,185.19106616210937,1.924418568611145,1.1076701879501343,9.551966667175293
1700823046888831000,185.2008310546875,1.9048686027526855,1.1064807176589966,9.556023597717285
1700823046898888000,185.21088793945313,1.8839759826660156,1.1061475276947021,9.560202598571777
1700823046908819000,185.22081884765626,1.8533587455749512,1.109032154083252,9.565852165222168
1700823046919073000,185.23107299804687,1.8216428756713867,1.1120508909225464,9.5715913772583
1700823046929919000,185.2419189453125,1.7880139350891113,1.1165060997009277,9.577412605285645
1700823046938917000,185.25091723632812,1.7445793151855469,1.0916165113449097,9.588284492492676
1700823046948775000,185.26077490234374,1.699427843093872,1.0636481046676636,9.599532127380371
1700823046958763000,185.27076293945314,1.6459879875183105,1.0379568338394165,9.61164665222168
1700823046968757000,185.28075708007813,1.5764433145523071,1.0209195613861084,9.6251220703125
1700823046978872000,185.2908720703125,1.4844688177108765,1.0068000555038452,9.641219139099121
1700823046988747000,185.3007470703125,1.3706196546554565,0.9958570003509521,9.659195899963379
1700823046998891000,185.31089111328126,1.2279256582260132,0.9947072267532349,9.678487777709961
1700823047008698000,185.32069799804688,1.1069629192352295,1.0027263164520264,9.692241668701172
1700823047018861000,185.3308610839844,0.9974293112754822,1.0095306634902954,9.70341968536377
1700823047028880000,185.3408798828125,0.8974474668502808,1.0132763385772705,9.712788581848145
1700823047039303000,185.35130297851563,0.8660311698913574,1.0150260925292969,9.715457916259766
1700823047048884000,185.36088403320312,0.8375403881072998,1.0144459009170532,9.71801471710205
1700823047058841000,185.37084106445312,0.8061451315879822,1.0102908611297607,9.721101760864258
1700823047068747000,185.3807470703125,0.7754115462303162,1.0035858154296875,9.724297523498535
1700823047078869000,185.39086889648436,0.7466168403625488,0.9961398839950562,9.727314949035645
1700823047088650000,185.40064990234376,0.7194564342498779,0.9889149069786072,9.730098724365234
1700823047098870000,185.4108701171875,0.6946534514427185,0.9819356799125671,9.7326078414917
1700823047108781000,185.42078100585937,0.6700608134269714,0.9737658500671387,9.735153198242188
1700823047119306000,185.43130590820311,0.6423042416572571,0.963306725025177,9.73806381225586
1700823047128964000,185.44096411132813,0.6164093017578125,0.9525055885314941,9.740799903869629
1700823047138840000,185.4508400878906,0.5906044244766235,0.9417305588722229,9.74344539642334
1700823047148804000,185.46080419921876,0.5639777183532715,0.9338955879211426,9.745776176452637
1700823047158885000,185.47088500976562,0.5342997908592224,0.9306061863899231,9.747762680053711
1700823047168701000,185.48070092773438,0.5037637948989868,0.930473804473877,9.749402046203613
1700823047179177000,185.49117700195313,0.47276949882507324,0.9332216382026672,9.750691413879395
1700823047189286000,185.50128588867187,0.4463438391685486,0.9364339113235474,9.751627922058105
1700823047198756000,185.51075610351563,0.4266027808189392,0.9387272596359253,9.752291679382324
1700823047208910000,185.52091015625,0.41194239258766174,0.939922034740448,9.752808570861816
1700823047218677000,185.53067700195314,0.4035322964191437,0.9378709197044373,9.753355979919434
1700823047228999000,185.5409990234375,0.39912325143814087,0.9323299527168274,9.754069328308105
1700823047238929000,185.55092895507812,0.39456573128700256,0.928838312625885,9.754585266113281
1700823047248931000,185.56093115234376,0.38726505637168884,0.9290761947631836,9.754857063293457
1700823047258954000,185.5709541015625,0.3771025538444519,0.9316580295562744,9.755009651184082
1700823047268789000,185.5807890625,0.3648410439491272,0.934260368347168,9.755227088928223
1700823047278807000,185.59080712890625,0.3532043695449829,0.93582683801651,9.75550651550293
1700823047288814000,185.60081396484375,0.3443342447280884,0.9347326159477234,9.755928039550781
1700823047298924000,185.61092407226562,0.33907121419906616,0.9300372004508972,9.756560325622559
1700823047308865000,185.62086499023437,0.3363742232322693,0.9214116930961609,9.757471084594727
1700823047319078000,185.63107788085938,0.33946868777275085,0.9097568988800049,9.758459091186523
1700823047328731000,185.64073095703125,0.35000646114349365,0.8952163457870483,9.759430885314941
1700823047339034000,185.6510341796875,0.36506080627441406,0.880046546459198,9.760257720947266
1700823047348966000,185.6609658203125,0.37909168004989624,0.8620762825012207,9.76132869720459
1700823047358823000,185.67082299804687,0.3901204466819763,0.84390789270401,9.762479782104492
1700823047368948000,185.68094799804686,0.4002554714679718,0.8274705410003662,9.763477325439453
1700823047378839000,185.69083911132813,0.41215047240257263,0.8137950897216797,9.764132499694824
1700823047388830000,185.7008298339844,0.42925065755844116,0.8032412528991699,9.76426887512207
1700823047398832000,185.71083203125,0.4518868625164032,0.795393705368042,9.763890266418457
1700823047408838000,185.720837890625,0.4808107614517212,0.7861304879188538,9.763259887695312
1700823047418838000,185.73083813476563,0.5160165429115295,0.7729010581970215,9.762516975402832
1700823047428842000,185.7408420410156,0.5564344525337219,0.7566007375717163,9.761575698852539
1700823047438718000,185.75071801757812,0.5828776359558105,0.7429515719413757,9.761079788208008
1700823047448910000,185.76091015625,0.6078700423240662,0.7318816184997559,9.760392189025879
1700823047458881000,185.77088110351562,0.6234270930290222,0.7256941795349121,9.759872436523438
1700823047468861000,185.78086083984374,0.6310884356498718,0.7225824594497681,9.759610176086426
1700823047478903000,185.79090307617187,0.8333137035369873,0.59843909740448,9.752838134765625
1700823047488832000,185.80083203125,0.835111677646637,0.6025339365005493,9.752433776855469
1700823047498886000,185.81088598632812,0.8389420509338379,0.6088894605636597,9.751707077026367
1700823047508688000,185.82068798828124,0.8447375893592834,0.6161226034164429,9.750754356384277
1700823047518850000,185.83085009765625,0.8502864837646484,0.6215542554855347,9.74992847442627
1700823047528874000,185.8408740234375,0.8852712512016296,0.6991130113601685,9.741557121276855
1700823047539036000,185.85103588867187,0.8933844566345215,0.7609712481498718,9.73617935180664
1700823047548874000,185.8608740234375,0.8909078240394592,0.8105576634407043,9.732403755187988
1700823047558814000,185.87081396484376,0.880989670753479,0.8521680235862732,9.729751586914062
1700823047568825000,185.8808251953125,0.8678712248802185,0.8811085820198059,9.728351593017578
1700823047578646000,185.89064599609375,0.8569132089614868,0.8975003361701965,9.727826118469238
1700823047588931000,185.90093115234376,0.8469243049621582,0.9080828428268433,9.727718353271484
1700823047600621000,185.91262109375,0.835558295249939,0.9188684225082397,9.72768783569336
1700823047608738000,185.92073803710937,0.8280717134475708,0.9285685420036316,9.72740650177002
1700823047618736000,185.93073608398439,0.82634037733078,0.9385004639625549,9.726600646972656
1700823047628750000,185.94075,0.8264163732528687,0.948361337184906,9.725638389587402
1700823047638768000,185.95076806640625,0.8271142840385437,0.9583525657653809,9.724599838256836
1700823047648740000,185.96073999023437,0.827211320400238,0.9660708904266357,9.723827362060547
1700823047658762000,185.97076196289063,0.8287410140037537,0.9711024761199951,9.723196029663086
1700823047668789000,185.9807890625,0.8334457874298096,0.9740379452705383,9.722500801086426
1700823047679187000,185.99118701171875,0.8400439023971558,0.97443687915802,9.721892356872559
1700823047688823000,186.00082299804689,0.844822347164154,0.9721136689186096,9.721711158752441
1700823047698940000,186.01093994140626,0.8465040326118469,0.9675027132034302,9.722023963928223
1700823047708797000,186.020796875,0.8438836336135864,0.9619836211204529,9.722799301147461
1700823047718708000,186.0307080078125,0.8417986035346985,0.9561284780502319,9.72355842590332
1700823047728957000,186.04095703125,0.8459481596946716,0.9521075487136841,9.723594665527344
1700823047738896000,186.05089575195314,0.8566612601280212,0.9526748061180115,9.722599983215332
1700823047748885000,186.06088500976563,0.8688777685165405,0.9540578126907349,9.721380233764648
1700823047758749000,186.0707490234375,0.8808879256248474,0.9542474746704102,9.720279693603516
1700823047768723000,186.0807229003906,0.8903040289878845,0.9515031576156616,9.719691276550293
1700823047778876000,186.0908759765625,0.9008557796478271,0.9453490376472473,9.719319343566895
1700823047788821000,186.10082104492187,0.9141618609428406,0.9357970356941223,9.719002723693848
1700823047798732000,186.11073193359374,0.9265408515930176,0.9286097884178162,9.718518257141113
1700823047808742000,186.12074194335938,0.9380506873130798,0.9276760220527649,9.71750259399414
1700823047818859000,186.13085888671876,0.9461667537689209,0.9317930936813354,9.716323852539062
1700823047828774000,186.14077392578125,0.9495307207107544,0.93830406665802,9.715368270874023
1700823047838671000,186.15067114257812,0.9490905404090881,0.9452019929885864,9.714742660522461
1700823047849098000,186.16109790039062,0.9552876353263855,0.9504048228263855,9.713627815246582
1700823047858798000,186.17079809570313,0.9645552635192871,0.9568561911582947,9.712078094482422
1700823047868808000,186.18080786132813,0.9728449583053589,0.9656897783279419,9.710375785827637
1700823047879087000,186.19108715820312,0.9717624187469482,0.977232038974762,9.709330558776855
1700823047888842000,186.20084204101562,0.9660937190055847,0.9927675127983093,9.708320617675781
1700823047898851000,186.21085107421874,0.955744743347168,1.0103148221969604,9.707533836364746
1700823047908904000,186.22090405273437,0.9430068135261536,1.0272282361984253,9.70700454711914
1700823047918934000,186.23093408203124,0.928791880607605,1.0419944524765015,9.706801414489746
1700823047928843000,186.24084301757813,0.9131576418876648,1.0550307035446167,9.706875801086426
1700823047938827000,186.25082690429687,0.8969330787658691,1.0669646263122559,9.707083702087402
1700823047948942000,186.26094213867188,0.8850216865539551,1.0772347450256348,9.707045555114746
1700823047958774000,186.27077392578124,0.8777788877487183,1.0867042541503906,9.706646919250488
1700823047968767000,186.28076708984375,0.8732125759124756,1.095185399055481,9.70610523223877
1700823047979483000,186.29148291015625,0.8654770255088806,1.1026105880737305,9.70595645904541
1700823047988783000,186.300783203125,0.8536942601203918,1.1083552837371826,9.70634651184082
1700823047998812000,186.31081201171875,0.838748574256897,1.112335205078125,9.707193374633789
1700823048008763000,186.32076293945312,0.8230635523796082,1.1122115850448608,9.708549499511719
1700823048018886000,186.33088598632813,0.806422770023346,1.1081169843673706,9.71041488647461
1700823048029608000,186.34160791015626,0.7896908521652222,1.1024632453918457,9.712433815002441
1700823048040203000,186.352203125,0.7727689146995544,1.0957038402557373,9.714559555053711
1700823048048887000,186.36088696289062,0.760653555393219,1.0905749797821045,9.71609115600586
1700823048058862000,186.37086206054687,0.7495108246803284,1.0854934453964233,9.717527389526367
1700823048068880000,186.3808798828125,0.7401391863822937,1.0804787874221802,9.718804359436035
1700823048079104000,186.39110400390626,0.7316554188728333,1.0756845474243164,9.719978332519531
1700823048089042000,186.4010419921875,0.7218997478485107,1.070254921913147,9.721306800842285
1700823048098949000,186.41094921875,0.7131564617156982,1.0639631748199463,9.72264289855957
1700823048108939000,186.42093896484374,0.7053899168968201,1.0569283962249756,9.723978042602539
1700823048118931000,186.43093090820312,0.6985357999801636,1.0511419773101807,9.725099563598633
1700823048130666000,186.442666015625,0.6951701641082764,1.0493576526641846,9.725531578063965
1700823048138943000,186.45094287109376,0.6928068995475769,1.0442728996276855,9.726248741149902
1700823048153507000,186.4655070800781,0.6997504830360413,1.0405293703079224,9.726153373718262
1700823048168883000,186.48088305664064,0.7014437913894653,1.0437778234481812,9.725683212280273
1700823048178776000,186.49077612304689,0.7014783024787903,1.053829312324524,9.72459602355957
1700823048188765000,186.50076489257813,0.6981032490730286,1.067091464996338,9.723392486572266
1700823048198681000,186.51068115234375,0.6942495107650757,1.0815941095352173,9.722064971923828
1700823048208652000,186.52065209960938,0.6914631128311157,1.0943810939788818,9.720832824707031
1700823048218659000,186.5306591796875,0.6533750891685486,1.192365050315857,9.711938858032227
1700823048229204000,186.54120385742186,0.5661147236824036,1.285387635231018,9.705548286437988
1700823048238703000,186.550703125,0.46981415152549744,1.324217438697815,9.70547103881836
1700823048248801000,186.56080102539062,0.3946358561515808,1.3146549463272095,9.710115432739258
1700823048258842000,186.57084204101562,0.36680853366851807,1.2886399030685425,9.714693069458008
1700823048268865000,186.58086499023437,0.3631114363670349,1.269925832748413,9.717296600341797
1700823048278879000,186.59087890625,0.3672252893447876,1.258864402770996,9.71858024597168
1700823048288899000,186.6008991699219,0.38566288352012634,1.256831407546997,9.718130111694336
1700823048298951000,186.61095092773436,0.45151159167289734,1.2930415868759155,9.710539817810059
1700823048308812000,186.62081201171875,0.4771522283554077,1.3010104894638062,9.708248138427734
1700823048318898000,186.63089794921876,0.5024099946022034,1.3079960346221924,9.706035614013672
1700823048329036000,186.6410361328125,0.5409837961196899,1.3190048933029175,9.702471733093262
1700823048339318000,186.65131811523437,0.5886895656585693,1.3281906843185425,9.698441505432129
1700823048348862000,186.66086206054686,0.6271002292633057,1.3297302722930908,9.695821762084961
1700823048358889000,186.67088891601563,0.6634796857833862,1.3227812051773071,9.694352149963379
1700823048368874000,186.6808740234375,0.6938537955284119,1.3105621337890625,9.693882942199707
1700823048379426000,186.69142602539063,0.7236843109130859,1.2960455417633057,9.69365406036377
1700823048388834000,186.700833984375,0.7499760985374451,1.2839099168777466,9.693270683288574
1700823048398849000,186.71084912109376,0.7853747010231018,1.31174635887146,9.686739921569824
1700823048408837000,186.72083715820312,0.8036714196205139,1.308547019958496,9.68567180633545
1700823048418855000,186.73085498046876,0.8579103946685791,1.258048415184021,9.687708854675293
1700823048428843000,186.74084301757813,0.8696990013122559,1.2640184164047241,9.685880661010742
1700823048438835000,186.7508349609375,0.8829852342605591,1.2701714038848877,9.68387508392334
1700823048449485000,186.76148510742186,0.9018699526786804,1.273481845855713,9.6816987991333
1700823048458879000,186.77087890625,0.9230033159255981,1.2758973836898804,9.679387092590332
1700823048468923000,186.7809228515625,1.0368220806121826,1.2099053859710693,9.676339149475098
1700823048478779000,186.79077880859376,1.0859510898590088,1.1932640075683594,9.673016548156738
1700823048488872000,186.80087182617189,1.116929531097412,1.1883050203323364,9.670099258422852
1700823048498889000,186.8108889160156,1.1439344882965088,1.1820087432861328,9.667713165283203
1700823048508884000,186.82088403320313,1.1704325675964355,1.1630421876907349,9.666841506958008
1700823048518895000,186.83089501953125,1.1945236921310425,1.107074499130249,9.670465469360352
1700823048529089000,186.84108911132813,1.2271463871002197,1.01441490650177,9.676541328430176
1700823048541190000,186.85318994140624,1.2892191410064697,0.9091817140579224,9.67893123626709
1700823048554768400,186.8667683105469,1.3545342683792114,0.8508070111274719,9.675318717956543
1700823048568909000,186.88090893554687,1.3844752311706543,0.836028516292572,9.672367095947266
1700823048578823000,186.89082299804687,1.4162778854370117,0.8254732489585876,9.668668746948242
1700823048588718000,186.90071801757813,1.4482190608978271,0.8240160346031189,9.66405963897705
1700823048598941000,186.91094091796876,1.4763193130493164,0.8339625000953674,9.658954620361328
1700823048608822000,186.92082202148438,1.4930331707000732,0.8500035405158997,9.654985427856445
1700823048620041000,186.932041015625,1.4994523525238037,0.8733099102973938,9.651911735534668
1700823048628874000,186.9408740234375,1.5048907995224,0.8884259462356567,9.649685859680176
1700823048638669000,186.9506689453125,1.5106483697891235,0.9024214148521423,9.647485733032227
1700823048648750000,186.96075,1.522700548171997,0.9146116375923157,9.644441604614258
1700823048659507000,186.9715068359375,1.5381085872650146,0.9272668361663818,9.640787124633789
1700823048668785000,186.98078491210939,1.554223895072937,0.9355427622795105,9.637404441833496
1700823048678927000,186.99092700195314,1.5701626539230347,0.9379045367240906,9.634590148925781
1700823048688777000,187.00077685546876,1.5892939567565918,0.9360162615776062,9.631635665893555
1700823048698786000,187.0107861328125,1.6105577945709229,0.9338576197624207,9.628314971923828
1700823048708798000,187.0207978515625,1.6303659677505493,0.9341174364089966,9.624954223632812
1700823048718858000,187.03085791015624,1.6477683782577515,0.9355606436729431,9.62185001373291
1700823048728822000,187.0408220214844,1.6614900827407837,0.9332175850868225,9.61971664428711
1700823048738976000,187.05097607421874,1.6728192567825317,0.9262538552284241,9.618427276611328
1700823048748799000,187.06079907226564,1.6840280294418335,0.9163652062416077,9.61741828918457
1700823048758954000,187.0709541015625,1.698791265487671,0.9032949805259705,9.616056442260742
1700823048768943000,187.08094311523436,1.7165625095367432,0.8877695202827454,9.614347457885742
1700823048778984000,187.09098388671876,1.7305711507797241,0.8685621619224548,9.613591194152832
1700823048788841000,187.10084106445314,1.728646993637085,0.8490390777587891,9.615680694580078
1700823048799613000,187.11161303710938,1.717511773109436,0.8296288847923279,9.619368553161621
1700823048808900000,187.1209001464844,1.706825613975525,0.8164405822753906,9.62239933013916
1700823048818817000,187.1308171386719,1.6983026266098022,0.8039511442184448,9.624959945678711
1700823048828812000,187.14081201171874,1.696336269378662,0.7918763756752014,9.626306533813477
1700823048838758000,187.1507578125,1.7028017044067383,0.7788420915603638,9.626229286193848
1700823048848896000,187.16089599609376,1.717555046081543,0.7672770619392395,9.624537467956543
1700823048858939000,187.17093896484374,1.7371658086776733,0.7596680521965027,9.621620178222656
1700823048868910000,187.18091015625,1.7577975988388062,0.7583560943603516,9.617976188659668
1700823048878891000,187.19089111328125,1.7761738300323486,0.761986255645752,9.614311218261719
1700823048888868000,187.2008681640625,1.7932547330856323,0.7638651728630066,9.610990524291992
1700823048898857000,187.21085693359376,1.8099615573883057,0.7570686936378479,9.60839557647705
1700823048908758000,187.22075805664062,1.8282909393310547,0.7417106628417969,9.606123924255371
1700823048918925000,187.2309250488281,1.8494629859924316,0.7209934592247009,9.60364818572998
1700823048930050000,187.24205004882813,1.874468207359314,0.6995882391929626,9.600381851196289
1700823048938766000,187.25076611328126,1.8913304805755615,0.6832102537155151,9.598254203796387
1700823048949014000,187.26101391601563,1.9092706441879272,0.6748720407485962,9.595292091369629
1700823048958799000,187.27079907226562,1.9230952262878418,0.672720730304718,9.592682838439941
1700823048968768000,187.28076806640624,1.9299992322921753,0.6735498309135437,9.59123706817627
1700823048978663000,187.2906628417969,1.9279454946517944,0.6748299598693848,9.591560363769531
1700823048988786000,187.30078588867187,1.9223881959915161,0.6776695847511292,9.592475891113281
1700823048998751000,187.3107509765625,1.918809175491333,0.6832438707351685,9.592795372009277
1700823049008792000,187.3207919921875,1.9232646226882935,0.6900707483291626,9.591415405273438
1700823049018755000,187.33075512695314,1.936431646347046,0.6950593590736389,9.58840560913086
1700823049028740000,187.34073999023437,1.952115774154663,0.6977788805961609,9.585026741027832
1700823049038862000,187.3508620605469,1.9552806615829468,0.6994865536689758,9.584257125854492
1700823049048913000,187.36091284179687,1.9385125637054443,0.6988961696624756,9.587705612182617
1700823049058931000,187.37093090820312,1.9092519283294678,0.7016989588737488,9.593371391296387
1700823049068629000,187.38062890625,1.8750669956207275,0.7015829086303711,9.600119590759277
1700823049078677000,187.39067700195312,1.846287488937378,0.7077478766441345,9.605243682861328
1700823049088761000,187.40076098632812,1.8284233808517456,0.7193412780761719,9.607799530029297
1700823049098804000,187.41080395507814,1.832367181777954,0.7327277064323425,9.606036186218262
1700823049109387000,187.42138696289064,1.849009394645691,0.7478215098381042,9.601683616638184
1700823049118862000,187.43086206054687,1.869822382926941,0.759433925151825,9.596739768981934
1700823049128765000,187.44076489257813,1.8982261419296265,0.7681766152381897,9.590465545654297
1700823049138864000,187.45086401367186,1.9225445985794067,0.7730737328529358,9.585227012634277
1700823049148934000,187.46093383789062,1.9412693977355957,0.7760753035545349,9.581209182739258
1700823049158831000,187.4708310546875,1.959179162979126,0.7778834700584412,9.577417373657227
1700823049169457000,187.48145678710938,1.979380488395691,0.7809039950370789,9.573017120361328
1700823049178827000,187.49082690429688,2.0089845657348633,0.7861676216125488,9.566414833068848
1700823049188677000,187.50067700195314,2.0586752891540527,0.7927873730659485,9.5552978515625
1700823049198816000,187.51081591796876,2.108099937438965,0.7956532835960388,9.54427719116211
1700823049208813000,187.52081298828125,2.142202615737915,0.790695071220398,9.537093162536621
1700823049218842000,187.53084204101563,2.1577515602111816,0.7757725119590759,9.53481388092041
1700823049228833000,187.5408330078125,2.158473253250122,0.7535913586616516,9.536428451538086
1700823049238919000,187.5509189453125,2.151339292526245,0.7303101420402527,9.5398530960083
1700823049249021000,187.56102099609376,2.136194944381714,0.7127197980880737,9.544586181640625
1700823049259057000,187.57105688476562,2.1161017417907715,0.7061968445777893,9.549543380737305
1700823049268863000,187.58086303710937,2.094728946685791,0.7049263715744019,9.554348945617676
1700823049278873000,187.590873046875,2.0785775184631348,0.7076753973960876,9.557671546936035
1700823049288708000,187.6007080078125,2.0648162364959717,0.7120304107666016,9.560331344604492
1700823049299027000,187.61102685546874,2.0523083209991455,0.7134443521499634,9.562919616699219
1700823049308970000,187.62096997070313,2.03774356842041,0.7088955640792847,9.566370964050293
1700823049318879000,187.63087890625,2.0173323154449463,0.6966279149055481,9.5715970993042
1700823049329006000,187.64100610351562,1.9953298568725586,0.6805839538574219,9.577361106872559
1700823049338890000,187.65088989257814,1.96727454662323,0.6628408432006836,9.584407806396484
1700823049349125000,187.661125,1.9347096681594849,0.6467869281768799,9.592130661010742
1700823049359110000,187.67110986328126,1.8989042043685913,0.6318240165710449,9.600278854370117
1700823049368805000,187.68080517578124,1.8512729406356812,0.5856982469558716,9.612500190734863
1700823049378668000,187.69066796875,1.8242870569229126,0.560183584690094,9.619176864624023
1700823049388988000,187.70098779296876,1.8126271963119507,0.5399994254112244,9.62253475189209
1700823049398858000,187.71085791015625,1.8082752227783203,0.5283066630363464,9.624001502990723
1700823049408792000,187.7207919921875,1.8149571418762207,0.5251198410987854,9.622920036315918
1700823049418782000,187.7307819824219,1.8374507427215576,0.5417673587799072,9.617725372314453
1700823049428803000,187.74080297851563,1.8883748054504395,0.5885612368583679,9.605104446411133
1700823049438824000,187.75082397460938,1.9279683828353882,0.638457179069519,9.594045639038086
1700823049448679000,187.76067895507813,1.9385411739349365,0.675582230091095,9.589371681213379
1700823049458876000,187.7708759765625,1.9262971878051758,0.6732075810432434,9.592005729675293
1700823049468981000,187.78098095703126,1.923580288887024,0.6724912524223328,9.59260082244873
1700823049478800000,187.7907998046875,1.9292981624603271,0.6705924272537231,9.591586112976074
1700823049488812000,187.80081201171876,1.9363954067230225,0.6698632836341858,9.59020709991455
1700823049498788000,187.8107880859375,1.9329981803894043,0.6690282821655273,9.590950012207031
1700823049508763000,187.82076293945312,1.9087492227554321,0.665138304233551,9.596075057983398
1700823049518958000,187.8309580078125,1.8676445484161377,0.6554679274559021,9.60482406616211
1700823049528834000,187.840833984375,1.8266905546188354,0.6403335332870483,9.61371898651123
1700823049538734000,187.85073413085937,1.790432333946228,0.6196291446685791,9.621892929077148
1700823049548951000,187.86095092773436,1.7614643573760986,0.5943900942802429,9.628829002380371
1700823049558723000,187.87072314453124,1.7315622568130493,0.5652890801429749,9.636001586914062
1700823049568817000,187.88081689453125,1.6898335218429565,0.5329682230949402,9.645247459411621
1700823049578858000,187.89085791015626,1.6385762691497803,0.5019397735595703,9.655750274658203
1700823049588858000,187.90085815429688,1.5814028978347778,0.4713684022426605,9.666818618774414
1700823049598841000,187.91084106445314,1.5244168043136597,0.43993982672691345,9.677448272705078
1700823049609348000,187.92134814453124,1.4725854396820068,0.40719547867774963,9.68690299987793
1700823049618996000,187.9309958496094,1.425331473350525,0.3723962604999542,9.695367813110352
1700823049629042000,187.9410419921875,1.385373592376709,0.33788901567459106,9.702420234680176
1700823049638711000,187.9507109375,1.3491483926773071,0.3013949692249298,9.708725929260254
1700823049648833000,187.9608330078125,1.3121581077575684,0.2642357647418976,9.714875221252441
1700823049658840000,187.97084008789062,1.2789175510406494,0.2332403063774109,9.720102310180664
1700823049668872000,187.98087182617186,1.2499971389770508,0.20370851457118988,9.724526405334473
1700823049678759000,187.99075903320312,1.221260905265808,0.1778969019651413,9.728684425354004
1700823049689136000,188.00113623046875,1.1827876567840576,0.15525369346141815,9.733821868896484
1700823049698710000,188.0107099609375,1.1336498260498047,0.13640344142913818,9.739950180053711
1700823049708670000,188.020669921875,1.0800859928131104,0.12095891684293747,9.74623966217041
1700823049718655000,188.03065502929687,1.0263983011245728,0.10563743114471436,9.752218246459961
1700823049728903000,188.04090283203124,0.974373459815979,0.08837386965751648,9.757725715637207
1700823049738772000,188.05077197265626,0.9243471622467041,0.06943096965551376,9.76274299621582
1700823049748772000,188.06077221679686,0.8701958656311035,0.049984805285930634,9.767837524414062
1700823049758777000,188.0707770996094,0.8081114888191223,0.030025720596313477,9.7732515335083
1700823049768754000,188.08075390625,0.7403250336647034,0.010267711244523525,9.778661727905273
1700823049778748000,188.09074780273437,0.664818286895752,-0.009646949358284473,9.78408432006836
1700823049788907000,188.10090698242186,0.5903255939483643,-0.025382278487086296,9.788833618164062
1700823049798795000,188.110794921875,0.5140630602836609,-0.03688304126262665,9.793098449707031
1700823049808791000,188.120791015625,0.43840017914772034,-0.04762246087193489,9.796730041503906
1700823049818807000,188.13080712890624,0.3606172800064087,-0.05975889042019844,9.799834251403809
1700823049828769000,188.14076904296874,0.28180208802223206,-0.07264555245637894,9.802331924438477
1700823049838685000,188.15068481445311,0.35585516691207886,-0.06846475601196289,9.799952507019043
1700823049848846000,188.16084619140625,0.45369887351989746,-0.05135609582066536,9.796015739440918
1700823049858831000,188.1708310546875,0.6026169657707214,-0.002403554040938616,9.788116455078125
1700823049868817000,188.18081689453126,0.7915800213813782,0.08266805857419968,9.774300575256348
1700823049878852000,188.19085205078125,1.0125163793563843,0.17595043778419495,9.752653121948242
1700823049888855000,188.20085498046876,1.2083452939987183,0.2157534658908844,9.729530334472656
1700823049898951000,188.2109509277344,1.122475504875183,0.21145810186862946,9.739903450012207
1700823049908806000,188.22080590820312,1.0422674417495728,0.2067541629076004,9.748913764953613
1700823049918849000,188.23084912109374,0.9698270559310913,0.20046967267990112,9.756516456604004
1700823049928835000,188.2408349609375,0.8872884511947632,0.19092005491256714,9.76456069946289
1700823049939799000,188.2517990722656,0.804340124130249,0.1795484721660614,9.771958351135254
1700823049949036000,188.2610361328125,0.7228899002075195,0.16778145730495453,9.778531074523926
1700823049958866000,188.27086596679686,0.6394932866096497,0.15798692405223846,9.784502983093262
1700823049968762000,188.28076220703124,0.5411550402641296,0.14969898760318756,9.790562629699707
1700823049978680000,188.29068017578126,0.443681925535202,0.142622172832489,9.795571327209473
1700823049988948000,188.30094799804687,0.3330097198486328,0.14032353460788727,9.799991607666016
1700823049998821000,188.31082104492188,0.21903029084205627,0.14443886280059814,9.803141593933105
1700823050008873000,188.320873046875,0.12009411305189133,0.15205402672290802,9.80473804473877
1700823050018960000,188.3309599609375,0.014130816794931889,0.1579495072364807,9.805367469787598
1700823050028957000,188.34095703125,-0.10613047331571579,0.16039280593395233,9.804763793945312
1700823050038723000,188.35072314453126,-0.2122960090637207,0.16182781755924225,9.803016662597656
1700823050048882000,188.3608818359375,-0.3377215564250946,0.16417115926742554,9.799458503723145
1700823050058892000,188.37089208984375,-0.6987935900688171,0.03673047944903374,9.781652450561523
1700823050068896000,188.38089599609376,-0.9854711890220642,-0.05306202173233032,9.756866455078125
1700823050078895000,188.39089501953126,-1.2000346183776855,-0.1052493080496788,9.732381820678711
1700823050088909000,188.40090893554688,-1.3841063976287842,-0.12030395865440369,9.70773696899414
1700823050098879000,188.41087890625,-1.5540993213653564,-0.11716361343860626,9.682016372680664
1700823050108894000,188.42089404296874,-1.718382716178894,-0.11320669203996658,9.654260635375977
1700823050118897000,188.43089697265626,-1.897611141204834,-0.12149755656719208,9.620535850524902
1700823050128862000,188.44086206054686,-2.1028473377227783,-0.168814018368721,9.57705307006836
1700823050138992000,188.4509921875,-2.211737871170044,-0.17019669711589813,9.552469253540039
1700823050148761000,188.46076098632813,-2.339176654815674,-0.186914324760437,9.521750450134277
1700823050158686000,188.47068603515626,-2.461357355117798,-0.201848566532135,9.490592956542969
1700823050168696000,188.48069604492187,-2.590855360031128,-0.21265462040901184,9.455825805664062
1700823050178861000,188.49086108398438,-2.6925971508026123,-0.22064006328582764,9.427173614501953
1700823050188754000,188.50075390625,-2.8030495643615723,-0.22023586928844452,9.394935607910156
1700823050198730000,188.51072998046874,-2.8979549407958984,-0.21713702380657196,9.366168022155762
1700823050208720000,188.5207199707031,-2.9608116149902344,-0.21626345813274384,9.346508979797363
1700823050218986000,188.53098608398437,-3.008556365966797,-0.215872123837471,9.331259727478027
1700823050228822000,188.5408220214844,-3.0536744594573975,-0.21637743711471558,9.316579818725586
1700823050238667000,188.5506669921875,-3.105769395828247,-0.21812398731708527,9.29930305480957
1700823050248763000,188.56076293945313,-3.1683390140533447,-0.22610242664813995,9.27798080444336
1700823050258670000,188.57067016601562,-3.2241415977478027,-0.23961949348449707,9.258395195007324
1700823050268691000,188.58069091796875,-3.2695882320404053,-0.25236937403678894,9.242103576660156
1700823050278820000,188.59082006835936,-3.309156656265259,-0.26396191120147705,9.227685928344727
1700823050289015000,188.60101513671876,-3.338620662689209,-0.27319589257240295,9.216798782348633
1700823050299016000,188.61101586914063,-3.358445405960083,-0.2768228352069855,9.20948600769043
1700823050309039000,188.6210390625,-3.365858793258667,-0.2733253538608551,9.206881523132324
1700823050318889000,188.63088891601564,-3.3580431938171387,-0.264280766248703,9.210000991821289
1700823050329103000,188.64110302734375,-3.3393969535827637,-0.24987433850765228,9.217178344726562
1700823050338855000,188.65085498046875,-3.334083080291748,-0.23758535087108612,9.219426155090332
1700823050348818000,188.66081787109374,-3.3221595287323,-0.23194530606269836,9.223876953125
1700823050358697000,188.6706970214844,-3.321845054626465,-0.22899287939071655,9.224061965942383
1700823050368807000,188.68080688476562,-3.3439996242523193,-0.22054040431976318,9.216259956359863
1700823050378853000,188.69085302734376,-3.3543221950531006,-0.1998945027589798,9.212977409362793
1700823050388831000,188.7008310546875,-3.3241474628448486,-0.15891572833061218,9.22470474243164
1700823050398859000,188.71085888671874,-3.2719080448150635,-0.11461743712425232,9.244019508361816
1700823050408835000,188.7208349609375,-3.202446937561035,-0.0642266795039177,9.268797874450684
1700823050418855000,188.73085498046876,-3.1475324630737305,-0.030427871271967888,9.287761688232422
1700823050428821000,188.7408210449219,-3.1138434410095215,-0.014019173569977283,9.299151420593262
1700823050438882000,188.75088208007813,-3.1015422344207764,-0.009037584997713566,9.303266525268555
1700823050448826000,188.760826171875,-3.107667922973633,-0.004448796156793833,9.301224708557129
1700823050458899000,188.77089892578124,-3.1102280616760254,0.004618600010871887,9.300369262695312
1700823050468841000,188.7808410644531,-3.080505847930908,0.02257920429110527,9.31022834777832
1700823050478855000,188.79085498046874,-3.0240695476531982,0.0498509518802166,9.328605651855469
1700823050488874000,188.8008740234375,-2.9609384536743164,0.08206044137477875,9.348609924316406
1700823050498722000,188.81072216796875,-2.9196231365203857,0.11473551392555237,9.361254692077637
1700823050508867000,188.8208671875,-2.9179279804229736,0.1378796547651291,9.361469268798828
1700823050518881000,188.83088110351562,-2.9290194511413574,0.14106354117393494,9.357954978942871
1700823050528983000,188.84098315429688,-2.9100825786590576,0.13827742636203766,9.36390495300293
1700823050538898000,188.85089794921876,-2.8558189868927,0.1461193710565567,9.380475044250488
1700823050548940000,188.86093994140626,-2.7773399353027344,0.16468758881092072,9.403706550598145
1700823050558852000,188.87085205078125,-2.701232433319092,0.1839843988418579,9.425490379333496
1700823050568705000,188.880705078125,-2.6488637924194336,0.1967114955186844,9.44008731842041
1700823050578857000,188.89085693359374,-2.6200475692749023,0.20376579463481903,9.447975158691406
1700823050589085000,188.9010849609375,-2.609689712524414,0.20846447348594666,9.450740814208984
1700823050599030000,188.91103002929688,-2.6121904850006104,0.21261779963970184,9.449956893920898
1700823050609043000,188.92104296875,-2.593060255050659,0.21920184791088104,9.455074310302734
1700823050618886000,188.93088598632812,-2.5266976356506348,0.23420944809913635,9.472661018371582
1700823050629182000,188.94118188476563,-2.433124542236328,0.2531093657016754,9.496644020080566
1700823050639086000,188.95108618164062,-2.3445589542388916,0.2631424069404602,9.518623352050781
1700823050648829000,188.9608288574219,-2.3105921745300293,0.254243940114975,9.527168273925781
1700823050658813000,188.97081298828124,-2.2892138957977295,0.2500789165496826,9.532439231872559
1700823050668866000,188.98086596679687,-2.274354934692383,0.25166386365890503,9.5359525680542
1700823050678845000,188.99084497070314,-2.25661039352417,0.25714054703712463,9.540020942687988
1700823050688929000,189.00092895507814,-2.2066636085510254,0.2673340141773224,9.551416397094727
1700823050698856000,189.01085595703125,-2.126222848892212,0.2846285402774811,9.569146156311035
1700823050708823000,189.02082299804687,-2.0445027351379395,0.3047919273376465,9.586318016052246
1700823050718816000,189.03081591796874,-1.96843421459198,0.32706719636917114,9.601494789123535
1700823050728845000,189.04084497070312,-1.8926713466644287,0.34819909930229187,9.615975379943848
1700823050741059000,189.05305908203124,-1.8226416110992432,0.367055207490921,9.628790855407715
1700823050750496000,189.06249609375,-1.7742127180099487,0.3831166923046112,9.637208938598633
1700823050758744000,189.070744140625,-1.74854576587677,0.3932119607925415,9.641491889953613
1700823050768870000,189.08086987304688,-1.7263216972351074,0.3971951901912689,9.645334243774414
1700823050778693000,189.0906931152344,-1.687957763671875,0.39844810962677,9.652069091796875
1700823050788767000,189.10076708984374,-1.6265076398849487,0.40578123927116394,9.662309646606445
1700823050798893000,189.11089306640625,-1.5490268468856812,0.4189215898513794,9.674474716186523
1700823050808800000,189.12080004882813,-1.4789783954620361,0.43575960397720337,9.684685707092285
1700823050818813000,189.13081298828126,-1.4249825477600098,0.4525769054889679,9.692007064819336
1700823050828762000,189.14076220703126,-1.3961633443832397,0.46926674246788025,9.695405960083008
1700823050839052000,189.15105200195313,-1.3935165405273438,0.4859066307544708,9.694969177246094
1700823050848795000,189.160794921875,-1.406900405883789,0.4919324517250061,9.692731857299805
1700823050858856000,189.17085595703125,-1.4191186428070068,0.4852958023548126,9.691285133361816
1700823050868794000,189.18079418945314,-1.4036310911178589,0.4720321297645569,9.694192886352539
1700823050878815000,189.19081494140624,-1.3740736246109009,0.45846185088157654,9.699078559875488
1700823050888717000,189.20071704101562,-1.3421177864074707,0.4457818269729614,9.704144477844238
1700823050898820000,189.21082006835937,-1.3143255710601807,0.438225120306015,9.708290100097656
1700823050908758000,189.22075805664062,-1.2978391647338867,0.43810880184173584,9.7105131149292
1700823050918814000,189.23081396484375,-1.299780249595642,0.4386398494243622,9.710230827331543
1700823050928819000,189.24081884765624,-1.3182991743087769,0.43351447582244873,9.707963943481445
1700823050938751000,189.2507509765625,-1.3360908031463623,0.42147740721702576,9.706061363220215
1700823050948759000,189.26075903320313,-1.3485019207000732,0.40315908193588257,9.705122947692871
1700823050958757000,189.2707570800781,-1.3344308137893677,0.3812418282032013,9.707952499389648
1700823050968842000,189.28084204101563,-1.3140602111816406,0.3620242178440094,9.711465835571289
1700823050978911000,189.29091088867187,-1.3014971017837524,0.3452531099319458,9.713769912719727
1700823050988654000,189.3006540527344,-1.2981313467025757,0.3321899473667145,9.71467399597168
1700823050998763000,189.31076293945313,-1.299604892730713,0.3201683759689331,9.714882850646973
1700823051008802000,189.32080200195313,-1.3101485967636108,0.30530571937561035,9.713942527770996
1700823051018810000,189.33081005859376,-1.3216841220855713,0.2851005494594574,9.712993621826172
1700823051028887000,189.34088696289064,-1.3287795782089233,0.25926321744918823,9.712750434875488
1700823051038793000,189.35079296875,-1.3321359157562256,0.23245471715927124,9.712970733642578
1700823051048768000,189.36076806640625,-1.328601360321045,0.2078884243965149,9.714010238647461
1700823051058816000,189.37081591796874,-1.3194856643676758,0.18898294866085052,9.715638160705566
1700823051068809000,189.38080908203125,-1.308239459991455,0.174173504114151,9.717435836791992
1700823051078835000,189.3908349609375,-1.3002893924713135,0.16441023349761963,9.718674659729004
1700823051088793000,189.40079296875,-1.4534358978271484,0.2773395776748657,9.694380760192871
1700823051098816000,189.41081591796876,-1.4423434734344482,0.2780854105949402,9.696015357971191
1700823051109282000,189.42128198242187,-1.4410948753356934,0.2759524881839752,9.69626235961914
1700823051118845000,189.43084497070313,-1.441101312637329,0.2720923125743866,9.696371078491211
1700823051128813000,189.44081298828124,-1.5253117084503174,0.3024596869945526,9.68257999420166
1700823051138876000,189.4508759765625,-1.6129145622253418,0.356143057346344,9.666543960571289
1700823051148836000,189.46083618164062,-1.695173740386963,0.45158788561820984,9.64846420288086
1700823051159035000,189.4710349121094,-1.725598692893982,0.5658771395683289,9.637039184570312
1700823051168747000,189.4807470703125,-1.706084966659546,0.6137728095054626,9.637580871582031
1700823051178806000,189.49080590820313,-1.6781617403030396,0.6261395812034607,9.641685485839844
1700823051188819000,189.50081884765626,-1.6548206806182861,0.6335101127624512,9.64523983001709
1700823051198680000,189.51068017578126,-1.6476216316223145,0.6227262616157532,9.647172927856445
1700823051208707000,189.52070703125,-1.6487200260162354,0.5614975690841675,9.650742530822754
1700823051218862000,189.53086206054687,-1.6262918710708618,0.5735822916030884,9.653837203979492
1700823051228813000,189.54081298828126,-1.606658935546875,0.5801011323928833,9.656734466552734
1700823051238853000,189.55085302734375,-1.5685434341430664,0.5885118246078491,9.662489891052246
1700823051248825000,189.5608251953125,-1.5212416648864746,0.6003758907318115,9.669320106506348
1700823051258863000,189.57086303710938,-1.4886703491210938,0.6169301271438599,9.673347473144531
1700823051268811000,189.58081103515624,-1.4550187587738037,0.6340615749359131,9.677360534667969
1700823051278662000,189.59066186523438,-1.4129670858383179,0.6547641754150391,9.682210922241211
1700823051288808000,189.60080786132812,-1.3788042068481445,0.674042284488678,9.685812950134277
1700823051298817000,189.61081713867188,-1.3952163457870483,0.6388269066810608,9.685848236083984
1700823051308764000,189.62076391601562,-1.3565431833267212,0.6427090167999268,9.691083908081055
1700823051318799000,189.63079907226563,-1.3138684034347534,0.6620172262191772,9.695662498474121
1700823051328861000,189.64086083984375,-1.208166480064392,0.6338520646095276,9.71127986907959
1700823051339222000,189.65122192382813,-1.1425660848617554,0.5699403882026672,9.723173141479492
1700823051348820000,189.66082006835939,-1.1243079900741577,0.4800359904766083,9.730154037475586
1700823051358647000,189.67064697265624,-1.1265473365783691,0.39124563336372375,9.733870506286621
1700823051368810000,189.68081005859375,-1.1196306943893433,0.33208853006362915,9.736865997314453
1700823051378824000,189.69082397460937,-1.0836889743804932,0.3136214315891266,9.74154281616211
1700823051389076000,189.70107592773437,-1.046912670135498,0.33168959617614746,9.744965553283691
1700823051398809000,189.71080908203126,-1.0050818920135498,0.34911593794822693,9.748760223388672
1700823051408811000,189.72081103515626,-0.9482091069221497,0.36359307169914246,9.753928184509277
1700823051418790000,189.73078979492186,-0.883729875087738,0.3786793053150177,9.759407997131348
1700823051428800000,189.74080004882813,-0.823023796081543,0.39686933159828186,9.76399040222168
1700823051438914000,189.7509140625,-0.7651181221008301,0.4186769723892212,9.767788887023926
1700823051448934000,189.76093383789063,-0.7180752158164978,0.43907880783081055,9.770462989807129
1700823051458896000,189.77089575195313,-0.6781798601150513,0.4547954499721527,9.772595405578613
1700823051468792000,189.7807919921875,-0.6191133260726929,0.4695686399936676,9.775816917419434
1700823051478820000,189.79082006835938,-0.5348960161209106,0.4847688674926758,9.780045509338379
1700823051488812000,189.80081201171876,-0.4485083222389221,0.4969564378261566,9.783775329589844
1700823051498821000,189.81082104492188,-0.3647820055484772,0.5054690837860107,9.786819458007812
1700823051508810000,189.82081005859374,-0.3023679256439209,0.5092722773551941,9.788748741149902
1700823051518757000,189.83075708007811,-0.2587432861328125,0.5102952122688293,9.789946556091309
1700823051528689000,189.84068896484376,-0.2159527838230133,0.5125312805175781,9.790865898132324
1700823051538837000,189.8508369140625,-0.16137772798538208,0.513050377368927,9.791893005371094
1700823051548818000,189.86081787109376,-0.10232757031917572,0.5125976204872131,9.792709350585938
1700823051558831000,189.8708310546875,-0.037995677441358566,0.5115758776664734,9.79322338104248
1700823051568736000,189.88073608398437,0.031833648681640625,0.5137693285942078,9.793130874633789
1700823051578715000,189.89071484375,0.0777495950460434,0.5179504156112671,9.792654037475586
1700823051588849000,189.90084887695312,0.1057668998837471,0.5206202268600464,9.792250633239746
1700823051598985000,189.91098486328124,0.1288262903690338,0.5240180492401123,9.791792869567871
1700823051608696000,189.92069604492187,0.17178572714328766,0.5272615551948547,9.790959358215332
1700823051618809000,189.93080908203126,0.21395371854305267,0.5275871157646179,9.790111541748047
1700823051628818000,189.94081787109374,0.25111353397369385,0.5252314805984497,9.789355278015137
1700823051638858000,189.95085791015626,0.2801496684551239,0.521841287612915,9.788748741149902
1700823051648831000,189.9608310546875,0.3046703636646271,0.5179726481437683,9.78822135925293
1700823051658702000,189.9707021484375,0.327656090259552,0.5147562623023987,9.787649154663086
1700823051669680000,189.98168017578126,0.3472329080104828,0.5100765824317932,9.787219047546387
1700823051678817000,189.99081713867187,0.36910805106163025,0.5074515342712402,9.786556243896484
1700823051688835000,190.0008349609375,0.3804571330547333,0.5025567412376404,9.786373138427734
1700823051698843000,190.0108427734375,0.3661351799964905,0.49460986256599426,9.787323951721191
1700823051708845000,190.02084497070314,0.3619236946105957,0.4860624074935913,9.787909507751465
1700823051718736000,190.03073583984374,0.3926192820072174,0.4795011281967163,9.78704833984375
1700823051728833000,190.0408330078125,0.40533962845802307,0.47355917096138,9.786819458007812
1700823051738839000,190.05083911132812,0.3858206868171692,0.4605512320995331,9.788229942321777
1700823051748845000,190.06084497070313,0.38460955023765564,0.4433417320251465,9.789071083068848
1700823051758817000,190.07081713867188,0.4096013903617859,0.4298907220363617,9.788658142089844
1700823051768897000,190.08089697265626,0.4238286316394806,0.4197165369987488,9.788494110107422
1700823051778674000,190.090673828125,0.39989715814590454,0.4050745666027069,9.790117263793945
1700823051788866000,190.10086596679687,0.3419090807437897,0.38764265179634094,9.793018341064453
1700823051798719000,190.11071899414063,0.2962064743041992,0.3726692497730255,9.795088768005371
1700823051808682000,190.12068188476562,0.27709144353866577,0.3573547601699829,9.796220779418945
1700823051818696000,190.13069604492188,0.23581717908382416,0.340038001537323,9.797913551330566
1700823051828660000,190.14065991210938,0.15914778411388397,0.32014790177345276,9.800131797790527
1700823051838760000,190.15076000976563,0.08710428327322006,0.30177316069602966,9.801619529724121
1700823051848745000,190.16074487304687,0.050486911088228226,0.29153087735176086,9.802186965942383
1700823051858906000,190.17090600585936,0.03545593097805977,0.2880871593952179,9.80235481262207
1700823051868872000,190.18087182617188,0.009102175012230873,0.2846493124961853,9.80251407623291
1700823051878620000,190.19061987304687,-0.04769815504550934,0.2734019458293915,9.802721977233887
1700823051888725000,190.20072509765626,-0.1387830376625061,0.24337796866893768,9.802648544311523
1700823051898782000,190.21078198242188,-0.22917701303958893,0.21461978554725647,9.801624298095703
1700823051908772000,190.2207722167969,-0.3359218239784241,0.19351503252983093,9.798985481262207
1700823051918969000,190.23096899414062,-0.43377017974853516,0.1763075888156891,9.795465469360352
1700823051928867000,190.2408671875,-0.4949105978012085,0.16093699634075165,9.79283332824707
1700823051938662000,190.25066186523438,-0.5230833888053894,0.1477089822292328,9.79157543182373
1700823051948767000,190.26076708984374,-0.5528589487075806,0.13471096754074097,9.790129661560059
1700823051958767000,190.27076708984376,-0.6155103445053101,0.11133154481649399,9.78668212890625
1700823051968924000,190.280923828125,-0.7028449177742004,0.07964111119508743,9.781105995178223
1700823051978780000,190.29077978515625,-0.8083400130271912,0.04590104520320892,9.773171424865723
1700823051988770000,190.30077001953126,-0.9126690030097961,0.018401918932795525,9.764070510864258
1700823051998778000,190.31077807617189,-1.0188088417053223,-0.004211480263620615,9.753584861755371
1700823052008822000,190.3208220214844,-1.0881518125534058,-0.018196459859609604,9.746074676513672
1700823052018763000,190.33076293945314,-1.0955740213394165,-0.0236202385276556,9.745233535766602
1700823052028731000,190.34073095703124,-1.0705466270446777,-0.021624388173222542,9.748019218444824
1700823052038641000,190.35064086914062,-1.0552871227264404,-0.018598025664687157,9.749688148498535
1700823052048901000,190.3609011230469,-1.0711544752120972,-0.02143675647675991,9.747953414916992
1700823052058833000,190.3708330078125,-1.1122008562088013,-0.029619477689266205,9.74333381652832
1700823052069293000,190.38129296875,-1.1629290580749512,-0.04415624588727951,9.73735237121582
1700823052078832000,190.39083203125,-1.2158061265945435,-0.05965747311711311,9.730809211730957
1700823052088971000,190.40097094726562,-1.2583295106887817,-0.07099691033363342,9.725326538085938
1700823052098861000,190.41086108398437,-1.2636948823928833,-0.07551555335521698,9.72459602355957
1700823052108728000,190.42072802734376,-1.204247236251831,-0.0740177184343338,9.732148170471191
1700823052119144000,190.43114404296875,-1.1144213676452637,-0.0662444531917572,9.742899894714355
1700823052128903000,190.44090283203124,-1.0443576574325562,-0.057118602097034454,9.750715255737305
1700823052138889000,190.45088891601563,-1.0032622814178467,-0.054697223007678986,9.755043029785156
1700823052148969000,190.46096899414061,-0.9736328721046448,-0.06307663768529892,9.757993698120117
1700823052158712000,190.47071215820313,-0.9612345695495605,-0.07979980856180191,9.759101867675781
1700823052168929000,190.48092895507813,-0.9675649404525757,-0.09693945199251175,9.758319854736328
1700823052178784000,190.4907839355469,-0.9565607309341431,-0.10769465565681458,9.759292602539062
1700823052188778000,190.50077807617188,-0.8812410235404968,-0.11352964490652084,9.766314506530762
1700823052198817000,190.51081713867188,-0.7565957903862,-0.10374153405427933,9.776870727539062
1700823052208785000,190.52078491210938,-0.6543021202087402,-0.09178309142589569,9.784367561340332
1700823052218709000,190.530708984375,-0.5700555443763733,-0.0835939347743988,9.789709091186523
1700823052228708000,190.5407080078125,-0.5113093852996826,-0.08507686853408813,9.792943954467773
1700823052238826000,190.55082592773437,-0.4811117947101593,-0.10150310397148132,9.794316291809082
1700823052248855000,190.56085498046875,-0.4743833541870117,-0.13071809709072113,9.79429817199707
1700823052258732000,190.57073193359375,-0.4621464014053345,-0.1621072143316269,9.794412612915039
1700823052268856000,190.58085595703125,-0.3958452343940735,-0.1865992695093155,9.796882629394531
1700823052278686000,190.59068603515624,-0.2418377548456192,-0.20198768377304077,9.801586151123047
1700823052288830000,190.60082983398436,-0.04717150330543518,-0.19582827389240265,9.804583549499512
1700823052298848000,190.61084790039064,0.145798459649086,-0.15721943974494934,9.804306983947754
1700823052308848000,190.62084814453124,0.2996639311313629,-0.09905892610549927,9.801570892333984
1700823052318921000,190.6309208984375,0.39375558495521545,-0.038888826966285706,9.798666000366211
1700823052328849000,190.64084887695313,0.45483461022377014,0.008266600780189037,9.796092987060547
1700823052338892000,190.65089208984375,0.5348767042160034,0.03460369631648064,9.791993141174316
1700823052349240000,190.66123999023438,0.6679962873458862,0.04585808143019676,9.78376579284668
1700823052358854000,190.67085400390624,0.855173647403717,0.056584350764751434,9.76912784576416
1700823052368775000,190.68077490234376,1.044000506401062,0.08233020454645157,9.750571250915527
1700823052379018000,190.69101806640626,1.2606570720672607,0.1396303027868271,9.72428035736084
1700823052389229000,190.70122900390626,1.4449702501296997,0.21261808276176453,9.697279930114746
1700823052398883000,190.71088305664063,1.5802847146987915,0.2768012285232544,9.674528121948242
1700823052408931000,190.72093115234375,1.6504361629486084,0.30787381529808044,9.661867141723633
1700823052418970000,190.73097021484375,1.6681594848632812,0.298968642950058,9.659102439880371
1700823052428842000,190.7408420410156,1.674413800239563,0.26531946659088135,9.659003257751465
1700823052438820000,190.7508200683594,1.7210201025009155,0.22911913692951202,9.651734352111816
1700823052448821000,190.76082104492187,1.8042454719543457,0.21368280053138733,9.63687801361084
1700823052459433000,190.77143286132812,1.889419674873352,0.22447307407855988,9.6202974319458
1700823052468807000,190.78080688476564,1.938557505607605,0.24471622705459595,9.610020637512207
1700823052478948000,190.79094799804687,1.9689868688583374,0.25488516688346863,9.603568077087402
1700823052488810000,190.80081005859375,1.9817794561386108,0.23644700646400452,9.601408004760742
1700823052498839000,190.81083911132814,1.9877357482910156,0.20965631306171417,9.600799560546875
1700823052508842000,190.82084204101562,1.987645149230957,0.17784546315670013,9.601460456848145
1700823052518806000,190.83080590820313,1.9758996963500977,0.14318682253360748,9.604463577270508
1700823052528808000,190.84080786132813,1.960289716720581,0.10602555423974991,9.60814380645752
1700823052538894000,190.85089404296875,1.9419957399368286,0.06661708652973175,9.612212181091309
1700823052548814000,190.86081396484374,1.917569637298584,0.03310205787420273,9.617288589477539
1700823052558887000,190.87088696289064,1.8850409984588623,0.006851473357528448,9.623770713806152
1700823052568898000,190.88089794921876,1.8524422645568848,-0.00863777194172144,9.630097389221191
1700823052578834000,190.890833984375,1.82466459274292,-0.018186815083026886,9.635385513305664
1700823052588881000,190.900880859375,1.8112212419509888,-0.023360125720500946,9.637910842895508
1700823052598879000,190.91087890625,1.8076585531234741,-0.02906915172934532,9.638564109802246
1700823052609028000,190.92102807617186,1.814596176147461,-0.035742636770009995,9.637238502502441
1700823052618908000,190.93090795898436,1.8284400701522827,-0.043619655072689056,9.634589195251465
1700823052628812000,190.94081201171875,1.8398020267486572,-0.05540566146373749,9.632365226745605
1700823052638958000,190.9509580078125,1.8526993989944458,-0.06857874244451523,9.629807472229004
1700823052648846000,190.96084619140626,1.867430567741394,-0.07823007553815842,9.626888275146484
1700823052658823000,190.97082299804688,1.8812001943588257,-0.08268295973539352,9.62416934967041
1700823052668913000,190.98091284179688,1.8962475061416626,-0.08344254642724991,9.621211051940918
1700823052678871000,190.99087109375,1.9061784744262695,-0.08453530818223953,9.619236946105957
1700823052688874000,191.0008740234375,1.904792070388794,-0.08830927312374115,9.619478225708008
1700823052698851000,191.01085107421875,1.893338918685913,-0.09776508808135986,9.621648788452148
1700823052708857000,191.02085717773437,1.8736165761947632,-0.11480594426393509,9.62531852722168
1700823052718873000,191.030873046875,1.8516210317611694,-0.1367664337158203,9.629287719726562
1700823052729001000,191.0410009765625,1.8341467380523682,-0.15846885740756989,9.632299423217773
1700823052738911000,191.05091088867186,1.822991132736206,-0.17565087974071503,9.634119033813477
1700823052748898000,191.06089794921874,1.8298685550689697,-0.18415215611457825,9.632655143737793
1700823052759008000,191.07100805664064,2.3229026794433594,-0.06940145045518875,9.527314186096191
1700823052768811000,191.08081103515624,2.4972152709960938,0.017276128754019737,9.483353614807129
1700823052778765000,191.09076513671874,2.5239269733428955,0.11135200411081314,9.475641250610352
1700823052789047000,191.10104711914062,2.5017101764678955,0.12102555483579636,9.481412887573242
1700823052798811000,191.11081079101564,2.4703478813171387,0.12986937165260315,9.48951530456543
1700823052808631000,191.12063110351562,2.4312901496887207,0.13610942661762238,9.499510765075684
1700823052818750000,191.13075,2.3865714073181152,0.13570845127105713,9.510848999023438
1700823052828718000,191.14071801757814,2.343064308166504,0.13421353697776794,9.521683692932129
1700823052839078000,191.15107788085936,2.3022234439849854,0.13482874631881714,9.531631469726562
1700823052848991000,191.16099096679687,2.2637436389923096,0.13832448422908783,9.540793418884277
1700823052858866000,191.17086596679687,2.0556492805480957,0.059713296592235565,9.588594436645508
1700823052869088000,191.181087890625,1.8254235982894897,-0.028047699481248856,9.63521957397461
1700823052878818000,191.19081811523438,1.6249194145202637,-0.0732540413737297,9.670816421508789
1700823052888810000,191.20081005859376,1.4454466104507446,-0.06653758883476257,9.699312210083008
1700823052898867000,191.21086694335938,1.3074053525924683,-0.015759587287902832,9.719096183776855
1700823052908747000,191.2207470703125,1.3008500337600708,0.010475801303982735,9.719983100891113
1700823052918825000,191.23082495117188,1.3038188219070435,0.037707507610321045,9.719517707824707
1700823052928620000,191.2406201171875,1.3050538301467896,0.05686083063483238,9.719259262084961
1700823052938870000,191.2508701171875,1.2936807870864868,0.06563976407051086,9.720725059509277
1700823052948815000,191.26081518554687,1.275270700454712,0.06750526279211044,9.72314453125
1700823052958821000,191.2708210449219,1.25712251663208,0.0716094821691513,9.72547721862793
1700823052968765000,191.28076489257813,1.2468255758285522,0.08565115928649902,9.726690292358398
1700823052978786000,191.2907861328125,1.259560465812683,0.11062456667423248,9.724796295166016
1700823052988928000,191.30092797851563,1.2813620567321777,0.14330489933490753,9.721521377563477
1700823052998799000,191.31079907226564,1.313834547996521,0.17921529710292816,9.716588973999023
1700823053008751000,191.32075122070313,1.3497213125228882,0.21286329627037048,9.710989952087402
1700823053018774000,191.33077392578124,1.3782634735107422,0.2407277524471283,9.706331253051758
1700823053028720000,191.34072021484374,1.3976807594299316,0.2663666307926178,9.702881813049316
1700823053038879000,191.35087890625,1.4076073169708252,0.2910240888595581,9.700738906860352
1700823053048822000,191.36082202148438,1.4107310771942139,0.3163771629333496,9.699492454528809
1700823053058856000,191.37085595703124,1.410627841949463,0.34095045924186707,9.698674201965332
1700823053068744000,191.38074389648438,1.4114363193511963,0.3639429211616516,9.697720527648926
1700823053078832000,191.39083203125,1.4211965799331665,0.38168957829475403,9.695612907409668
1700823053088820000,191.40082006835937,1.4280624389648438,0.3993988335132599,9.693891525268555
1700823053098834000,191.410833984375,1.4253958463668823,0.4178878664970398,9.693504333496094
1700823053108823000,191.42082299804687,1.4244892597198486,0.43877312541007996,9.69271469116211
1700823053118828000,191.430828125,0.9798311591148376,0.350240558385849,9.751290321350098
1700823053128827000,191.44082690429687,0.6688450574874878,0.3105003833770752,9.778887748718262
1700823053138871000,191.45087109375,0.4546796977519989,0.32588762044906616,9.790682792663574
1700823053149085000,191.4610849609375,0.3416863679885864,0.4020794630050659,9.79244613647461
1700823053158802000,191.47080200195313,0.38400691747665405,0.4275248646736145,9.789800643920898
1700823053168650000,191.48064990234374,0.44096681475639343,0.4530290365219116,9.786251068115234
1700823053178668000,191.49066796875,0.5089040398597717,0.47862231731414795,9.781734466552734
1700823053188764000,191.50076391601561,0.575884997844696,0.5048436522483826,9.776700019836426
1700823053198781000,191.51078100585937,0.6426929235458374,0.5310407876968384,9.771147727966309
1700823053208687000,191.52068701171876,0.7046189308166504,0.5561532974243164,9.765480041503906
1700823053218829000,191.5308291015625,0.7617436647415161,0.5823325514793396,9.759662628173828
1700823053228792000,191.5407919921875,0.8170937895774841,0.6111915707588196,9.75342082977295
1700823053238648000,191.55064794921876,0.8799211382865906,0.6341893076896667,9.74648380279541
1700823053248791000,191.560791015625,0.9593074321746826,0.6405179500579834,9.73857593536377
1700823053258856000,191.57085595703126,1.061235785484314,0.6230623722076416,9.729130744934082
1700823053268765000,191.58076489257812,1.1828309297561646,0.5873653292655945,9.71731948852539
1700823053278682000,191.59068212890625,1.2425678968429565,0.6031243205070496,9.708894729614258
1700823053288801000,191.60080102539064,1.3067572116851807,0.6187894940376282,9.699479103088379
1700823053298766000,191.61076611328124,1.375890851020813,0.6360480785369873,9.688796043395996
1700823053308805000,191.62080517578124,1.4522148370742798,0.654822051525116,9.676397323608398
1700823053318697000,191.63069702148437,1.5287059545516968,0.6723846197128296,9.663403511047363
1700823053328822000,191.64082202148438,1.607310175895691,0.6894678473472595,9.649434089660645
1700823053338856000,191.65085595703124,1.9383622407913208,0.6317957043647766,9.592391014099121
1700823053348783000,191.660783203125,2.238197088241577,0.6215087175369263,9.527569770812988
1700823053358851000,191.67085107421875,2.487370014190674,0.6546943187713623,9.463336944580078
1700823053368837000,191.68083715820313,2.5300095081329346,0.6622893214225769,9.451498031616211
1700823053378839000,191.69083911132813,2.5689544677734375,0.671261727809906,9.440353393554688
1700823053388878000,191.70087817382813,2.6050243377685547,0.6828191876411438,9.429635047912598
1700823053398790000,191.71078979492188,2.6395647525787354,0.6965391039848328,9.41901969909668
1700823053408864000,191.72086401367187,2.673480749130249,0.7112935781478882,9.408346176147461
1700823053418886000,191.73088598632813,2.7001912593841553,0.7234288454055786,9.399787902832031
1700823053428744000,191.7407438964844,2.713334321975708,0.7354974746704102,9.395066261291504
1700823053438834000,191.750833984375,2.7232351303100586,0.7462430596351624,9.391353607177734
1700823053448822000,191.7608220214844,2.7299885749816895,0.7571777105331421,9.388516426086426
1700823053458899000,191.77089892578124,2.7270450592041016,0.7664029002189636,9.388623237609863
1700823053468672000,191.78067211914063,2.7105600833892822,0.7731518149375916,9.392842292785645
1700823053478694000,191.79069384765626,2.6864001750946045,0.7775716781616211,9.39941692352295
1700823053488836000,191.80083618164062,2.661390781402588,0.7811340093612671,9.406232833862305
1700823053498847000,191.81084692382814,2.6391665935516357,0.7847820520401001,9.412190437316895
1700823053508866000,191.82086596679687,2.618473768234253,0.7892687916755676,9.41759204864502
1700823053518714000,191.83071411132812,2.597398281097412,0.7958785891532898,9.422870635986328
1700823053528845000,191.84084497070313,2.5736536979675293,0.8044052720069885,9.428661346435547
1700823053538840000,191.85084008789062,2.6706042289733887,0.9588751792907715,9.387163162231445
1700823053549216000,191.86121606445312,2.6793463230133057,1.0259519815444946,9.377575874328613
1700823053558723000,191.87072314453124,2.673171281814575,1.0606664419174194,9.375476837158203
1700823053568945000,191.88094482421874,2.683502435684204,1.079715371131897,9.370348930358887
1700823053579004000,191.89100390625,2.6874139308929443,1.0722367763519287,9.370085716247559
1700823053589055000,191.90105493164063,2.6414566040039062,1.0636600255966187,9.38412094116211
1700823053598897000,191.91089697265625,2.593709945678711,1.05357825756073,9.398565292358398
1700823053608835000,191.9208349609375,2.5437047481536865,1.0422207117080688,9.41348648071289
1700823053618847000,191.9308469238281,2.5254018306732178,0.7319350838661194,9.447592735290527
1700823053628859000,191.94085888671876,2.4522151947021484,0.5217819213867188,9.480757713317871
1700823053638848000,191.9508479003906,2.3941221237182617,0.5081140995025635,9.496336936950684
1700823053648861000,191.96086083984375,2.335855484008789,0.4936056435108185,9.51159954071045
1700823053659267000,191.97126708984376,2.246842861175537,0.4721890687942505,9.534104347229004
1700823053668845000,191.98084497070312,2.152211904525757,0.48164254426956177,9.555437088012695
1700823053678856000,191.99085595703124,2.0397796630859375,0.5228323340415955,9.577910423278809
1700823053688844000,192.00084399414064,1.9453555345535278,0.5656500458717346,9.59510326385498
1700823053698724000,192.01072412109374,1.866920828819275,0.5813444256782532,9.609737396240234
1700823053708795000,192.020794921875,1.7978116273880005,0.5882076025009155,9.622488021850586
1700823053718760000,192.03076000976563,1.7330729961395264,0.5890364646911621,9.634307861328125
1700823053728749000,192.0407490234375,1.683013916015625,0.5835375785827637,9.643514633178711
1700823053738629000,192.05062915039062,1.6635814905166626,0.580205500125885,9.647086143493652
1700823053749016000,192.06101611328126,1.6710638999938965,0.5800800919532776,9.645800590515137
1700823053758747000,192.07074682617187,1.6224925518035889,0.5710256099700928,9.65462875366211
1700823053768883000,192.08088305664063,1.5627338886260986,0.5687021017074585,9.664616584777832
1700823053778678000,192.09067797851563,1.5024036169052124,0.5731707811355591,9.67391586303711
1700823053788839000,192.1008388671875,1.4409844875335693,0.5837801694869995,9.682621955871582
1700823053798919000,192.1109189453125,1.385959267616272,0.594669759273529,9.68998908996582
1700823053808871000,192.1208708496094,1.338808298110962,0.601089596748352,9.696218490600586
1700823053818909000,192.13090893554687,1.2952181100845337,0.5998077392578125,9.702218055725098
1700823053828887000,192.14088696289062,1.2540929317474365,0.5920698046684265,9.708094596862793
1700823053838880000,192.1508798828125,1.2131330966949463,0.5756462216377258,9.714284896850586
1700823053848945000,192.16094482421875,1.170125126838684,0.5580220222473145,9.720586776733398
1700823053858854000,192.17085400390624,1.1289427280426025,0.5411059260368347,9.726410865783691
1700823053868879000,192.18087915039064,1.088594913482666,0.5266998410224915,9.73180103302002
1700823053878826000,192.19082592773438,1.0488877296447754,0.5786164999008179,9.7332124710083
1700823053888742000,192.20074194335936,1.0176339149475098,0.6096107363700867,9.734640121459961
1700823053899029000,192.21102905273438,0.9920756816864014,0.6303156614303589,9.735958099365234
1700823053908838000,192.220837890625,0.9715917110443115,0.6433867812156677,9.737170219421387
1700823053918753000,192.2307529296875,0.9611539244651794,0.6531280875205994,9.737556457519531
1700823053928689000,192.24068896484374,0.9545336365699768,0.6617486476898193,9.737626075744629
1700823053938662000,192.25066186523438,0.9326835870742798,0.6678531169891357,9.739327430725098
1700823053948724000,192.26072387695314,0.9056716561317444,0.6747121810913086,9.741400718688965
1700823053958783000,192.27078295898437,0.873119056224823,0.6801152229309082,9.743998527526855
1700823053969177000,192.28117700195313,0.8412655591964722,0.6838613748550415,9.746539115905762
1700823053978745000,192.2907451171875,0.8146218657493591,0.6872525215148926,9.74856185913086
1700823053988786000,192.30078588867187,0.8019471168518066,0.6915636658668518,9.749308586120605
1700823053998886000,192.31088598632812,0.7996581196784973,0.6961965560913086,9.749168395996094
1700823054008771000,192.32077099609376,0.8022031188011169,0.7004679441452026,9.748651504516602
1700823054018857000,192.33085693359374,0.8047037124633789,0.7035360932350159,9.748224258422852
1700823054028731000,192.34073095703124,0.8053939938545227,0.7055196762084961,9.748023986816406
1700823054038879000,192.35087890625,0.8044325113296509,0.7051256895065308,9.74813175201416
1700823054048658000,192.36065795898438,0.8020505309104919,0.7049077153205872,9.748344421386719
1700823054058971000,192.37097094726562,0.8061796426773071,0.7027508020401001,9.748160362243652
1700823054068863000,192.38086303710938,0.542722761631012,0.7711293697357178,9.761210441589355
1700823054078854000,192.39085400390624,0.36196985840797424,0.7900283932685852,9.768071174621582
1700823054088748000,192.400748046875,0.2719792127609253,0.7809209823608398,9.771722793579102
1700823054098825000,192.41082495117186,0.19985038042068481,0.7621385455131531,9.774947166442871
1700823054108789000,192.4207890625,0.1228010356426239,0.7415583729743958,9.777801513671875
1700823054118854000,192.43085400390626,0.034814123064279556,0.7223612070083618,9.779948234558105
1700823054128783000,192.440783203125,-0.06273147463798523,0.7051970362663269,9.781061172485352
1700823054138816000,192.45081591796875,-0.15666180849075317,0.6871493458747864,9.781291007995605
1700823054148877000,192.460876953125,-0.235330268740654,0.6686083078384399,9.781001091003418
1700823054158839000,192.47083911132813,-0.24207857251167297,0.6802981495857239,9.78003215789795
1700823054168755000,192.4807548828125,-0.2537432909011841,0.6901780366897583,9.779043197631836
1700823054178815000,192.49081494140626,-0.26991409063339233,0.6993108987808228,9.777960777282715
1700823054188779000,192.50077905273437,-0.2885451316833496,0.704862117767334,9.777029037475586
1700823054198845000,192.51084497070312,-0.3089239299297333,0.7081412672996521,9.77617073059082
1700823054208782000,192.52078198242188,-0.3289963901042938,0.7119789719581604,9.775237083435059
1700823054218802000,192.53080200195313,-0.3437643349170685,0.7308861613273621,9.773333549499512
1700823054228744000,192.54074389648437,-0.3571808636188507,0.7491931319236755,9.771464347839355
1700823054238864000,192.55086376953125,-0.3693108856678009,0.7639145851135254,9.769874572753906
1700823054248894000,192.56089404296876,-0.3805208206176758,0.7750865817070007,9.76856517791748
1700823054258861000,192.57086108398437,-0.3906435966491699,0.7880208492279053,9.767127990722656
1700823054269473000,192.58147314453126,-0.3994382917881012,0.798277735710144,9.76594066619873
1700823054278693000,192.5906931152344,-0.4086866080760956,0.8049667477607727,9.765008926391602
1700823054288798000,192.6007978515625,-0.41322600841522217,0.8043474555015564,9.76486873626709
1700823054298722000,192.61072216796876,-0.4187193512916565,0.7990566492080688,9.765069961547852
1700823054308807000,192.6208068847656,-0.4260627031326294,0.7884712219238281,9.76561164855957
1700823054318695000,192.63069482421875,-0.4368734359741211,0.7749325633049011,9.766220092773438
1700823054328706000,192.6407060546875,-0.45130059123039246,0.760884165763855,9.766667366027832
1700823054338697000,192.65069702148438,-0.46294835209846497,0.7493935823440552,9.767009735107422
1700823054348813000,192.66081298828124,-0.4710831642150879,0.7413567304611206,9.767234802246094
1700823054358838000,192.67083813476563,-0.47780105471611023,0.7365087270736694,9.7672758102417
1700823054368828000,192.68082788085937,-0.4843669831752777,0.7352914214134216,9.767043113708496
1700823054378833000,192.6908330078125,-0.0347428135573864,0.6137447953224182,9.78736400604248
1700823054388674000,192.70067407226563,0.2961158752441406,0.5515004992485046,9.786651611328125
1700823054398825000,192.71082495117187,0.554637610912323,0.5320496559143066,9.776487350463867
1700823054408833000,192.7208330078125,0.5686351656913757,0.5317308306694031,9.775699615478516
1700823054418856000,192.73085595703125,0.5806167125701904,0.5315077900886536,9.775009155273438
1700823054428826000,192.740826171875,0.591338038444519,0.5310036540031433,9.774393081665039
1700823054438853000,192.75085302734374,0.6022334694862366,0.5319681167602539,9.773675918579102
1700823054449023000,192.76102294921876,0.6158978939056396,0.5362193584442139,9.772590637207031
1700823054458831000,192.7708310546875,0.8136883974075317,0.6677528619766235,9.749995231628418
1700823054469021000,192.78102099609376,0.9713286757469177,0.7636436820030212,9.728503227233887
1700823054478841000,192.79084106445313,1.0819710493087769,0.8293684720993042,9.711429595947266
1700823054488830000,192.80082983398438,1.1477701663970947,0.8732193112373352,9.700026512145996
1700823054498852000,192.81085205078125,1.1910674571990967,0.913935661315918,9.691051483154297
1700823054508827000,192.82082690429687,1.2223100662231445,0.9538924098014832,9.683308601379395
1700823054518847000,192.83084692382812,1.2446160316467285,0.9871353507041931,9.677131652832031
1700823054528860000,192.84085986328125,1.258095145225525,1.013728380203247,9.672638893127441
1700823054538842000,192.85084204101562,1.257408857345581,1.0301663875579834,9.670990943908691
1700823054548983000,192.8609831542969,1.2736200094223022,1.03318190574646,9.668547630310059
1700823054558827000,192.87082690429688,1.2843735218048096,1.0369699001312256,9.66672134399414
1700823054568832000,192.88083203125,1.290337324142456,1.0407283306121826,9.665521621704102
1700823054578839000,192.89083911132812,1.2948212623596191,1.0446683168411255,9.664498329162598
1700823054588825000,192.9008251953125,1.2973346710205078,1.0478662252426147,9.663814544677734
1700823054598865000,192.9108649902344,1.297833800315857,1.0498861074447632,9.663527488708496
1700823054608846000,192.92084619140624,1.295941710472107,1.0502917766571045,9.663737297058105
1700823054619026000,192.93102587890624,1.2878700494766235,1.0505036115646362,9.664793014526367
1700823054628884000,192.94088403320313,1.2749860286712646,1.0495821237564087,9.66660213470459
1700823054638817000,192.95081713867188,1.2594774961471558,1.0463711023330688,9.66898250579834
1700823054648790000,192.9607900390625,1.2452239990234375,1.0406115055084229,9.6714506149292
1700823054658942000,192.97094189453125,1.2312556505203247,1.0333964824676514,9.674012184143066
1700823054668628000,192.9806279296875,1.2160873413085938,1.0266679525375366,9.676645278930664
1700823054678676000,192.99067602539063,1.1988035440444946,1.0213459730148315,9.679367065429688
1700823054688818000,193.00081787109374,1.1790063381195068,1.0170025825500488,9.68225383758545
1700823054698655000,193.01065502929688,1.1558020114898682,1.0138334035873413,9.685383796691895
1700823054708758000,193.02075805664063,1.1310575008392334,1.0121198892593384,9.688484191894531
1700823054718671000,193.03067114257811,1.1065747737884521,1.0116899013519287,9.69135570526123
1700823054728761000,193.04076098632814,1.08267080783844,1.012695550918579,9.693950653076172
1700823054738898000,193.05089794921875,1.0561848878860474,1.0147297382354736,9.69665813446045
1700823054748800000,193.06080004882813,1.0284335613250732,1.0170140266418457,9.699402809143066
1700823054758838000,193.07083813476564,0.9942308068275452,1.0199214220046997,9.702662467956543
1700823054768729000,193.08072900390624,0.9550690650939941,1.0219038724899292,9.706388473510742
1700823054778837000,193.0908369140625,0.9171177744865417,1.0218042135238647,9.71005630493164
1700823054788709000,193.10070922851563,0.8816186189651489,1.0196651220321655,9.713568687438965
1700823054798841000,193.11084106445313,0.8483797311782837,1.0167629718780518,9.716833114624023
1700823054808772000,193.12077221679687,0.8159966468811035,1.0133748054504395,9.719959259033203
1700823054818790000,193.13078979492187,0.7833844423294067,1.0084720849990845,9.723153114318848
1700823054828805000,193.14080517578125,0.7511953711509705,1.0007350444793701,9.726491928100586
1700823054838789000,193.1507890625,0.7196592688560486,0.9901754260063171,9.72995662689209
1700823054848767000,193.16076708984374,0.6882067322731018,0.9789742231369019,9.73336410522461
1700823054858669000,193.1706689453125,0.6564701199531555,0.9684370756149292,9.736610412597656
1700823054868850000,193.18084985351564,0.6224603056907654,0.9575701951980591,9.739917755126953
1700823054878960000,193.1909602050781,0.5851508378982544,0.9461369514465332,9.74334716796875
1700823054888830000,193.2008298339844,0.5454822778701782,0.9348106980323792,9.74674129486084
1700823054898860000,193.21086010742187,0.5043143630027771,0.9238593578338623,9.75000286102295
1700823054908823000,193.22082299804688,0.46533203125,0.913970410823822,9.752873420715332
1700823054918837000,193.2308369140625,0.43043431639671326,0.9049559235572815,9.755314826965332
1700823054928724000,193.24072387695313,0.4005541503429413,0.8964487910270691,9.757372856140137
1700823054942999000,193.2549990234375,0.3638327419757843,0.8801379799842834,9.760296821594238
1700823054958811000,193.27081079101563,0.3646966516971588,0.8804671168327332,9.760233879089355
1700823054971546000,193.28354614257813,0.36476972699165344,0.8782458901405334,9.760432243347168
1700823054982656000,193.29465600585937,0.365106999874115,0.8777844309806824,9.76046085357666
1700823054990781000,193.30278100585937,0.371936559677124,0.8816226720809937,9.759857177734375
1700823055008669000,193.3206689453125,0.37699031829833984,0.8896929025650024,9.758930206298828
1700823055018722000,193.33072216796876,0.37457507848739624,0.8943111896514893,9.758599281311035
1700823055028757000,193.34075708007813,0.37182432413101196,0.8990972638130188,9.75826644897461
1700823055038888000,193.35088793945312,0.3712848126888275,0.903215229511261,9.757906913757324
1700823055048799000,193.36079907226562,0.19466449320316315,0.7449953556060791,9.776373863220215
1700823055058807000,193.37080712890625,0.12781214714050293,0.6797446012496948,9.782228469848633
1700823055068769000,193.38076904296875,0.12159867584705353,0.6667962670326233,9.78320026397705
1700823055078845000,193.3908449707031,0.1293593794107437,0.6654273271560669,9.783193588256836
1700823055088715000,193.40071508789063,0.1389653980731964,0.6667860746383667,9.782967567443848
1700823055098765000,193.41076513671874,0.14491349458694458,0.6685022115707397,9.78276538848877
1700823055108776000,193.42077587890626,0.14927519857883453,0.6713295578956604,9.782505989074707
1700823055118775000,193.43077514648436,0.15570902824401855,0.6764882206916809,9.782050132751465
1700823055128713000,193.440712890625,0.1726250946521759,0.6853858232498169,9.781148910522461
1700823055138773000,193.45077294921876,0.181900292634964,0.690178632736206,9.780643463134766
1700823055148728000,193.46072802734375,0.195517897605896,0.6940844058990479,9.780102729797363
1700823055158822000,193.47082177734376,0.20845337212085724,0.6958344578742981,9.779712677001953
1700823055168963000,193.48096313476563,0.2175239771604538,0.6958411931991577,9.779513359069824
1700823055178714000,193.49071411132812,0.22556525468826294,0.6942980289459229,9.779440879821777
1700823055188899000,193.50089916992187,0.23362113535404205,0.691548764705658,9.779447555541992
1700823055198739000,193.51073901367187,0.24062779545783997,0.6882268786430359,9.779512405395508
1700823055208746000,193.52074609375,0.24774785339832306,0.6864435076713562,9.779458999633789
1700823055218780000,193.53077978515626,0.2558826506137848,0.6872472167015076,9.779191970825195
1700823055228781000,193.54078100585937,0.266680508852005,0.6906810402870178,9.778661727905273
1700823055238728000,193.55072802734375,0.27929040789604187,0.6988111138343811,9.777731895446777
1700823055248816000,193.56081616210938,0.2966887056827545,0.7140174508094788,9.776122093200684
1700823055258834000,193.570833984375,0.31628304719924927,0.7333747744560242,9.774073600769043
1700823055268789000,193.5807890625,0.3353320360183716,0.7557389140129089,9.771735191345215
1700823055278804000,193.59080395507812,0.3497656285762787,0.7807304263114929,9.769264221191406
1700823055288835000,193.6008349609375,0.3571498990058899,0.8069947361946106,9.766862869262695
1700823055298820000,193.61082006835937,0.3572387397289276,0.8332523107528687,9.764653205871582
1700823055308822000,193.62082202148437,0.34632396697998047,0.8359498977661133,9.764816284179688
1700823055318906000,193.63090600585937,0.33621349930763245,0.8382789492607117,9.764969825744629
1700823055328889000,193.64088916015626,0.3290092647075653,0.8402557969093323,9.765047073364258
1700823055338809000,193.65080908203126,0.3206985294818878,0.8412234783172607,9.765237808227539
1700823055348823000,193.66082299804688,0.30987200140953064,0.8417974710464478,9.765538215637207
1700823055358949000,193.67094921875,0.2976093292236328,0.8426090478897095,9.765850067138672
1700823055368789000,193.6807890625,0.42400866746902466,1.004472255706787,9.74585247039795
1700823055378690000,193.69068994140625,0.4808066785335541,1.0662710666656494,9.736647605895996
1700823055388801000,193.70080102539063,0.4951590299606323,1.0781248807907104,9.73462200164795
1700823055398831000,193.7108310546875,0.5015940070152283,1.074946641921997,9.734643936157227
1700823055408777000,193.72077685546876,0.5042436718940735,1.0624632835388184,9.735878944396973
1700823055418804000,193.73080395507813,0.5056465268135071,1.0419906377792358,9.738017082214355
1700823055428751000,193.74075122070312,0.506393551826477,1.014893651008606,9.740839004516602
1700823055438995000,193.75099487304686,0.5041595101356506,0.9839534759521484,9.74413013458252
1700823055448880000,193.7608801269531,0.49884793162345886,0.9569488763809204,9.747091293334961
1700823055458890000,193.7708898925781,0.4941384494304657,0.9581822156906128,9.747210502624512
1700823055468876000,193.7808759765625,0.49104925990104675,0.9614096283912659,9.747048377990723
1700823055478864000,193.79086376953126,0.49210020899772644,0.966000497341156,9.746541023254395
1700823055488875000,193.800875,0.4973609149456024,0.9703741669654846,9.745841026306152
1700823055498879000,193.81087890625,0.5041443109512329,0.9730191230773926,9.745227813720703
1700823055508861000,193.82086083984376,0.5111591219902039,0.9730509519577026,9.744858741760254
1700823055518889000,193.83088891601562,0.5180056691169739,0.9715127944946289,9.744651794433594
1700823055528881000,193.840880859375,0.5280798673629761,0.969756007194519,9.74428653717041
1700823055538893000,193.85089306640626,0.5420493483543396,0.9681515097618103,9.743678092956543
1700823055549043000,193.86104296875,0.5574585199356079,0.9663611054420471,9.742986679077148
1700823055558895000,193.87089501953125,0.5741139054298401,0.9656316637992859,9.74209213256836
1700823055568927000,193.88092700195313,0.5923439860343933,0.9676768779754639,9.74079704284668
1700823055579988000,193.89198803710937,0.6115215420722961,0.9722937345504761,9.739152908325195
1700823055588935000,193.90093481445314,0.6304436922073364,0.9774833917617798,9.737427711486816
1700823055599128000,193.91112817382813,0.6466255784034729,0.982818603515625,9.735827445983887
1700823055608824000,193.92082397460936,0.6544201970100403,0.9864143133163452,9.734943389892578
1700823055618778000,193.93077807617186,0.6595534682273865,0.987182080745697,9.734519004821777
1700823055629054000,193.94105395507813,0.6681956052780151,0.9857841730117798,9.7340726852417
1700823055638931000,193.95093090820313,0.6808002591133118,0.9844626188278198,9.733331680297852
1700823055649069000,193.96106909179687,0.6935358047485352,0.9847484230995178,9.732403755187988
1700823055658891000,193.97089111328125,0.7048807740211487,0.9868065118789673,9.731380462646484
1700823055668876000,193.9808759765625,0.7099801898002625,0.9908145666122437,9.730602264404297
1700823055678923000,193.99092309570312,0.7099217176437378,0.9966960549354553,9.730006217956543
1700823055688889000,194.00088916015625,0.7090051770210266,1.003125786781311,9.729413032531738
1700823055699576000,194.011576171875,0.7120862007141113,1.0075979232788086,9.72872543334961
1700823055708918000,194.02091796875,0.7189701199531555,1.0085664987564087,9.728116989135742
1700823055718906000,194.03090600585938,0.7278501987457275,1.0070216655731201,9.727617263793945
1700823055728896000,194.04089599609375,0.7360808253288269,1.0031009912490845,9.727402687072754
1700823055738865000,194.05086499023437,0.742985188961029,0.9968991875648499,9.727516174316406
1700823055748879000,194.06087915039063,0.745967447757721,0.9906629323959351,9.727924346923828
1700823055758793000,194.07079296875,0.7421995997428894,0.9857584834098816,9.728711128234863
1700823055768811000,194.08081103515624,0.7310889959335327,0.9827283024787903,9.729859352111816
1700823055778929000,194.0909289550781,0.7144050002098083,0.981779932975769,9.731194496154785
1700823055788859000,194.10085888671875,0.6963748335838318,0.9832368493080139,9.732354164123535
1700823055799524000,194.11152416992186,0.6828343868255615,0.9867270588874817,9.732958793640137
1700823055809108000,194.12110791015624,0.6615753173828125,0.9864461421966553,9.734456062316895
1700823055818909000,194.13090893554687,0.649206817150116,0.9821552038192749,9.735723495483398
1700823055828897000,194.14089697265624,0.6403005123138428,0.9692805409431458,9.737602233886719
1700823055838906000,194.15090600585938,0.634638249874115,0.9562246203422546,9.739262580871582
1700823055849019000,194.16101879882814,0.6263461709022522,0.9457444548606873,9.740824699401855
1700823055858846000,194.17084594726563,0.6132575869560242,0.939204216003418,9.742288589477539
1700823055868867000,194.1808671875,0.5993897914886475,0.9340311884880066,9.74364948272705
1700823055878932000,194.19093188476563,0.5907248258590698,0.9366022348403931,9.743931770324707
1700823055888872000,194.20087182617186,0.5968593955039978,0.9508049488067627,9.742181777954102
1700823055898863000,194.21086303710936,0.6116893291473389,0.9626619815826416,9.74009895324707
1700823055908941000,194.22094116210937,0.6053951978683472,0.9609203934669495,9.740663528442383
1700823055918917000,194.23091723632814,0.6056862473487854,0.9608569741249084,9.740652084350586
1700823055928859000,194.24085888671874,0.6042231917381287,0.960650622844696,9.740763664245605
1700823055938993000,194.25099291992188,0.6008680462837219,0.959589421749115,9.741074562072754
1700823055948856000,194.26085595703125,0.5995616316795349,0.9584665894508362,9.741266250610352
1700823055958929000,194.27092895507812,0.6005372405052185,0.9572879076004028,9.74132251739502
1700823055968773000,194.28077319335938,0.6011866331100464,0.95575350522995,9.741434097290039
1700823055978715000,194.29071484375,0.6009680032730103,0.95232093334198,9.741782188415527
1700823055988724000,194.30072387695313,0.6012760400772095,0.9483268857002258,9.742151260375977
1700823055998770000,194.31077001953125,0.604617178440094,0.9463099837303162,9.742142677307129
1700823056008868000,194.3208681640625,0.6129273176193237,0.9445666670799255,9.741791725158691
1700823056019433000,194.33143286132812,0.6251134276390076,0.9428797364234924,9.741182327270508
1700823056029300000,194.34130004882812,0.6384773850440979,0.9414184093475342,9.740456581115723
1700823056040066000,194.35206616210937,0.6549281477928162,0.9367430806159973,9.739814758300781
1700823056048805000,194.36080517578125,0.6738064289093018,0.9296858906745911,9.739203453063965
1700823056058802000,194.37080200195314,0.6948615312576294,0.9232838749885559,9.738330841064453
1700823056068910000,194.38091015625,0.712415874004364,0.9193284511566162,9.737438201904297
1700823056078767000,194.39076708984376,0.7265384793281555,0.913598358631134,9.736931800842285
1700823056088772000,194.40077221679687,0.7371949553489685,0.9055299162864685,9.73688793182373
1700823056098751000,194.4107509765625,0.7450409531593323,0.8984379172325134,9.736947059631348
1700823056108767000,194.42076708984376,0.7555956840515137,0.89614337682724,9.736344337463379
1700823056118858000,194.43085791015625,0.7737485766410828,0.8982946872711182,9.734720230102539
1700823056129415000,194.44141479492188,0.8005185127258301,0.9029045701026917,9.732128143310547
1700823056138834000,194.450833984375,0.8295458555221558,0.9061498045921326,9.729394912719727
1700823056148870000,194.46086987304687,0.85521399974823,0.9105673432350159,9.726760864257812
1700823056158893000,194.47089306640626,0.8746025562286377,0.9164590239524841,9.724483489990234
1700823056168868000,194.4808681640625,0.8844605684280396,0.9245350956916809,9.722826957702637
1700823056179003000,194.4910029296875,0.8870482444763184,0.9360176920890808,9.7214937210083
1700823056188826000,194.500826171875,0.8884037137031555,0.9501473903656006,9.719998359680176
1700823056198878000,194.5108779296875,0.89541095495224,0.9677654504776001,9.717616081237793
1700823056208851000,194.52085083007813,0.90995854139328,0.9860820174217224,9.714423179626465
1700823056218889000,194.5308889160156,0.9267699718475342,0.9999948143959045,9.711410522460938
1700823056228917000,194.5409169921875,0.9450023770332336,1.0017951726913452,9.709468841552734
1700823056238883000,194.55088305664063,0.9631734490394592,0.9941223859786987,9.708471298217773
1700823056248883000,194.56088305664062,0.9796364903450012,0.9748799204826355,9.708775520324707
1700823056258890000,194.57088989257812,0.9936474561691284,0.9496487379074097,9.70985221862793
1700823056268992000,194.58099194335938,1.0042483806610107,0.9252990484237671,9.711112976074219
1700823056278939000,194.59093896484376,1.0083593130111694,0.9080828428268433,9.712310791015625
1700823056289079000,194.6010791015625,1.0109370946884155,0.9000541567802429,9.712791442871094
1700823056298890000,194.61088989257811,1.022409439086914,0.9053338170051575,9.711098670959473
1700823056308683000,194.62068310546874,1.0391128063201904,0.9168705344200134,9.708242416381836
1700823056318670000,194.63067016601562,1.0564262866973877,0.9268968105316162,9.705422401428223
1700823056328791000,194.640791015625,1.0709154605865479,0.9300220012664795,9.703535079956055
1700823056338852000,194.65085205078125,1.085567593574524,0.9214309453964233,9.702727317810059
1700823056348815000,194.66081518554688,1.1020616292953491,0.8953306078910828,9.7033109664917
1700823056358861000,194.67086108398436,1.1223031282424927,0.8597978353500366,9.704203605651855
1700823056368893000,194.68089282226563,1.1433967351913452,0.8397095203399658,9.703499794006348
1700823056379068000,194.69106787109374,1.1610709428787231,0.8241533637046814,9.702735900878906
1700823056388817000,194.70081689453124,1.1731722354888916,0.8131842613220215,9.7022066116333
1700823056399523000,194.71152319335937,1.15878427028656,0.7969815731048584,9.705278396606445
1700823056408833000,194.7208330078125,1.15998375415802,0.8035691380500793,9.70459270477295
1700823056418719000,194.73071899414063,1.1726526021957397,0.8477417826652527,9.699310302734375
1700823056428903000,194.74090283203125,1.1948071718215942,0.8953803181648254,9.692322731018066
1700823056438865000,194.75086499023436,1.2173492908477783,0.9090826511383057,9.688241958618164
1700823056448870000,194.7608698730469,1.2396295070648193,0.9057239890098572,9.68572998046875
1700823056458884000,194.77088403320312,1.265129804611206,0.8940174579620361,9.68352222442627
1700823056468877000,194.780876953125,1.2928098440170288,0.8778785467147827,9.681343078613281
1700823056478967000,194.79096704101562,1.3214058876037598,0.8642281889915466,9.67870807647705
1700823056488962000,194.80096215820313,1.3528344631195068,0.8583420515060425,9.674890518188477
1700823056498921000,194.8109208984375,1.3843600749969482,0.8506035804748535,9.671112060546875
1700823056508779000,194.82077905273437,1.4156932830810547,0.846051037311554,9.666975021362305
1700823056518774000,194.83077392578124,1.4462217092514038,0.8424828052520752,9.66276741027832
1700823056528834000,194.840833984375,1.4741946458816528,0.8389543294906616,9.658845901489258
1700823056538818000,194.85081811523438,1.4999113082885742,0.8357029557228088,9.655168533325195
1700823056548687000,194.86068701171874,1.5244009494781494,0.831275463104248,9.651713371276855
1700823056558675000,194.87067504882813,1.5452414751052856,0.8258242011070251,9.648868560791016
1700823056568820000,194.88082006835938,1.5618577003479004,0.8209720849990845,9.646605491638184
1700823056578832000,194.89083178710936,1.5744465589523315,0.818105936050415,9.644803047180176
1700823056588819000,194.90081884765624,1.5844366550445557,0.8170455694198608,9.643257141113281
1700823056598684000,194.91068383789062,1.5927034616470337,0.8175047039985657,9.641854286193848
1700823056608846000,194.92084619140624,1.599647045135498,0.8197197914123535,9.640518188476562
1700823056618814000,194.93081396484374,1.6065526008605957,0.821596086025238,9.63921070098877
1700823056628949000,194.94094897460937,1.6129735708236694,0.8227154612541199,9.638041496276855
1700823056638882000,194.95088208007812,1.6188088655471802,0.8249211311340332,9.636874198913574
1700823056648880000,194.96088012695313,1.6223855018615723,0.8288076519966125,9.635939598083496
1700823056658811000,194.97081079101562,1.6227420568466187,0.8320519924163818,9.635601043701172
1700823056668788000,194.9807880859375,1.6198662519454956,0.8318629264831543,9.636100769042969
1700823056678817000,194.99081713867187,1.6145044565200806,0.8272331953048706,9.637399673461914
1700823056688875000,195.000875,1.6094400882720947,0.8195774555206299,9.638900756835938
1700823056698863000,195.01086303710937,1.6093623638153076,0.8108771443367004,9.639649391174316
1700823056708839000,195.0208388671875,1.615887999534607,0.8026794791221619,9.639244079589844
1700823056718720000,195.03071997070313,1.6269243955612183,0.7971011400222778,9.637849807739258
1700823056729132000,195.0411320800781,1.6406822204589844,0.793357253074646,9.63582706451416
1700823056738710000,195.0507099609375,1.6538480520248413,0.789786696434021,9.633868217468262
1700823056748898000,195.06089794921874,1.6662492752075195,0.7841717600822449,9.632190704345703
1700823056758717000,195.07071704101563,1.6774264574050903,0.7790823578834534,9.63066291809082
1700823056768879000,195.08087915039061,1.685872197151184,0.7750930190086365,9.629510879516602
1700823056778887000,195.09088696289064,1.6890537738800049,0.7711766958236694,9.629266738891602
1700823056788836000,195.10083618164063,1.686042308807373,0.7648174166679382,9.630302429199219
1700823056798816000,195.11081591796875,1.6780261993408203,0.7542585730552673,9.632534980773926
1700823056808704000,195.1207041015625,1.670930027961731,0.7428799867630005,9.634652137756348
1700823056818881000,195.13088110351563,1.6657143831253052,0.7304340600967407,9.636507987976074
1700823056829173000,195.14117309570312,1.6651748418807983,0.7208485007286072,9.637322425842285
1700823056838910000,195.15090991210937,1.670773983001709,0.7160633206367493,9.636709213256836
1700823056848850000,195.16084985351563,1.6833670139312744,0.7158628106117249,9.63453197479248
1700823056858859000,195.17085888671875,1.6893939971923828,0.717731237411499,9.63333797454834
1700823056868871000,195.18087084960936,1.6827274560928345,0.7202882170677185,9.63431453704834
1700823056879184000,195.19118383789063,1.6636890172958374,0.7206351161003113,9.637593269348145
1700823056888843000,195.20084301757814,1.636348009109497,0.716713547706604,9.64256763458252
1700823056899026000,195.21102587890624,1.6074340343475342,0.7094506025314331,9.647965431213379
1700823056908848000,195.22084814453126,1.582922101020813,0.7015323638916016,9.652595520019531
1700823056918889000,195.23088891601563,1.5653817653656006,0.6958195567131042,9.655868530273438
1700823056928763000,195.24076293945313,1.5542927980422974,0.6951043605804443,9.657712936401367
1700823056938868000,195.2508679199219,1.5470161437988281,0.6988683938980103,9.658608436584473
1700823056950930000,195.26292993164063,1.5459336042404175,0.6744722127914429,9.660515785217285
1700823056968768000,195.28076806640624,1.5430735349655151,0.6795324087142944,9.660618782043457
1700823056978809000,195.29080908203125,1.5381232500076294,0.673661470413208,9.661819458007812
1700823056988754000,195.30075390625,1.4986329078674316,0.6464715600013733,9.669879913330078
1700823056998814000,195.31081396484376,1.4489625692367554,0.6258499622344971,9.678803443908691
1700823057008751000,195.32075122070313,1.3962831497192383,0.6150564551353455,9.68723201751709
1700823057018736000,195.33073608398436,1.3567712306976318,0.6042962670326233,9.693523406982422
1700823057028876000,195.3408759765625,1.3232558965682983,0.6020350456237793,9.698295593261719
1700823057038899000,195.35089892578125,1.2811837196350098,0.6051546335220337,9.703749656677246
1700823057048778000,195.36077807617187,1.2411305904388428,0.6117834448814392,9.708538055419922
1700823057058789000,195.3707890625,1.206021785736084,0.6219137907028198,9.712318420410156
1700823057068785000,195.38078491210936,1.1739859580993652,0.6342533230781555,9.715444564819336
1700823057079567000,195.3915671386719,1.1373615264892578,0.6441612243652344,9.719149589538574
1700823057088926000,195.40092602539062,1.1008663177490234,0.6451143026351929,9.723287582397461
1700823057098959000,195.410958984375,1.078368067741394,0.6358002424240112,9.726422309875488
1700823057108805000,195.42080517578125,1.0673189163208008,0.6239885091781616,9.728405952453613
1700823057118818000,195.4308181152344,1.0588263273239136,0.6159679889678955,9.72984504699707
1700823057128697000,195.44069702148437,1.0507125854492188,0.6121236085891724,9.730966567993164
1700823057138780000,195.45077978515624,1.0489076375961304,0.6105024218559265,9.731264114379883
1700823057148811000,195.46081103515624,1.053342342376709,0.6078948974609375,9.73094654083252
1700823057158631000,195.470630859375,1.0581114292144775,0.5991887450218201,9.730971336364746
1700823057168750000,195.48075,1.0530518293380737,0.5862266421318054,9.732307434082031
1700823057178912000,195.490912109375,1.0426199436187744,0.5721235871315002,9.734270095825195
1700823057188907000,195.50090698242187,1.0323960781097412,0.5578554272651672,9.736187934875488
1700823057198940000,195.51093994140626,0.7569535374641418,0.4215586483478546,9.768301010131836
1700823057208809000,195.52080908203126,0.6148480772972107,0.3552405536174774,9.780908584594727
1700823057218927000,195.53092700195313,0.5717968344688416,0.3293813169002533,9.784422874450684
1700823057228911000,195.5409111328125,0.5573737621307373,0.31530484557151794,9.785720825195312
1700823057238841000,195.55084106445312,0.5527531504631042,0.3059113025665283,9.786280632019043
1700823057248787000,195.56078686523438,0.5500538349151611,0.29921939969062805,9.786639213562012
1700823057258803000,195.57080297851562,0.5481891632080078,0.2928174138069153,9.78693675994873
1700823057268883000,195.58088305664063,0.5481599569320679,0.28796470165252686,9.78708267211914
1700823057278904000,195.59090405273437,0.5492839813232422,0.28548866510391235,9.787092208862305
1700823057288989000,195.60098901367186,0.5437684655189514,0.27792203426361084,9.787619590759277
1700823057298978000,195.61097802734375,0.5424702167510986,0.27163347601890564,9.787867546081543
1700823057308856000,195.62085595703124,0.5484814643859863,0.2655673027038574,9.787699699401855
1700823057318911000,195.63091088867188,0.562646746635437,0.2560366690158844,9.787147521972656
1700823057328827000,195.6408269042969,0.5844196081161499,0.24342210590839386,9.786192893981934
1700823057338906000,195.65090600585938,0.6112637519836426,0.22971008718013763,9.784886360168457
1700823057348823000,195.66082299804688,0.632034182548523,0.21395781636238098,9.783924102783203
1700823057358853000,195.67085302734375,0.7073901295661926,0.2191445678472519,9.778647422790527
1700823057368875000,195.680875,0.7771797180175781,0.22493718564510345,9.773218154907227
1700823057378901000,195.69090087890626,0.8538578748703003,0.2335004210472107,9.766616821289062
1700823057388990000,195.70098999023438,0.9469237327575684,0.2472524642944336,9.757695198059082
1700823057399754000,195.71175390625,1.0689157247543335,0.27087855339050293,9.744457244873047
1700823057408890000,195.72089013671874,1.172460913658142,0.2873603105545044,9.732067108154297
1700823057418895000,195.73089501953126,1.216130018234253,0.2840332090854645,9.726806640625
1700823057428901000,195.74090112304688,1.2339409589767456,0.2742018401622772,9.724844932556152
1700823057438835000,195.7508349609375,1.2635797262191772,0.2637973725795746,9.721325874328613
1700823057448872000,195.76087182617186,1.2916367053985596,0.25175270438194275,9.717958450317383
1700823057458788000,195.7707880859375,1.3018015623092651,0.23463848233222961,9.717028617858887
1700823057468857000,195.78085717773436,1.2930787801742554,0.2136790007352829,9.718677520751953
1700823057478776000,195.79077612304687,1.2643693685531616,0.19767478108406067,9.72279167175293
1700823057488762000,195.80076220703126,1.2319459915161133,0.18441198766231537,9.727214813232422
1700823057498751000,195.8107509765625,1.1988614797592163,0.1703060120344162,9.731603622436523
1700823057508750000,195.82075,1.1669074296951294,0.15771307051181793,9.735698699951172
1700823057518721000,195.83072094726563,1.1409616470336914,0.15013766288757324,9.73889446258545
1700823057529174000,195.84117407226563,1.1132196187973022,0.1426110714673996,9.742218017578125
1700823057538895000,195.85089501953124,1.0791711807250977,0.12802432477474213,9.746251106262207
1700823057548702000,195.8607019042969,1.0148919820785522,0.09478577971458435,9.753534317016602
1700823057559134000,195.87113403320313,0.9293845295906067,0.04900047183036804,9.76239013671875
1700823057568863000,195.88086303710938,0.8538684248924255,0.011707681231200695,9.769399642944336
1700823057578864000,195.8908640136719,0.7720978856086731,-0.02293459326028824,9.776182174682617
1700823057588869000,195.900869140625,0.6944523453712463,-0.04626139998435974,9.781923294067383
1700823057599263000,195.91126293945314,0.6153507828712463,-0.06165449321269989,9.787130355834961
1700823057608773000,195.92077319335937,0.5411298871040344,-0.07474018633365631,9.791425704956055
1700823057618793000,195.93079296875,0.464384526014328,-0.0890226885676384,9.795246124267578
1700823057628857000,195.9408571777344,0.38440030813217163,-0.10538199543952942,9.798547744750977
1700823057638837000,195.9508369140625,0.2939700782299042,-0.12597966194152832,9.801435470581055
1700823057648678000,195.96067797851563,0.20781448483467102,-0.14844635128974915,9.803324699401855
1700823057658889000,195.97088891601564,0.1248854398727417,-0.17282208800315857,9.80433177947998
1700823057668831000,195.9808310546875,0.050894320011138916,-0.19403322041034698,9.80459976196289
1700823057678906000,195.9909060058594,-0.021129297092556953,-0.2102046012878418,9.804374694824219
1700823057688864000,196.00086401367187,-0.09853870421648026,-0.22241204977035522,9.803631782531738
1700823057700098000,196.01209814453125,-0.18444588780403137,-0.23335868120193481,9.802140235900879
1700823057708956000,196.02095581054687,-0.25529754161834717,-0.24375206232070923,9.80029582977295
1700823057718849000,196.03084912109375,-0.3171680271625519,-0.25498220324516296,9.798202514648438
1700823057728946000,196.04094580078126,-0.09738427400588989,-0.17955051362514496,9.804523468017578
1700823057738868000,196.05086791992187,0.26281508803367615,-0.045795828104019165,9.803021430969238
1700823057748734000,196.06073388671874,0.6187819242477417,0.08788345009088516,9.786713600158691
1700823057758942000,196.07094189453124,0.5277695059776306,0.06852671504020691,9.792198181152344
1700823057768726000,196.08072607421875,0.43641164898872375,0.049043431878089905,9.796812057495117
1700823057778634000,196.09063403320312,0.3540671169757843,0.03715513274073601,9.800188064575195
1700823057788747000,196.1007470703125,0.29733577370643616,0.026195934042334557,9.802108764648438
1700823057798845000,196.1108449707031,0.24183541536331177,0.014695173129439354,9.803658485412598
1700823057808807000,196.1208068847656,0.1849742978811264,0.004071487113833427,9.80490493774414
1700823057818817000,196.1308171386719,0.12130174040794373,-0.0035457098856568336,9.805900573730469
1700823057828816000,196.14081591796875,0.045384619385004044,-0.00912087969481945,9.806541442871094
1700823057838841000,196.15084106445312,-0.04658873379230499,-0.013296996243298054,9.806530952453613
1700823057848664000,196.1606640625,-0.14629238843917847,-0.017093759030103683,9.805543899536133
1700823057858866000,196.17086596679687,-0.24892683327198029,-0.01758504845201969,9.803476333618164
1700823057868828000,196.18082788085937,-0.357524573802948,-0.013048866763710976,9.800124168395996
1700823057878848000,196.19084790039062,-0.47069209814071655,-0.00786532647907734,9.7953462600708
1700823057888673000,196.20067309570314,-0.592777669429779,-0.003700608154758811,9.788719177246094
1700823057898849000,196.21084912109376,-0.7138239741325378,-0.0027650808915495872,9.780637741088867
1700823057908849000,196.2208488769531,-0.8277227282524109,-0.0030351299792528152,9.771656036376953
1700823057918842000,196.23084204101562,-0.932697057723999,-0.0040308628231287,9.762194633483887
1700823057928848000,196.24084790039063,-1.0388537645339966,-0.006509528029710054,9.75146770477295
1700823057938871000,196.25087109375,-1.147965908050537,-0.006024959497153759,9.739225387573242
1700823057949400000,196.26140014648436,-1.254359483718872,-0.008334405720233917,9.726095199584961
1700823057959962000,196.27196215820314,-1.342123031616211,-0.013185353018343449,9.714367866516113
1700823057969032000,196.28103198242187,-1.4414970874786377,-0.020380232483148575,9.700105667114258
1700823057979097000,196.29109716796876,-1.5377578735351562,-0.028795886784791946,9.685293197631836
1700823057988891000,196.30089086914063,-1.674877405166626,-0.07200666517019272,9.662299156188965
1700823057998774000,196.31077392578126,-1.7377502918243408,-0.08076193183660507,9.651119232177734
1700823058008895000,196.32089501953126,-1.788306713104248,-0.08720044046640396,9.641825675964355
1700823058018778000,196.33077807617187,-1.8368220329284668,-0.0884358286857605,9.632688522338867
1700823058028999000,196.3409990234375,-1.886408805847168,-0.08607698976993561,9.623120307922363
1700823058038775000,196.35077514648438,-1.9277491569519043,-0.08647007495164871,9.614921569824219
1700823058048723000,196.3607229003906,-1.9747376441955566,-0.09367547929286957,9.605311393737793
1700823058059111000,196.37111083984374,-2.023399829864502,-0.10608400404453278,9.595051765441895
1700823058068930000,196.38092993164062,-2.05928111076355,-0.11919453740119934,9.587259292602539
1700823058078918000,196.39091796875,-2.0773651599884033,-0.12964607775211334,9.583223342895508
1700823058088908000,196.40090795898436,-2.0765795707702637,-0.12771394848823547,9.583417892456055
1700823058098937000,196.41093701171874,-2.067509412765503,-0.12271131575107574,9.585443496704102
1700823058108918000,196.42091796875,-2.0580379962921143,-0.1173243597149849,9.587549209594727
1700823058118940000,196.43093994140625,-2.0523030757904053,-0.11856792867183685,9.588764190673828
1700823058128882000,196.4408818359375,-2.0477607250213623,-0.1261015385389328,9.589637756347656
1700823058139989000,196.45198901367186,-2.045517921447754,-0.1311371922492981,9.59005069732666
1700823058148619000,196.46061889648436,-2.037064552307129,-0.13038784265518188,9.59185791015625
1700823058158658000,196.47065795898436,-2.0097341537475586,-0.12462854385375977,9.597700119018555
1700823058168899000,196.48089916992188,-1.976250410079956,-0.11716011166572571,9.604743003845215
1700823058178873000,196.490873046875,-1.9518659114837646,-0.10925064980983734,9.609823226928711
1700823058188865000,196.50086499023436,-1.9272563457489014,-0.10155103355646133,9.614871978759766
1700823058198874000,196.5108740234375,-1.9240193367004395,-0.09163491427898407,9.615621566772461
1700823058208955000,196.52095483398438,-1.9220547676086426,-0.0784466415643692,9.616128921508789
1700823058218901000,196.53090087890624,-1.9157342910766602,-0.0655883252620697,9.617486953735352
1700823058228854000,196.54085400390625,-1.8958740234375,-0.051104750484228134,9.621508598327637
1700823058238773000,196.55077294921875,-1.8728817701339722,-0.0333683080971241,9.626090049743652
1700823058248759000,196.5607590332031,-1.8423919677734375,-0.015897534787654877,9.6320161819458
1700823058258890000,196.57088989257812,-1.7951754331588745,0.005873275920748711,9.640939712524414
1700823058268798000,196.5807978515625,-1.7401702404022217,0.04140869900584221,9.650932312011719
1700823058278868000,196.59086791992186,-1.6919991970062256,0.08364128321409225,9.659220695495605
1700823058288816000,196.60081616210937,-1.6798124313354492,0.12590017914772034,9.660888671875
1700823058298951000,196.61095092773436,-1.6996996402740479,0.1519721895456314,9.657033920288086
1700823058308735000,196.62073486328126,-1.7125509977340698,0.1618824601173401,9.654603004455566
1700823058318804000,196.63080395507814,-1.6999170780181885,0.17316140234470367,9.656641006469727
1700823058328773000,196.64077319335937,-1.6506582498550415,0.1949649453163147,9.66476821899414
1700823058338881000,196.65088110351562,-1.5739730596542358,0.22886253893375397,9.67680835723877
1700823058348925000,196.66092504882812,-1.5085124969482422,0.2678092420101166,9.686232566833496
1700823058358790000,196.6707897949219,-1.4556477069854736,0.31110680103302,9.693023681640625
1700823058368940000,196.68093994140625,-1.4173855781555176,0.34949761629104614,9.697385787963867
1700823058378788000,196.6907880859375,-1.3989707231521606,0.38174715638160706,9.69884204864502
1700823058389281000,196.70128100585939,-1.4030641317367554,0.40600043535232544,9.697266578674316
1700823058398856000,196.71085595703124,-1.3981225490570068,0.4211331307888031,9.697334289550781
1700823058408758000,196.72075805664062,-1.3698318004608154,0.4367576837539673,9.70068073272705
1700823058418739000,196.73073901367187,-1.3481202125549316,0.4523506760597229,9.703008651733398
1700823058428790000,196.7407900390625,-1.327569603919983,0.47674980759620667,9.704671859741211
1700823058438840000,196.75084008789062,-1.2950193881988525,0.5153881311416626,9.7070951461792
1700823058448838000,196.760837890625,-1.2899153232574463,0.5491904616355896,9.705920219421387
1700823058458701000,196.770701171875,-1.3057342767715454,0.5720040798187256,9.70248794555664
1700823058468828000,196.78082788085936,-1.3105933666229248,0.5855255126953125,9.701026916503906
1700823058478832000,196.79083203125,-1.2882734537124634,0.5981935858726501,9.703242301940918
1700823058488715000,196.80071508789064,-1.2408815622329712,0.6147609949111938,9.708383560180664
1700823058499053000,196.81105297851562,-1.1854583024978638,0.6365031599998474,9.713906288146973
1700823058509383000,196.8213828125,-1.1355606317520142,0.6689540147781372,9.717686653137207
1700823058518867000,196.83086694335938,-1.1094809770584106,0.7060112953186035,9.718076705932617
1700823058529046000,196.8410458984375,-1.0878162384033203,0.7472370266914368,9.717442512512207
1700823058538972000,196.85097192382813,-1.0889830589294434,0.7875757217407227,9.714126586914062
1700823058548854000,196.86085400390624,-1.1149486303329468,0.8115297555923462,9.709209442138672
1700823058559195000,196.87119482421875,-1.1509242057800293,0.8155235052108765,9.704672813415527
1700823058568866000,196.88086596679688,-1.1666443347930908,0.8078539967536926,9.703437805175781
1700823058578913000,196.8909130859375,-1.1494096517562866,0.8028271198272705,9.705909729003906
1700823058588892000,196.90089184570311,-1.1047405004501343,0.8025211095809937,9.711121559143066
1700823058598900000,196.91089990234374,-1.0657663345336914,0.8039008378982544,9.715363502502441
1700823058609183000,196.92118286132813,-1.0500596761703491,0.8067086338996887,9.716841697692871
1700823058618951000,196.9309509277344,-1.0557798147201538,0.8129335045814514,9.715702056884766
1700823058628906000,196.94090600585938,-1.0785651206970215,0.813782811164856,9.713127136230469
1700823058639005000,196.9510048828125,-1.0922802686691284,0.8055103421211243,9.712285995483398
1700823058648903000,196.96090283203125,-1.0822107791900635,0.7911074161529541,9.714594841003418
1700823058658908000,196.97090795898438,-1.0517770051956177,0.7746008038520813,9.719267845153809
1700823058668823000,196.98082299804688,-1.0283598899841309,0.7579372525215149,9.723085403442383
1700823058678871000,196.99087109375,-1.024630069732666,0.7414952516555786,9.724747657775879
1700823058688842000,197.00084204101563,-1.0462754964828491,0.7264376878738403,9.723579406738281
1700823058698865000,197.01086499023438,-1.08402681350708,0.7133663296699524,9.720412254333496
1700823058708985000,197.02098510742186,-1.109958529472351,0.7034162878990173,9.718208312988281
1700823058718897000,197.03089697265625,-1.1260071992874146,0.6900716423988342,9.717321395874023
1700823058728838000,197.040837890625,-1.1361966133117676,0.6731874346733093,9.717317581176758
1700823058738836000,197.0508359375,-1.144504427909851,0.6541247367858887,9.717644691467285
1700823058748920000,197.06092016601562,-1.1569430828094482,0.6371878981590271,9.71729564666748
1700823058758764000,197.07076391601564,-1.1763684749603271,0.6232987642288208,9.715867042541504
1700823058768803000,197.08080297851564,-1.2044646739959717,0.6124556064605713,9.713112831115723
1700823058778732000,197.09073193359376,-1.217840313911438,0.6041580438613892,9.711963653564453
1700823058788740000,197.1007399902344,-1.2279045581817627,0.5951020121574402,9.711256980895996
1700823058798843000,197.1108427734375,-1.2252075672149658,0.5857765674591064,9.712162971496582
1700823058808887000,197.12088696289064,-1.23041570186615,0.5671306252479553,9.712613105773926
1700823058818910000,197.1309099121094,-1.2417694330215454,0.5423691272735596,9.712580680847168
1700823058828767000,197.14076708984376,-1.2524662017822266,0.5139288902282715,9.712753295898438
1700823058838797000,197.15079711914063,-1.260609745979309,0.4843786954879761,9.713218688964844
1700823058848971000,197.16097094726564,-1.2730296850204468,0.45560967922210693,9.712990760803223
1700823058858858000,197.17085791015626,-1.302047610282898,0.4318862855434418,9.71022891998291
1700823058868876000,197.1808759765625,-1.3282862901687622,0.41560909152030945,9.70738697052002
1700823058878849000,197.19084912109375,-1.3279215097427368,0.40532881021499634,9.707869529724121
1700823058888835000,197.2008349609375,-1.3357505798339844,0.3911646902561188,9.707376480102539
1700823058898781000,197.2107810058594,-1.351132869720459,0.368236243724823,9.706145286560059
1700823058908865000,197.22086499023436,-1.3659318685531616,0.34291356801986694,9.705001831054688
1700823058918855000,197.23085498046876,-1.3648954629898071,0.313148558139801,9.706151962280273
1700823058928661000,197.24066088867187,-1.3493396043777466,0.28462913632392883,9.70920467376709
1700823058938869000,197.25086889648438,-1.3411720991134644,0.2544403374195099,9.711176872253418
1700823058948831000,197.2608310546875,-1.3412842750549316,0.22315438091754913,9.71192741394043
1700823058958875000,197.270875,-1.3464233875274658,0.1981549710035324,9.711758613586426
1700823058968863000,197.28086303710938,-1.3585721254348755,0.1802344024181366,9.710416793823242
1700823058978881000,197.29088110351563,-1.3725988864898682,0.16923867166042328,9.70864200592041
1700823058988885000,197.30088500976564,-1.3777490854263306,0.1631181389093399,9.708016395568848
1700823058999046000,197.3110458984375,-1.3798755407333374,0.15528497099876404,9.707844734191895
1700823059008929000,197.32092895507813,-1.3777379989624023,0.14071370661258698,9.708368301391602
1700823059018782000,197.33078198242188,-1.3516607284545898,0.12085077911615372,9.712301254272461
1700823059028785000,197.34078491210937,-1.3299124240875244,0.10247574746608734,9.715514183044434
1700823059038649000,197.35064916992187,-1.3104945421218872,0.08373422175645828,9.71833324432373
1700823059048781000,197.36078100585937,-1.289630651473999,0.06829465925693512,9.721244812011719
1700823059058680000,197.37068017578125,-1.2794880867004395,0.05685761570930481,9.72265625
1700823059068788000,197.3807880859375,-1.2710177898406982,0.04286123812198639,9.723840713500977
1700823059078756000,197.39075610351563,-1.2572212219238281,0.028646834194660187,9.725687980651855
1700823059088920000,197.40092016601562,-1.2525159120559692,0.017395079135894775,9.726320266723633
1700823059098881000,197.41088110351564,-1.2522820234298706,0.008436989039182663,9.726361274719238
1700823059109054000,197.42105395507812,-1.2344805002212524,-0.0010641220724210143,9.728639602661133
1700823059118950000,197.43094995117187,-1.2264111042022705,-0.018103519454598427,9.729643821716309
1700823059128948000,197.44094799804688,-1.190408706665039,-0.03324848413467407,9.734074592590332
1700823059138990000,197.45098999023438,-1.153814673423767,-0.05252981558442116,9.738395690917969
1700823059148955000,197.46095483398437,-1.1235568523406982,-0.066053606569767,9.741849899291992
1700823059158992000,197.47099194335937,-1.111207127571106,-0.07414981722831726,9.743208885192871
1700823059168861000,197.48086083984376,-1.1118366718292236,-0.07788345217704773,9.743106842041016
1700823059178884000,197.49088403320312,-1.1115612983703613,-0.08119126409292221,9.743110656738281
1700823059188838000,197.500837890625,-1.1133984327316284,-0.0832093209028244,9.742884635925293
1700823059198674000,197.510673828125,-1.1087726354599,-0.08685556799173355,9.74338150024414
1700823059208779000,197.52077905273438,-1.089475154876709,-0.08884645253419876,9.745538711547852
1700823059218750000,197.53075,-1.0655301809310913,-0.08845657855272293,9.748189926147461
1700823059228877000,197.540876953125,-1.0455290079116821,-0.08634791523218155,9.750373840332031
1700823059238811000,197.55081079101564,-1.0212346315383911,-0.08292816579341888,9.752979278564453
1700823059248873000,197.560873046875,-1.0044488906860352,-0.07694061845541,9.754770278930664
1700823059258879000,197.57087890625,-0.9903256297111511,-0.06888327747583389,9.756274223327637
1700823059268871000,197.58087084960937,-0.9997422695159912,-0.0527484267950058,9.755415916442871
1700823059278949000,197.59094921875,-0.9861059784889221,-0.042495325207710266,9.756855010986328
1700823059289198000,197.60119799804687,-0.9656962156295776,-0.032919690012931824,9.758931159973145
1700823059298942000,197.61094189453124,-1.0742530822753906,-0.11984949558973312,9.74689769744873
1700823059308814000,197.62081396484376,-1.0771377086639404,-0.17125527560710907,9.74581241607666
1700823059320164000,197.6321640625,-1.0556505918502808,-0.18738895654678345,9.7478666305542
1700823059328684000,197.64068408203124,-1.044061303138733,-0.18853811919689178,9.749093055725098
1700823059338660000,197.65066015625,-1.0619289875030518,-0.1928510218858719,9.747077941894531
1700823059348786000,197.66078588867188,-1.0472265481948853,-0.18348172307014465,9.748848915100098
1700823059358858000,197.67085791015626,-1.0358493328094482,-0.18222324550151825,9.750088691711426
1700823059368791000,197.680791015625,-1.019738793373108,-0.19287528097629547,9.751580238342285
1700823059378796000,197.69079614257814,-0.9981594085693359,-0.2130342721939087,9.75339412689209
1700823059388863000,197.70086303710937,-0.9690689444541931,-0.2352592498064041,9.755815505981445
1700823059398930000,197.71092993164064,-0.9383060932159424,-0.25713878870010376,9.758273124694824
1700823059408923000,197.7209228515625,-0.9083172082901001,-0.275213360786438,9.760614395141602
1700823059418798000,197.73079809570314,-0.868861973285675,-0.2741042375564575,9.764238357543945
1700823059428787000,197.74078686523438,-0.8392547965049744,-0.2725558280944824,9.766871452331543
1700823059438814000,197.75081396484376,-0.8138046860694885,-0.26921236515045166,9.76911735534668
1700823059448855000,197.76085498046876,-0.883767306804657,-0.31467559933662415,9.761677742004395
1700823059458862000,197.77086206054688,-0.9529623985290527,-0.3377256393432617,9.75439453125
1700823059468855000,197.78085498046875,-1.05683434009552,-0.37063512206077576,9.742491722106934
1700823059478952000,197.79095190429686,-1.129868507385254,-0.4168383479118347,9.732421875
1700823059488772000,197.80077221679687,-1.0778911113739014,-0.41787734627723694,9.738272666931152
1700823059499009000,197.81100903320313,-1.0202747583389282,-0.41694384813308716,9.744518280029297
1700823059508906000,197.82090600585937,-0.9636562466621399,-0.4150876998901367,9.750358581542969
1700823059518913000,197.8309130859375,-0.9014397263526917,-0.41018766164779663,9.756513595581055
1700823059529016000,197.84101611328126,-0.8369885683059692,-0.4007917642593384,9.762643814086914
1700823059540160000,197.85215991210939,-0.8510258793830872,-0.35296764969825745,9.763278007507324
1700823059548895000,197.86089501953126,-0.8854472041130066,-0.31867578625679016,9.761394500732422
1700823059558789000,197.8707890625,-0.9246832728385925,-0.280102014541626,9.758938789367676
1700823059568714000,197.8807138671875,-0.906047523021698,-0.2532166540622711,9.761423110961914
1700823059578764000,197.89076391601563,-0.8417775630950928,-0.23970015347003937,9.767516136169434
1700823059588735000,197.90073486328126,-0.7569658160209656,-0.2262389063835144,9.774774551391602
1700823059598886000,197.9108859863281,-0.6658370494842529,-0.21059563755989075,9.781754493713379
1700823059608813000,197.92081298828126,-0.5822790861129761,-0.19367694854736328,9.787432670593262
1700823059618798000,197.93079809570312,-0.5163087844848633,-0.17770108580589294,9.791436195373535
1700823059628780000,197.9407800292969,-0.46503859758377075,-0.16188772022724152,9.794280052185059
1700823059639031000,197.95103100585936,-0.4196212589740753,-0.1490098237991333,9.796536445617676
1700823059649077000,197.96107690429687,-0.3471890687942505,-0.13246814906597137,9.799609184265137
1700823059658740000,197.97073999023436,-0.26738661527633667,-0.11628595739603043,9.802313804626465
1700823059668843000,197.98084301757814,-0.17786066234111786,-0.10284867137670517,9.804498672485352
1700823059678852000,197.99085205078126,-0.09059388190507889,-0.08936843276023865,9.805826187133789
1700823059688959000,198.000958984375,-0.020300446078181267,-0.07632160931825638,9.8063325881958
1700823059698846000,198.01084594726564,0.034709494560956955,-0.0640598013997078,9.806379318237305
1700823059708852000,198.02085205078126,0.08272971957921982,-0.05000701919198036,9.806173324584961
1700823059718864000,198.03086376953124,0.1412152349948883,-0.03601473197340965,9.80556869506836
1700823059728823000,198.04082299804688,0.21235330402851105,-0.024857962504029274,9.804320335388184
1700823059739568000,198.05156811523437,0.28447452187538147,-0.01576543226838112,9.802512168884277
1700823059748862000,198.06086206054687,0.3563905954360962,-0.009557517245411873,9.800167083740234
1700823059758901000,198.07090087890626,0.413887083530426,-0.007120938040316105,9.797910690307617
1700823059768865000,198.08086499023437,0.4557318389415741,0.0037941315677016973,9.79605484008789
1700823059778895000,198.09089501953125,0.5012263655662537,0.00918693095445633,9.793828964233398
1700823059789009000,198.1010087890625,0.5396019816398621,0.01005786843597889,9.791789054870605
1700823059798691000,198.11069116210936,0.5691314339637756,0.011174305342137814,9.790115356445312
1700823059808819000,198.12081884765624,0.5907453298568726,0.010213058441877365,9.788836479187012
1700823059818901000,198.13090087890626,0.5939853191375732,0.004947101231664419,9.788644790649414
1700823059828877000,198.140876953125,0.6009756326675415,0.0002265022339997813,9.788219451904297
1700823059838933000,198.15093310546874,0.622218906879425,-0.004397065844386816,9.786890029907227
1700823059848850000,198.16084985351563,0.6529051065444946,-0.007485095411539078,9.78488826751709
1700823059858659000,198.1706591796875,0.6882967352867126,-0.005816285032778978,9.782465934753418
1700823059868800000,198.18080004882813,0.7227081656455994,-0.0009396189707331359,9.779984474182129
1700823059878848000,198.19084790039062,0.7343459725379944,0.004112988244742155,9.7791166305542
1700823059888879000,198.20087915039062,0.7164151668548584,0.007461714092642069,9.780444145202637
1700823059898940000,198.21093994140625,0.683150053024292,0.006847381591796875,9.782825469970703
1700823059908864000,198.22086401367187,0.6699509620666504,0.004706862382590771,9.78373908996582
1700823059918903000,198.23090307617187,0.664172351360321,0.0019353519892320037,9.784132957458496
1700823059928866000,198.2408659667969,0.6478419899940491,-0.0020613165106624365,9.78522777557373
1700823059939301000,198.25130102539063,0.642809271812439,-0.009741057641804218,9.785554885864258
1700823059948869000,198.260869140625,0.6388771533966064,-0.017807751893997192,9.785801887512207
1700823059958937000,198.27093701171876,0.5993529558181763,-0.03047872520983219,9.788269996643066
1700823059968839000,198.2808388671875,0.5312392115592957,-0.04898761212825775,9.792126655578613
1700823059978840000,198.29084008789061,0.4660135805606842,-0.06757774949073792,9.79533863067627
1700823059988920000,198.30092016601563,0.4046685993671417,-0.08413052558898926,9.79793643951416
1700823059998996000,198.31099584960938,0.340252548456192,-0.10052607953548431,9.800230026245117
1700823060008951000,198.32095092773437,0.2864624857902527,-0.11655980348587036,9.801774024963379
1700823060018819000,198.33081909179688,0.23643501102924347,-0.13305529952049255,9.802898406982422
1700823060028912000,198.340912109375,0.1700046807527542,-0.15126140415668488,9.804010391235352
1700823060038699000,198.35069897460937,0.0957692340016365,-0.17119857668876648,9.8046875
1700823060051197000,198.36319702148438,0.02982698380947113,-0.1923673301935196,9.804718017578125
1700823060068881000,198.380880859375,-0.10451193153858185,-0.23808161914348602,9.803204536437988
1700823060078756000,198.39075610351563,-0.17690730094909668,-0.26746201515197754,9.80140495300293
1700823060088750000,198.40075,-0.25257131457328796,-0.2982560992240906,9.798859596252441
1700823060098861000,198.41086108398437,-0.36243337392807007,-0.32607173919677734,9.794523239135742
1700823060108759000,198.42075903320313,-0.4912281036376953,-0.3514920175075531,9.788029670715332
1700823060118754000,198.4307541503906,-0.6003711819648743,-0.37652066349983215,9.781010627746582
1700823060128813000,198.44081298828124,-0.6650234460830688,-0.3957204520702362,9.776068687438965
1700823060138784000,198.45078393554687,-0.7123498320579529,-0.4143216907978058,9.771965980529785
1700823060148798000,198.4607978515625,-0.7717524766921997,-0.4398854672908783,9.766336441040039
1700823060158828000,198.470828125,-0.8416104316711426,-0.47171297669410706,9.759076118469238
1700823060168832000,198.48083203125,-0.9265156984329224,-0.5110767483711243,9.749398231506348
1700823060178779000,198.49077880859375,-1.027923822402954,-0.5498924851417542,9.737115859985352
1700823060188965000,198.50096508789062,-1.139468789100647,-0.5844005942344666,9.722677230834961
1700823060198900000,198.51089990234374,-1.2334920167922974,-0.6123676300048828,9.70947551727295
1700823060208786000,198.52078588867187,-1.2935400009155273,-0.6323603391647339,9.700373649597168
1700823060219639000,198.53163916015626,-1.3307499885559082,-0.6465429067611694,9.694404602050781
1700823060229127000,198.541126953125,-1.3665852546691895,-0.660071074962616,9.688508033752441
1700823060238653000,198.55065283203126,-1.4085551500320435,-0.6766317486763,9.681350708007812
1700823060248798000,198.5607978515625,-1.4530729055404663,-0.6959542632102966,9.6733980178833
1700823060258839000,198.57083911132813,-1.49685537815094,-0.7141559720039368,9.66539478302002
1700823060268773000,198.58077319335936,-1.583959698677063,-0.7290163040161133,9.65038776397705
1700823060278748000,198.59074780273437,-1.6827099323272705,-0.7416512966156006,9.632696151733398
1700823060288670000,198.600669921875,-1.7382190227508545,-0.7540282607078552,9.621871948242188
1700823060298891000,198.61089111328124,-1.7208833694458008,-0.7632616758346558,9.624262809753418
1700823060308746000,198.62074609375,-1.6550053358078003,-0.7622215151786804,9.635889053344727
1700823060318692000,198.63069213867186,-1.5875433683395386,-0.7526508569717407,9.64798641204834
1700823060328847000,198.64084716796876,-1.5494991540908813,-0.7441369891166687,9.654826164245605
1700823060339537000,198.65153686523436,-1.5481483936309814,-0.7426666617393494,9.655157089233398
1700823060348851000,198.66085083007812,-1.5666853189468384,-0.7477183938026428,9.651777267456055
1700823060358768000,198.67076806640625,-1.594314455986023,-0.7574530243873596,9.646492004394531
1700823060368838000,198.680837890625,-1.643506646156311,-0.766525387763977,9.637516975402832
1700823060378873000,198.690873046875,-1.70950448513031,-0.7662962079048157,9.626046180725098
1700823060388733000,198.70073291015626,-1.7136200666427612,-0.7599340081214905,9.625819206237793
1700823060398791000,198.710791015625,-1.5803297758102417,-0.7576777338981628,9.64877700805664
1700823060408806000,198.72080590820312,-1.4296412467956543,-0.7502110600471497,9.672834396362305
1700823060418941000,198.73094091796875,-1.3185597658157349,-0.7324451208114624,9.689959526062012
1700823060428795000,198.740794921875,-1.223455786705017,-0.7053735852241516,9.704432487487793
1700823060438829000,198.7508291015625,-1.1502982378005981,-0.678847074508667,9.715266227722168
1700823060448760000,198.76076000976562,-1.0963637828826904,-0.6564633846282959,9.723036766052246
1700823060458909000,198.77090893554688,-1.0694067478179932,-0.634831428527832,9.727474212646484
1700823060468777000,198.78077685546876,-1.062225341796875,-0.6034303307533264,9.73025894165039
1700823060478806000,198.7908059082031,-1.003815770149231,-0.5684729814529419,9.738560676574707
1700823060488828000,198.80082788085937,-0.8595774173736572,-0.5299719572067261,9.75451946258545
1700823060498824000,198.81082397460938,-0.7066794037818909,-0.48051702976226807,9.769343376159668
1700823060508827000,198.82082690429687,-0.5820102095603943,-0.42769819498062134,9.78001594543457
1700823060518843000,198.8308427734375,-0.4757032096385956,-0.37310296297073364,9.78799819946289
1700823060528863000,198.8408630371094,-0.4040905237197876,-0.32549160718917847,9.792912483215332
1700823060538881000,198.85088110351563,-0.37324586510658264,-0.2821732759475708,9.79548168182373
1700823060548840000,198.86083984375,-0.3529670536518097,-0.23570582270622253,9.79746150970459
1700823060558860000,198.87086010742186,-0.27875733375549316,-0.19110913574695587,9.800826072692871
1700823060568855000,198.88085498046874,-0.07498831301927567,-0.15191607177257538,9.80518627166748
1700823060578864000,198.8908640136719,0.13025660812854767,-0.1091211810708046,9.80517864227295
1700823060588945000,198.90094482421875,0.33455169200897217,-0.05665566027164459,9.80077838897705
1700823060598926000,198.91092602539064,0.5296674370765686,-0.0015656419564038515,9.792336463928223
1700823060608907000,198.92090698242188,0.7060843110084534,0.04610474780201912,9.781088829040527
1700823060618930000,198.93092993164063,0.8563345074653625,0.08528496325016022,9.768817901611328
1700823060628908000,198.94090795898438,0.9557651877403259,0.11103606969118118,9.759332656860352
1700823060638718000,198.9507180175781,1.021105408668518,0.12259352952241898,9.75257396697998
1700823060648707000,198.96070703125,1.0879933834075928,0.12525193393230438,9.745306015014648
1700823060658905000,198.9709050292969,1.1639227867126465,0.1301049292087555,9.736466407775879
1700823060668676000,198.98067602539064,1.2504782676696777,0.14609161019325256,9.72550106048584
1700823060678871000,198.99087109375,1.3396762609481812,0.16863106191158295,9.713250160217285
1700823060688893000,199.00089282226563,1.4049509763717651,0.18460458517074585,9.703733444213867
1700823060698883000,199.01088305664064,1.4399462938308716,0.1873427778482437,9.698548316955566
1700823060708877000,199.020876953125,1.4608266353607178,0.1759127378463745,9.695640563964844
1700823060718895000,199.03089501953124,1.487715244293213,0.1555471271276474,9.691898345947266
1700823060728856000,199.04085595703125,1.516727328300476,0.13714900612831116,9.687679290771484
1700823060738750000,199.05075,1.535119891166687,0.12351853400468826,9.684965133666992
1700823060748700000,199.06069995117187,1.532687783241272,0.10874094814062119,9.685526847839355
1700823060758907000,199.0709069824219,1.505368947982788,0.09244740009307861,9.689980506896973
1700823060768845000,199.0808449707031,1.467044711112976,0.07799392938613892,9.69598388671875
1700823060779549000,199.091548828125,1.4296406507492065,0.06996171921491623,9.701630592346191
1700823060790077000,199.10207690429687,1.389687418937683,0.06777940690517426,9.707448959350586
1700823060798881000,199.11088110351562,1.3445405960083008,0.06599778681993484,9.71381664276123
1700823060808878000,199.12087817382812,1.291862964630127,0.05940496176481247,9.721006393432617
1700823060818889000,199.13088891601564,1.235713243484497,0.04662848263978958,9.728373527526855
1700823060828909000,199.14090893554686,1.1820564270019531,0.028950493782758713,9.735108375549316
1700823060838962000,199.1509619140625,1.1343764066696167,0.008512976579368114,9.740817070007324
1700823060848752000,199.16075219726562,1.093734622001648,-0.012865911237895489,9.74545955657959
1700823060858920000,199.170919921875,1.0614449977874756,-0.0349690243601799,9.748973846435547
1700823060869620000,199.18161987304688,1.0527034997940063,-0.05830284580588341,9.749811172485352
1700823060878899000,199.19089892578126,1.0340723991394043,-0.0875420942902565,9.751585960388184
1700823060888918000,199.20091796875,1.009104609489441,-0.11266513168811798,9.753942489624023
1700823060898890000,199.21088989257814,0.9938608407974243,-0.13368862867355347,9.755242347717285
1700823060908876000,199.2208759765625,0.9848317503929138,-0.15093640983104706,9.75590705871582
1700823060918909000,199.23090893554686,0.9704419374465942,-0.16545389592647552,9.75711441040039
1700823060928909000,199.24090893554688,0.951943576335907,-0.17602789402008057,9.758749961853027
1700823060939368000,199.25136791992188,0.9410113096237183,-0.1836056411266327,9.75967025756836
1700823060948866000,199.26086596679687,1.248448133468628,-0.12785480916500092,9.726017951965332
1700823060958898000,199.27089794921875,1.7112369537353516,-0.03885141760110855,9.65611457824707
1700823060968912000,199.28091186523437,1.7233442068099976,-0.04849982634186745,9.65391731262207
1700823060978936000,199.29093603515625,1.7357470989227295,-0.059319913387298584,9.65163516998291
1700823060988943000,199.30094311523436,2.352226972579956,0.015591245144605637,9.520356178283691
1700823060999099000,199.31109887695314,2.331009864807129,0.010302490554749966,9.525581359863281
1700823061009067000,199.32106689453124,2.300664186477661,0.01890694536268711,9.532941818237305
1700823061018803000,199.33080297851564,2.2761099338531494,0.04400193318724632,9.538752555847168
1700823061028757000,199.34075708007813,2.269195556640625,0.08549831062555313,9.540116310119629
1700823061038741000,199.35074096679688,2.2752068042755127,0.12943536043167114,9.538190841674805
1700823061048734000,199.36073388671875,2.2840709686279297,0.16794103384017944,9.535470962524414
1700823061058785000,199.37078491210937,2.2907450199127197,0.18606939911842346,9.53353214263916
1700823061068785000,199.38078491210936,2.2945451736450195,0.18812456727027893,9.532578468322754
1700823061078828000,199.390828125,2.288029909133911,0.1740349680185318,9.53441333770752
1700823061088921000,199.4009211425781,2.2714180946350098,0.164741650223732,9.538548469543457
1700823061098929000,199.41092895507813,2.251171827316284,0.16768647730350494,9.543295860290527
1700823061108917000,199.4209169921875,2.2378456592559814,0.19125527143478394,9.545987129211426
1700823061118898000,199.43089794921875,2.235105037689209,0.23015783727169037,9.545769691467285
1700823061128922000,199.44092211914062,2.2480387687683105,0.2737877070903778,9.541581153869629
1700823061138934000,199.45093408203124,2.2839181423187256,0.3178308606147766,9.531689643859863
1700823061148974000,199.46097412109376,2.340604066848755,0.3650827407836914,9.51623249053955
1700823061159050000,199.47105004882812,2.4152591228485107,0.4120335876941681,9.495637893676758
1700823061169141000,199.48114111328124,2.4919629096984863,0.45347997546195984,9.473905563354492
1700823061178980000,199.49097998046875,2.555065393447876,0.48688337206840515,9.45542049407959
1700823061188949000,199.50094897460937,2.604200601577759,0.5128770470619202,9.440630912780762
1700823061198866000,199.51086596679687,2.6352853775024414,0.5341700315475464,9.430816650390625
1700823061208902000,199.52090185546874,2.652873992919922,0.5652726888656616,9.424071311950684
1700823061218887000,199.53088696289063,2.6864848136901855,0.5954194068908691,9.412686347961426
1700823061228763000,199.54076293945312,2.7310492992401123,0.6277268528938293,9.397751808166504
1700823061239490000,199.5514899902344,2.7858874797821045,0.6592141389846802,9.37947940826416
1700823061248937000,199.56093701171875,2.847480535507202,0.6900564432144165,9.358743667602539
1700823061259558000,199.57155786132813,2.90988826751709,0.7185787558555603,9.33737564086914
1700823061269175000,199.58117504882813,2.9729530811309814,0.7421776652336121,9.315637588500977
1700823061280004000,199.59200415039064,3.0319736003875732,0.7592302560806274,9.295220375061035
1700823061288851000,199.60085083007812,3.0864667892456055,0.7718193531036377,9.276228904724121
1700823061298750000,199.61075,3.1396372318267822,0.7824760675430298,9.257472038269043
1700823061308748000,199.620748046875,3.1941938400268555,0.7911632657051086,9.23805046081543
1700823061318883000,199.6308830566406,3.246443033218384,0.7982044219970703,9.21921157836914
1700823061328764000,199.64076391601563,3.3061461448669434,0.8059577941894531,9.197294235229492
1700823061338811000,199.65081079101563,3.367487907409668,0.8134209513664246,9.17435359954834
1700823061348766000,199.66076586914062,3.433682441711426,0.8204808235168457,9.149155616760254
1700823061358768000,199.67076806640625,3.5012969970703125,0.8273845911026001,9.122869491577148
1700823061368919000,199.6809189453125,3.2445976734161377,0.7547221183776855,9.223523139953613
1700823061378781000,199.69078100585938,2.9818553924560547,0.6907646059989929,9.316746711730957
1700823061388796000,199.7007958984375,2.7215864658355713,0.6409013867378235,9.399606704711914
1700823061398792000,199.7107919921875,2.5202460289001465,0.6137886047363281,9.457379341125488
1700823061408815000,199.72081518554688,2.4154467582702637,0.6070046424865723,9.485122680664062
1700823061419654000,199.73165380859376,2.453665018081665,0.6148828268051147,9.474801063537598
1700823061428838000,199.740837890625,2.4852304458618164,0.6197811365127563,9.466251373291016
1700823061438869000,199.75086889648438,2.5148134231567383,0.6241767406463623,9.458145141601562
1700823061448852000,199.76085205078124,2.549199342727661,0.6295280456542969,9.448580741882324
1700823061458851000,199.77085107421874,2.5858802795410156,0.6357564330101013,9.438191413879395
1700823061468790000,199.7807900390625,2.619917869567871,0.6427133679389954,9.428327560424805
1700823061478922000,199.790921875,2.646892786026001,0.6506830453872681,9.420242309570312
1700823061488865000,199.80086499023437,2.661980628967285,0.65879887342453,9.415426254272461
1700823061498891000,199.81089111328126,2.6613564491271973,0.6688801050186157,9.414892196655273
1700823061508859000,199.82085888671875,2.653669834136963,0.6784966588020325,9.416373252868652
1700823061518880000,199.8308798828125,2.6369502544403076,0.6855685114860535,9.420557022094727
1700823061528820000,199.84082006835936,2.60959792137146,0.6889353394508362,9.427925109863281
1700823061538935000,199.85093505859376,2.5794591903686523,0.6887369155883789,9.436230659484863
1700823061552551000,199.86455102539063,2.542907238006592,0.6880214214324951,9.446197509765625
1700823061568833000,199.8808330078125,2.458763360977173,0.6831310391426086,9.468801498413086
1700823061578869000,199.89086889648436,2.4118690490722656,0.6780746579170227,9.481218338012695
1700823061588852000,199.90085205078125,2.361454486846924,0.6704238057136536,9.4944429397583
1700823061598856000,199.91085595703126,2.3102591037750244,0.6610694527626038,9.507686614990234
1700823061608803000,199.92080297851564,2.2604098320007324,0.6500497460365295,9.520418167114258
1700823061618871000,199.93087109375,2.233997106552124,0.8173527717590332,9.513758659362793
1700823061628837000,199.94083715820312,2.1861720085144043,0.8134551644325256,9.525195121765137
1700823061638861000,199.95086108398436,2.1342344284057617,0.7962936162948608,9.53841495513916
1700823061648882000,199.9608818359375,2.057121992111206,0.7565540075302124,9.55856990814209
1700823061658856000,199.97085595703126,1.9907506704330444,0.7147054672241211,9.575828552246094
1700823061668838000,199.980837890625,1.9427871704101562,0.6708008646965027,9.588848114013672
1700823061678797000,199.99079711914064,1.9103374481201172,0.6231903433799744,9.598575592041016
1700823061688875000,200.000875,1.8915257453918457,0.5770183801651001,9.605185508728027
1700823061698888000,200.0108879394531,1.876285433769226,0.5361693501472473,9.610539436340332
1700823061708861000,200.02086083984375,1.8314076662063599,0.5277376174926758,9.619659423828125
1700823061718915000,200.0309150390625,1.7868313789367676,0.5200362801551819,9.628457069396973
1700823061728857000,200.04085717773438,1.736587643623352,0.5135586261749268,9.637993812561035
1700823061738895000,200.05089501953125,1.6833664178848267,0.5095131397247314,9.647645950317383
1700823061748865000,200.06086499023436,1.6274656057357788,0.5067957043647766,9.65737533569336
1700823061758910000,200.07090991210939,1.585301160812378,0.5043973922729492,9.664511680603027
1700823061769292000,200.0812919921875,1.5501210689544678,0.49886050820350647,9.670503616333008
1700823061778864000,200.09086401367188,1.519971489906311,0.4895075857639313,9.67576789855957
1700823061788864000,200.10086401367187,1.4924942255020142,0.47705841064453125,9.680665016174316
1700823061798910000,200.11090991210938,1.4645518064498901,0.46250179409980774,9.685637474060059
1700823061808856000,200.12085595703124,1.429264783859253,0.44834232330322266,9.691572189331055
1700823061818915000,200.1309150390625,1.398450493812561,0.44002312421798706,9.696449279785156
1700823061828903000,200.14090283203126,1.3676146268844604,0.43434712290763855,9.701102256774902
1700823061838921000,200.1509208984375,1.3380934000015259,0.42842036485671997,9.70548152923584
1700823061848920000,200.16092016601561,1.3108949661254883,0.42038288712501526,9.70954418182373
1700823061858942000,200.17094189453124,1.2865636348724365,0.4119207561016083,9.713159561157227
1700823061868900000,200.18090014648436,1.2589935064315796,0.40307316184043884,9.717143058776855
1700823061878872000,200.1908720703125,1.2235796451568604,0.3933180570602417,9.722064971923828
1700823061888868000,200.2008681640625,1.1832891702651978,0.3821709454059601,9.727496147155762
1700823061898891000,200.21089111328126,1.1425046920776367,0.36908817291259766,9.732874870300293
1700823061908930000,200.22092993164063,1.1048731803894043,0.35369420051574707,9.73779010772705
1700823061918899000,200.23089892578125,1.0688800811767578,0.33546939492225647,9.742451667785645
1700823061928687000,200.24068701171876,1.0327321290969849,0.31605303287506104,9.74699878692627
1700823061938900000,200.25089990234375,0.996079683303833,0.29825258255004883,9.751373291015625
1700823061948907000,200.2609069824219,0.9632815718650818,0.28565526008605957,9.755043983459473
1700823061958886000,200.27088598632812,0.9520803689956665,0.2801584303379059,9.756302833557129
1700823061968880000,200.28088012695312,0.9631985425949097,0.27935996651649475,9.755233764648438
1700823061978890000,200.29088989257812,0.9745914936065674,0.28225773572921753,9.754020690917969
1700823061988913000,200.30091284179687,0.9753525257110596,0.2872612476348877,9.753796577453613
1700823061998988000,200.31098803710938,0.9685305953025818,0.2933434844017029,9.754295349121094
1700823062009056000,200.32105590820314,0.954818844795227,0.2972276210784912,9.755531311035156
1700823062019108000,200.33110815429689,0.9308832883834839,0.29856765270233154,9.75780200958252
1700823062028786000,200.3407858886719,0.8965940475463867,0.29802870750427246,9.761029243469238
1700823062038785000,200.35078491210936,0.8579694032669067,0.29381752014160156,9.764627456665039
1700823062048768000,200.36076806640625,0.8148509860038757,0.28546324372291565,9.768568992614746
1700823062058786000,200.3707861328125,0.7681804299354553,0.2736091613769531,9.772687911987305
1700823062068771000,200.38077099609376,0.7180348634719849,0.25880029797554016,9.776904106140137
1700823062078867000,200.39086694335938,0.6626327037811279,0.2417740374803543,9.781249046325684
1700823062088851000,200.40085083007813,0.6118319034576416,0.22656770050525665,9.78492259979248
1700823062099103000,200.41110302734376,0.553898811340332,0.2105059176683426,9.78873348236084
1700823062108757000,200.42075708007812,0.48894965648651123,0.19535452127456665,9.792506217956543
1700823062118672000,200.430671875,0.422210693359375,0.18269670009613037,9.795853614807129
1700823062128712000,200.4407119140625,0.3493155539035797,0.17695260047912598,9.798830032348633
1700823062138741000,200.45074096679687,0.2505401074886322,0.194636732339859,9.80151653289795
1700823062148860000,200.46085986328126,0.12827099859714508,0.22635288536548615,9.803197860717773
1700823062158801000,200.47080078125,0.06772387772798538,0.22913405299186707,9.803739547729492
1700823062168736000,200.48073608398437,0.03100011870265007,0.2327142357826233,9.803838729858398
1700823062178698000,200.49069799804687,0.0056558339856565,0.23735855519771576,9.803776741027832
1700823062188857000,200.5008571777344,-0.012767711654305458,0.24120910465717316,9.803675651550293
1700823062199963000,200.511962890625,-0.03256780654191971,0.24369186162948608,9.803566932678223
1700823062208628000,200.5206279296875,-0.05954407528042793,0.2449485808610916,9.803410530090332
1700823062218779000,200.53077880859374,-0.09365618973970413,0.2472340613603592,9.803085327148438
1700823062228830000,200.54082983398436,-0.12812310457229614,0.2534676790237427,9.802536010742188
1700823062238776000,200.5507761230469,-0.1651812195777893,0.26549071073532104,9.801664352416992
1700823062248772000,200.56077221679686,-0.20047231018543243,0.27910247445106506,9.800627708435059
1700823062258881000,200.57088110351563,0.1736035943031311,0.36176323890686035,9.798439025878906
1700823062268849000,200.58084887695313,0.3795066773891449,0.4170496463775635,9.790427207946777
1700823062278838000,200.59083813476562,0.496744841337204,0.44104573130607605,9.784126281738281
1700823062288820000,200.60082006835938,0.4602028727531433,0.4425906240940094,9.785844802856445
1700823062298768000,200.61076782226561,0.4742763936519623,0.4450315833091736,9.78506088256836
1700823062309006000,200.6210061035156,0.4686462879180908,0.4470332860946655,9.78524112701416
1700823062319721000,200.63172094726562,0.4579249918460846,0.4509618580341339,9.785568237304688
1700823062328949000,200.6409489746094,0.4446399509906769,0.45434069633483887,9.786025047302246
1700823062338841000,200.65084106445312,0.4302595555782318,0.4521770775318146,9.786767959594727
1700823062348836600,200.66083666992188,0.41542789340019226,0.4515843689441681,9.787435531616211
1700823062360118000,200.67211791992187,0.3953951597213745,0.45564329624176025,9.788076400756836
1700823062368841000,200.68084106445312,0.3953951597213745,0.45564329624176025,9.788076400756836
1700823062378648000,200.69064794921874,0.38276422023773193,0.46503686904907227,9.788137435913086
1700823062388758000,200.70075805664064,0.38710254430770874,0.4709869921207428,9.787681579589844
1700823062398796000,200.71079614257812,0.40097150206565857,0.4748872220516205,9.78693675994873
1700823062408776000,200.72077587890624,0.420762836933136,0.47596830129623413,9.786052703857422
1700823062418758000,200.7307578125,0.4425047039985657,0.47106415033340454,9.78532886505127
1700823062428854000,200.74085400390624,0.4599737226963043,0.4652215540409088,9.784804344177246
1700823062438671000,200.7506711425781,0.4758581221103668,0.4595750868320465,9.78431224822998
1700823062448792000,200.7607919921875,0.4916039705276489,0.4547320306301117,9.783761024475098
1700823062458888000,200.77088793945313,0.5027478933334351,0.4523518681526184,9.783303260803223
1700823062468851000,200.78085083007812,0.4923498034477234,0.4557332992553711,9.783675193786621
1700823062478888000,200.7908879394531,0.5023971796035767,0.4594549536705017,9.782991409301758
1700823062488764000,200.80076391601563,0.5322960615158081,0.46261781454086304,9.781259536743164
1700823062498899000,200.81089892578126,0.5968225598335266,0.4620809257030487,9.777559280395508
1700823062508874000,200.8208740234375,0.640291154384613,0.4649965167045593,9.774672508239746
1700823062518941000,200.83094091796875,0.6632722020149231,0.47195231914520264,9.772806167602539
1700823062528896000,200.84089599609376,0.6745160818099976,0.47585782408714294,9.771846771240234
1700823062538872000,200.8508720703125,0.6539227962493896,0.47054216265678406,9.773504257202148
1700823062548937000,200.86093701171876,0.6026192903518677,0.45542994141578674,9.77751636505127
1700823062558897000,200.87089697265625,0.6045721769332886,0.45664167404174805,9.777339935302734
1700823062568880000,200.88088012695312,0.6014689207077026,0.4560641646385193,9.777558326721191
1700823062578754000,200.89075415039062,0.6000520586967468,0.45686379075050354,9.777607917785645
1700823062588886000,200.90088598632812,0.5999702215194702,0.45876172184944153,9.7775239944458
1700823062598840000,200.91084008789062,0.5975117087364197,0.46087124943733215,9.777575492858887
1700823062608753000,200.9207529296875,0.5918897986412048,0.4627893567085266,9.777827262878418
1700823062618909000,200.93090893554688,0.5822930932044983,0.46403294801712036,9.778343200683594
1700823062628874000,200.9408740234375,0.5691115856170654,0.46506667137145996,9.779070854187012
1700823062638885000,200.9508850097656,0.555540144443512,0.4641118347644806,9.779895782470703
1700823062648743000,200.96074291992187,0.5442062616348267,0.4613219201564789,9.78066635131836
1700823062658750000,200.97075,0.5332084894180298,0.4572744071483612,9.781460762023926
1700823062668860000,200.98085986328124,0.5193360447883606,0.452585369348526,9.782426834106445
1700823062678874000,200.9908740234375,0.5031786561012268,0.44797787070274353,9.783480644226074
1700823062688686000,201.00068603515626,0.48783963918685913,0.4438154995441437,9.784449577331543
1700823062698879000,201.01087890625,0.4689595699310303,0.44078329205513,9.78550910949707
1700823062708843000,201.02084301757813,0.44523149728775024,0.4391518831253052,9.786690711975098
1700823062718853000,201.03085302734374,0.4197516143321991,0.4411097466945648,9.787728309631348
1700823062728860000,201.04085986328124,0.394366979598999,0.4480535686016083,9.788469314575195
1700823062738837000,201.0508369140625,0.3648369312286377,0.45901715755462646,9.789107322692871
1700823062749008000,201.0610078125,0.3166577219963074,0.4669862389564514,9.790407180786133
1700823062758775000,201.07077514648438,0.25283610820770264,0.47160395979881287,9.792040824890137
1700823062768859000,201.08085888671874,0.19563421607017517,0.4741434156894684,9.793227195739746
1700823062778763000,201.09076293945313,0.14898820221424103,0.4764227569103241,9.793937683105469
1700823062788841000,201.10084106445314,0.10916706174612045,0.4805418848991394,9.79426097869873
1700823062798986000,201.1109860839844,0.07237432897090912,0.48552200198173523,9.794357299804688
1700823062808902000,201.12090185546876,0.0368950217962265,0.4892001152038574,9.794371604919434
1700823062818892000,201.13089208984374,0.0006382979336194694,0.48913317918777466,9.794445991516113
1700823062828877000,201.140876953125,-0.03843056038022041,0.4848340153694153,9.794583320617676
1700823062838886000,201.15088598632812,-0.07741934061050415,0.47765639424324036,9.794705390930176
1700823062849244000,201.16124389648436,-0.11070611327886581,0.47032618522644043,9.794740676879883
1700823062858867000,201.17086694335939,-0.13310089707374573,0.46498629450798035,9.79471492767334
1700823062868825000,201.1808251953125,-0.14938391745090485,0.46133390069007874,9.79465389251709
1700823062878799000,201.19079907226563,-0.16426526010036469,0.4588765799999237,9.79453182220459
1700823062888810000,201.20081005859376,-0.18478316068649292,0.45642217993736267,9.794280052185059
1700823062899036000,201.2110358886719,-0.21063773334026337,0.4531611204147339,9.793909072875977
1700823062908892000,201.22089184570314,-0.23479485511779785,0.44900253415107727,9.793553352355957
1700823062918875000,201.230875,-0.250149667263031,0.44352293014526367,9.79341983795166
1700823062928861000,201.24086083984375,-0.25033318996429443,0.43732351064682007,9.793694496154785
1700823062938911000,201.25091088867188,-0.2374795526266098,0.4316226541996002,9.794269561767578
1700823062948979000,201.26097900390624,-0.2067231833934784,0.42911359667778015,9.795076370239258
1700823062958877000,201.270876953125,-0.17602351307868958,0.4279685318470001,9.795726776123047
1700823062969614000,201.28161401367188,-0.15423545241355896,0.4284919500350952,9.796070098876953
1700823062978904000,201.29090405273436,-0.13881050050258636,0.43070730566978455,9.796205520629883
1700823062988832000,201.30083203125,-0.12776128947734833,0.4353507459163666,9.796149253845215
1700823062998884000,201.31088403320314,-0.11690671741962433,0.4422174096107483,9.795976638793945
1700823063008982000,201.32098193359374,-0.400516152381897,0.528068482875824,9.784229278564453
1700823063018892000,201.33089208984376,-0.4489128291606903,0.5370376706123352,9.781641006469727
1700823063028769000,201.34076904296876,-0.4453904926776886,0.5335016250610352,9.781993865966797
1700823063038811000,201.35081079101562,-0.4241553843021393,0.5313295125961304,9.783056259155273
1700823063048734000,201.36073388671875,-0.39899757504463196,0.5318821668624878,9.78408432006836
1700823063058633000,201.37063305664063,-0.3676069974899292,0.5370040535926819,9.785033226013184
1700823063068832000,201.38083203125,-0.3117190897464752,0.5636612176895142,9.785473823547363
1700823063078788000,201.3907880859375,-0.2658902406692505,0.5885848999023438,9.785359382629395
1700823063088806000,201.40080590820313,-0.23642274737358093,0.6058376431465149,9.785064697265625
1700823063098793000,201.41079296875,-0.22959434986114502,0.6071093082427979,9.785147666931152
1700823063108864000,201.4208640136719,-0.2249041497707367,0.6094961762428284,9.78510856628418
1700823063119381000,201.43138110351563,-0.2155909687280655,0.6115361452102661,9.785189628601074
1700823063128786000,201.44078588867188,-0.20314590632915497,0.6123331785202026,9.785406112670898
1700823063138882000,201.45088208007812,-0.18559856712818146,0.6110854744911194,9.785833358764648
1700823063148735000,201.46073486328126,-0.16628070175647736,0.6091422438621521,9.786301612854004
1700823063158836000,201.4708359375,-0.14474983513355255,0.6090686321258545,9.786648750305176
1700823063169068000,201.48106811523436,-0.12010464072227478,0.611977756023407,9.786799430847168
1700823063178947000,201.49094702148437,-0.09452829509973526,0.6167019009590149,9.786784172058105
1700823063188847000,201.50084716796874,-0.06849544495344162,0.622455894947052,9.786636352539062
1700823063198970000,201.51097021484375,-0.04380640760064125,0.6304802298545837,9.78626537322998
1700823063208770000,201.52077001953126,-0.023426469415426254,0.6394257545471191,9.78575325012207
1700823063218827000,201.53082690429687,-0.0064934538677334785,0.6504474878311157,9.785055160522461
1700823063228778000,201.54077807617188,0.002465513302013278,0.6628861427307129,9.784219741821289
1700823063238869000,201.5508688964844,0.00469721807166934,0.6765893697738647,9.783281326293945
1700823063248900000,201.56090014648439,0.0066302320919930935,0.6917880773544312,9.782217025756836
1700823063258847000,201.57084692382813,0.014143676497042179,0.7089166641235352,9.780982971191406
1700823063268954000,201.5809541015625,0.024039631709456444,0.7254393100738525,9.779751777648926
1700823063278879000,201.59087890625,0.033742111176252365,0.740929126739502,9.77856159210205
1700823063288816000,201.60081616210937,0.04483048990368843,0.7566983699798584,9.777310371398926
1700823063299001000,201.6110009765625,0.05670563876628876,0.7720204591751099,9.776049613952637
1700823063308869000,201.620869140625,0.0691927820444107,0.7858204245567322,9.774870872497559
1700823063318764000,201.63076391601564,0.08186930418014526,0.7979822754859924,9.773785591125488
1700823063328792000,201.6407919921875,0.09480945020914078,0.8099468350410461,9.772686004638672
1700823063338901000,201.65090087890624,0.1079290434718132,0.8229884505271912,9.771461486816406
1700823063348812000,201.66081201171875,0.12397417426109314,0.8369801044464111,9.770081520080566
1700823063358699000,201.67069897460937,0.14401566982269287,0.8485621213912964,9.768807411193848
1700823063368894000,201.68089404296876,0.17389293015003204,0.8554185628890991,9.767723083496094
1700823063378935000,201.69093505859374,0.21054595708847046,0.859794020652771,9.766618728637695
1700823063388803000,201.7008029785156,0.2508966624736786,0.8632906079292297,9.76535701751709
1700823063398818000,201.7108181152344,0.29205694794654846,0.8673527836799622,9.763851165771484
1700823063408869000,201.720869140625,0.32848963141441345,0.8729638457298279,9.762192726135254
1700823063418660000,201.73066015625,0.47203123569488525,0.8709735870361328,9.756484031677246
1700823063428776000,201.74077587890625,0.5964677929878235,0.8878706693649292,9.74814510345459
1700823063438867000,201.75086694335937,0.7145680785179138,0.9155451059341431,9.737635612487793
1700823063448747000,201.7607470703125,0.8181138038635254,0.9333791732788086,9.727789878845215
1700823063458821000,201.7708210449219,0.9405156373977661,0.9391002058982849,9.716167449951172
1700823063468861000,201.78086083984374,1.073358178138733,0.934606671333313,9.702824592590332
1700823063478825000,201.79082495117189,1.1599475145339966,0.9307920932769775,9.693220138549805
1700823063488813000,201.80081298828125,1.2175275087356567,0.9318775534629822,9.686053276062012
1700823063498832000,201.81083178710938,1.25499427318573,0.9352809190750122,9.680941581726074
1700823063508967000,201.820966796875,1.2812901735305786,0.9470292329788208,9.676355361938477
1700823063519051000,201.83105102539062,1.299263596534729,0.9563927054405212,9.673036575317383
1700823063528688000,201.84068823242188,1.3095242977142334,0.9624740481376648,9.671048164367676
1700823063538916000,201.850916015625,1.3095792531967163,0.965562641620636,9.670733451843262
1700823063548856000,201.86085595703125,1.3120008707046509,0.9778192043304443,9.669174194335938
1700823063558853000,201.87085302734374,1.3047481775283813,0.9913438558578491,9.668779373168945
1700823063568836000,201.88083618164063,1.29192316532135,1.005265474319458,9.669063568115234
1700823063578851000,201.89085107421874,1.2797657251358032,1.0186165571212769,9.669281959533691
1700823063588832000,201.90083203125,1.2713351249694824,1.0299237966537476,9.669197082519531
1700823063598861000,201.91086108398437,1.2684412002563477,1.0368176698684692,9.668839454650879
1700823063608818000,201.92081787109376,0.9676093459129333,0.9210434556007385,9.715234756469727
1700823063618847000,201.9308469238281,0.750723123550415,0.8631740212440491,9.739699363708496
1700823063628872000,201.94087182617187,0.6073796153068542,0.8445327281951904,9.751320838928223
1700823063638879000,201.95087890625,0.5003870129585266,0.8472843766212463,9.757157325744629
1700823063648883000,201.96088305664063,0.4174199402332306,0.8598533272743225,9.759960174560547
1700823063658906000,201.97090600585938,0.34924307465553284,0.8812509179115295,9.760729789733887
1700823063668853000,201.98085302734376,0.29386427998542786,0.9160925149917603,9.759345054626465
1700823063678955000,201.990955078125,0.25526246428489685,0.9647253155708313,9.755744934082031
1700823063688883000,202.00088305664062,0.23769700527191162,1.0157452821731567,9.751008033752441
1700823063698912000,202.010912109375,0.23513329029083252,1.031294822692871,9.749439239501953
1700823063708881000,202.020880859375,0.23501871526241302,1.0459131002426147,9.747884750366211
1700823063718939000,202.03093896484376,0.23535948991775513,1.0585319995880127,9.746513366699219
1700823063729000000,202.041,0.2344575822353363,1.0700345039367676,9.745279312133789
1700823063738940000,202.05093994140626,0.23212242126464844,1.08050537109375,9.744179725646973
1700823063748938000,202.06093798828124,0.22837212681770325,1.0903221368789673,9.743173599243164
1700823063758949000,202.07094921875,0.227646142244339,1.100446105003357,9.74205207824707
1700823063768918000,202.08091796875,0.23586978018283844,1.1120926141738892,9.740533828735352
1700823063779012000,202.09101220703124,0.25432607531547546,1.1244418621063232,9.738652229309082
1700823063788945000,202.10094482421874,0.28187283873558044,1.1366850137710571,9.73647403717041
1700823063798919000,202.1109189453125,0.3120604455471039,1.14605712890625,9.734452247619629
1700823063808871000,202.1208708496094,0.33814358711242676,1.1492650508880615,9.733202934265137
1700823063818910000,202.1309099121094,0.35751113295555115,1.1453756093978882,9.732970237731934
1700823063829436000,202.14143579101562,0.37030747532844543,1.1348445415496826,9.733725547790527
1700823063838892000,202.15089208984375,0.37825173139572144,1.119868278503418,9.735152244567871
1700823063848867000,202.1608671875,0.38461774587631226,1.1001999378204346,9.73714542388916
1700823063858714000,202.17071411132812,0.38737553358078003,1.0755796432495117,9.739787101745605
1700823063868869000,202.180869140625,0.3855488896369934,1.0480103492736816,9.742866516113281
1700823063878939000,202.19093896484375,0.38227030634880066,1.0181488990783691,9.746160507202148
1700823063888860000,202.20085986328124,0.38652387261390686,0.9897101521492004,9.748920440673828
1700823063898933000,202.21093310546874,0.42070263624191284,0.9821312427520752,9.748272895812988
1700823063908909000,202.22090893554687,0.46068626642227173,0.9834794402122498,9.746328353881836
1700823063918937000,202.23093701171874,0.494765043258667,0.9903148412704468,9.743967056274414
1700823063929061000,202.24106103515626,0.5144634246826172,0.9849568009376526,9.743489265441895
1700823063938907000,202.25090698242187,0.5285755395889282,0.9853078126907349,9.742698669433594
1700823063948866000,202.26086596679687,0.5343073606491089,0.9839683771133423,9.742522239685059
1700823063958895000,202.27089501953125,0.5397194623947144,0.9774015545845032,9.742883682250977
1700823063968871000,202.28087084960939,0.5516185760498047,0.9681161642074585,9.743144035339355
1700823063978789000,202.2907890625,0.6589531898498535,0.9307131767272949,9.740121841430664
1700823063988746000,202.30074609375,0.8039519786834717,0.8580211400985718,9.735906600952148
1700823063998735000,202.31073510742186,0.8176677823066711,0.8484589457511902,9.735602378845215
1700823064008736000,202.32073608398437,0.8288134932518005,0.8421595692634583,9.735206604003906
1700823064018782000,202.33078198242188,0.8376818299293518,0.8384683132171631,9.734766006469727
1700823064028868000,202.3408681640625,0.8419950008392334,0.8335542678833008,9.73481559753418
1700823064039089000,202.3510888671875,0.840043306350708,0.8236048221588135,9.735830307006836
1700823064048785000,202.36078491210938,0.8355506658554077,0.8100970983505249,9.737351417541504
1700823064058685000,202.3706848144531,0.8352140188217163,0.7945543527603149,9.738659858703613
1700823064068765000,202.38076489257813,0.843982994556427,0.7772563099861145,9.739298820495605
1700823064078778000,202.39077807617187,0.8596364855766296,0.758877158164978,9.739378929138184
1700823064088907000,202.40090698242187,1.2475602626800537,0.7606082558631897,9.697189331054688
1700823064098947000,202.41094702148436,1.424675703048706,0.7318933010101318,9.674967765808105
1700823064108903000,202.42090283203126,1.448162317276001,0.7252253890037537,9.67198371887207
1700823064118936000,202.43093603515624,1.4731237888336182,0.7237523794174194,9.668323516845703
1700823064129087000,202.4410869140625,1.492774248123169,0.7230284810066223,9.665363311767578
1700823064138798000,202.45079809570314,1.397201418876648,0.6256704926490784,9.686421394348145
1700823064148886000,202.46088598632812,1.2724311351776123,0.5651382803916931,9.707314491271973
1700823064158960000,202.47096020507811,1.2801005840301514,0.5660781860351562,9.706249237060547
1700823064170962000,202.4829619140625,1.2955138683319092,0.5694704651832581,9.70400619506836
1700823064179375000,202.491375,1.3154174089431763,0.5743123292922974,9.701043128967285
1700823064188791000,202.500791015625,1.3385305404663086,0.585307776927948,9.697224617004395
1700823064198745000,202.5107451171875,1.3642250299453735,0.5967337489128113,9.692946434020996
1700823064208842000,202.5208420410156,1.3936872482299805,0.6026306748390198,9.688387870788574
1700823064218789000,202.5307890625,1.423263430595398,0.6061524152755737,9.683869361877441
1700823064228749000,202.5407490234375,1.451919674873352,0.6079328656196594,9.679500579833984
1700823064238772000,202.55077197265626,1.4126795530319214,0.5696443319320679,9.687633514404297
1700823064248817000,202.56081689453126,1.4101426601409912,0.5810279250144958,9.68732738494873
1700823064258851000,202.57085107421875,1.4365689754486084,0.5815227031707764,9.683414459228516
1700823064268855000,202.58085498046876,1.4655355215072632,0.5848919153213501,9.678868293762207
1700823064278909000,202.59090893554688,1.496466040611267,0.5926222205162048,9.673664093017578
1700823064288891000,202.6008908691406,1.4603279829025269,0.7297258973121643,9.669816970825195
1700823064298877000,202.610876953125,1.4824684858322144,0.7341945767402649,9.666108131408691
1700823064308846000,202.62084619140626,1.5002777576446533,0.729882538318634,9.663686752319336
1700823064318867000,202.63086694335936,1.5133435726165771,0.7144696116447449,9.662800788879395
1700823064328875000,202.640875,1.5240345001220703,0.6802084445953369,9.663593292236328
1700823064338848000,202.65084790039063,1.53495454788208,0.6384189128875732,9.664716720581055
1700823064348864000,202.66086401367187,1.5449159145355225,0.5932829976081848,9.666003227233887
1700823064358994000,202.67099389648436,1.551819086074829,0.5507727861404419,9.667415618896484
1700823064368675000,202.68067504882814,1.555498719215393,0.5110267400741577,9.669007301330566
1700823064379182000,202.69118212890626,1.5570091009140015,0.4765130579471588,9.670524597167969
1700823064388751000,202.70075122070313,1.5548107624053955,0.450560599565506,9.67212200164795
1700823064398794000,202.7107939453125,1.5488508939743042,0.43107086420059204,9.673967361450195
1700823064408796000,202.7207958984375,1.5378227233886719,0.4137207865715027,9.676485061645508
1700823064418744000,202.730744140625,1.5290648937225342,0.39958032965660095,9.678465843200684
1700823064430803000,202.7428029785156,1.532396674156189,0.39060091972351074,9.678305625915527
1700823064438994000,202.75099389648437,1.5479291677474976,0.38982027769088745,9.67586612701416
1700823064448646000,202.76064599609376,1.5671985149383545,0.39527183771133423,9.672540664672852
1700823064458791000,202.770791015625,1.5830875635147095,0.4033566415309906,9.669618606567383
1700823064468632000,202.78063208007814,1.5913223028182983,0.4099959433078766,9.667987823486328
1700823064481048000,202.7930480957031,1.5897517204284668,0.4113833010196686,9.668188095092773
1700823064498868000,202.81086791992186,1.5678327083587646,0.397943377494812,9.672327995300293
1700823064508781000,202.82078100585937,1.5587679147720337,0.3849421441555023,9.67431926727295
1700823064518902000,202.83090209960938,1.5546002388000488,0.369527131319046,9.675591468811035
1700823064529038000,202.8410380859375,1.5549498796463013,0.3483700752258301,9.676321029663086
1700823064538768000,202.85076782226562,1.5614882707595825,0.329852432012558,9.675915718078613
1700823064548903000,202.86090283203126,1.5757787227630615,0.3199947476387024,9.673930168151855
1700823064558910000,202.87090991210937,1.5972440242767334,0.3160816729068756,9.670538902282715
1700823064569015000,202.88101513671876,1.6116151809692383,0.31560033559799194,9.668169021606445
1700823064578926000,202.89092602539063,1.615714430809021,0.3175467848777771,9.667421340942383
1700823064588880000,202.9008798828125,1.6102683544158936,0.31799861788749695,9.668313980102539
1700823064598908000,202.91090795898438,1.602868914604187,0.31530892848968506,9.669631004333496
1700823064608886000,202.92088598632813,1.6110919713974,0.3069879710674286,9.668533325195312
1700823064618893000,202.93089306640624,1.6221728324890137,0.30132541060447693,9.666858673095703
1700823064628958000,202.9409580078125,1.6286697387695312,0.29742491245269775,9.665886878967285
1700823064638828000,202.950828125,1.625422716140747,0.29562926292419434,9.666489601135254
1700823064648858000,202.9608581542969,1.6135960817337036,0.29823797941207886,9.668391227722168
1700823064658891000,202.97089111328125,1.6388901472091675,0.3212824761867523,9.663395881652832
1700823064668849000,202.98084887695313,1.6247715950012207,0.32918286323547363,9.66551399230957
1700823064679252000,202.991251953125,1.5821727514266968,0.31651654839515686,9.672999382019043
1700823064688877000,203.000876953125,1.558074712753296,0.31855595111846924,9.676844596862793
1700823064698912000,203.010912109375,1.5266648530960083,0.3175365626811981,9.681882858276367
1700823064708876000,203.0208759765625,1.4946377277374268,0.31793519854545593,9.68686580657959
1700823064718939000,203.03093896484376,1.4707781076431274,0.32366088032722473,9.690327644348145
1700823064729447000,203.04144702148437,1.4072394371032715,0.3060983419418335,9.700328826904297
1700823064738908000,203.05090795898437,1.3669734001159668,0.3059241473674774,9.706089973449707
1700823064748923000,203.0609228515625,1.3413515090942383,0.3133104741573334,9.709428787231445
1700823064758931000,203.07093090820314,1.3480325937271118,0.3374120593070984,9.707696914672852
1700823064768944000,203.08094409179688,1.3524988889694214,0.36142802238464355,9.706209182739258
1700823064778963000,203.090962890625,1.3546277284622192,0.3823007047176361,9.705114364624023
1700823064788840000,203.10083984375,1.3579045534133911,0.40181174874305725,9.70386791229248
1700823064798877000,203.110876953125,1.3602538108825684,0.4192240834236145,9.702801704406738
1700823064808856000,203.12085595703124,1.3547533750534058,0.4138926565647125,9.7037992477417
1700823064818821000,203.13082104492187,1.3432751893997192,0.40280836820602417,9.70586109161377
1700823064829202000,203.14120190429688,1.3051631450653076,0.37429070472717285,9.712203025817871
1700823064838901000,203.15090087890624,1.2591437101364136,0.3406681418418884,9.719511985778809
1700823064848891000,203.16089086914062,1.2320412397384644,0.3153013288974762,9.72383975982666
1700823064858909000,203.17090893554686,1.2212451696395874,0.29691022634506226,9.72577953338623
1700823064869047000,203.18104711914063,1.2101836204528809,0.27792349457740784,9.727724075317383
1700823064879484000,203.19148388671874,1.1993378400802612,0.25994157791137695,9.729565620422363
1700823064888964000,203.20096411132812,1.1890572309494019,0.24248598515987396,9.731276512145996
1700823064898935000,203.21093505859375,1.1675843000411987,0.24437107145786285,9.733829498291016
1700823064908954000,203.2209541015625,1.143613576889038,0.24648645520210266,9.736621856689453
1700823064918880000,203.2308798828125,1.1249340772628784,0.24986733496189117,9.7387113571167
1700823064930407000,203.24240698242187,1.1114023923873901,0.2540992796421051,9.740153312683105
1700823064938756000,203.2507561035156,1.1016565561294556,0.26034751534461975,9.741096496582031
1700823064948739000,203.26073901367187,1.0926450490951538,0.26759207248687744,9.741915702819824
1700823064958788000,203.2707880859375,1.0829495191574097,0.27446606755256653,9.742807388305664
1700823064968794000,203.28079418945313,1.0740694999694824,0.28044161200523376,9.743619918823242
1700823064978779000,203.29077880859376,1.0680062770843506,0.28525078296661377,9.744147300720215
1700823064988711000,203.3007109375,1.092428207397461,0.2778618335723877,9.74165153503418
1700823064999050000,203.31105004882812,1.1039204597473145,0.2787865400314331,9.740330696105957
1700823065008932000,203.32093212890624,1.1087807416915894,0.28101417422294617,9.739713668823242
1700823065019057000,203.33105688476562,1.110001802444458,0.2867717146873474,9.739407539367676
1700823065028960000,203.3409599609375,1.1106371879577637,0.2994169592857361,9.738954544067383
1700823065038941000,203.35094091796876,1.114319086074829,0.3236807584762573,9.737757682800293
1700823065048837000,203.3608371582031,1.1242618560791016,0.3621343970298767,9.735260009765625
1700823065058806000,203.37080590820312,1.1453320980072021,0.4167617857456207,9.730619430541992
1700823065068822000,203.38082202148436,1.1763246059417725,0.4724424481391907,9.724374771118164
1700823065078763000,203.3907629394531,1.163503646850586,0.4616682529449463,9.726432800292969
1700823065088782000,203.40078198242188,1.1491063833236694,0.4508034586906433,9.728654861450195
1700823065098936000,203.41093603515625,1.1294804811477661,0.44172203540802,9.731369972229004
1700823065108879000,203.42087915039062,1.099382758140564,0.4265677034854889,9.735491752624512
1700823065118829000,203.4308291015625,1.0744634866714478,0.41463616490364075,9.738789558410645
1700823065128864000,203.44086401367187,1.0589654445648193,0.40046414732933044,9.741079330444336
1700823065138842000,203.45084204101562,1.0781155824661255,0.40846389532089233,9.738646507263184
1700823065150361000,203.46236108398438,1.0773720741271973,0.38577598333358765,9.739652633666992
1700823065159066000,203.47106616210937,1.0698691606521606,0.364936888217926,9.74128246307373
1700823065168655000,203.48065502929688,1.0515987873077393,0.3486468493938446,9.743868827819824
1700823065178761000,203.49076098632813,1.021449089050293,0.33265960216522217,9.747634887695312
1700823065188758000,203.50075805664062,0.9878133535385132,0.31194210052490234,9.751786231994629
1700823065198761000,203.51076098632814,0.9600006341934204,0.28733840584754944,9.755318641662598
1700823065208749000,203.5207490234375,0.9382242560386658,0.2623664438724518,9.758139610290527
1700823065218757000,203.53075708007813,0.921939492225647,0.24334348738193512,9.760185241699219
1700823065228696000,203.54069604492187,0.9052426218986511,0.23045623302459717,9.762060165405273
1700823065238864000,203.55086376953125,0.8836848735809326,0.221303790807724,9.764246940612793
1700823065248830000,203.56082983398437,0.8542933464050293,0.2159600853919983,9.766982078552246
1700823065258860000,203.57086010742188,0.8148697018623352,0.2100844830274582,9.770479202270508
1700823065268835000,203.5808349609375,0.7769166827201843,0.20038317143917084,9.773773193359375
1700823065279076000,203.591076171875,0.7427566647529602,0.18805208802223206,9.776673316955566
1700823065290060000,203.60206005859374,0.709526002407074,0.17386983335018158,9.779404640197754
1700823065298978000,203.61097802734375,0.6734013557434082,0.1553746908903122,9.782269477844238
1700823065308900000,203.6209001464844,0.6303431391716003,0.13350947201251984,9.7854585647583
1700823065319008000,203.63100805664064,0.6656120419502258,0.11386165022850037,9.78337287902832
1700823065329030000,203.64102978515626,0.7935358285903931,0.09655541926622391,9.774015426635742
1700823065338859000,203.65085888671874,0.9750380516052246,0.0811319351196289,9.757720947265625
1700823065348892000,203.66089184570313,0.9394681453704834,0.056676413863897324,9.761382102966309
1700823065358814000,203.67081396484375,0.9000906348228455,0.028292028233408928,9.765215873718262
1700823065368902000,203.68090185546876,0.8644371628761292,0.004138122778385878,9.768475532531738
1700823065378888000,203.69088793945312,0.8257529139518738,-0.01658376306295395,9.771810531616211
1700823065388872000,203.70087182617186,0.7872878909111023,-0.028910452499985695,9.77495288848877
1700823065398992000,203.71099194335937,0.7502660155296326,-0.03134674206376076,9.77785873413086
1700823065408959000,203.720958984375,0.7115986943244934,-0.02876812219619751,9.780756950378418
1700823065418966000,203.73096606445313,0.6328682899475098,-0.04445581138134003,9.786108016967773
1700823065428863000,203.74086303710936,0.5947036743164062,-0.04843786731362343,9.788483619689941
1700823065438878000,203.7508779296875,0.5582961440086365,-0.056636080145835876,9.790583610534668
1700823065448958000,203.7609580078125,0.5309855341911316,-0.06643705070018768,9.792040824890137
1700823065459008000,203.77100805664062,0.48870354890823364,-0.08132891356945038,9.79412841796875
1700823065468995000,203.7809951171875,0.43463703989982605,-0.09949000924825668,9.7965087890625
1700823065479129000,203.79112915039062,0.37310150265693665,-0.1208212599158287,9.798806190490723
1700823065491603000,203.80360302734374,0.3089338541030884,-0.14276772737503052,9.800743103027344
1700823065508869000,203.820869140625,0.16683365404605865,-0.19167320430278778,9.80335807800293
1700823065518922000,203.830921875,0.09269465506076813,-0.214524507522583,9.803866386413574
1700823065528772000,203.84077221679686,0.003779518650844693,-0.2353103905916214,9.803827285766602
1700823065538739000,203.85073901367187,-0.08139467239379883,-0.2517407238483429,9.803080558776855
1700823065548854000,203.86085400390624,-0.14178280532360077,-0.26812371611595154,9.801959037780762
1700823065558804000,203.87080395507812,-0.18425416946411133,-0.2796536982059479,9.800930976867676
1700823065568762000,203.88076220703124,-0.2409229725599289,-0.28680065274238586,9.799495697021484
1700823065578807000,203.89080712890626,-0.3018149733543396,-0.29170507192611694,9.797664642333984
1700823065588868000,203.9008681640625,-0.37308746576309204,-0.29805970191955566,9.795018196105957
1700823065598812000,203.91081201171875,-0.4510381519794464,-0.30718672275543213,9.79145622253418
1700823065608960000,203.9209599609375,-0.5305483341217041,-0.31793051958084106,9.787125587463379
1700823065618862000,203.93086206054687,-0.611925482749939,-0.3271177411079407,9.782073020935059
1700823065629226000,203.94122607421875,-0.6839806437492371,-0.3321244716644287,9.777129173278809
1700823065638881000,203.95088110351563,-0.6662970781326294,-0.3058224320411682,9.779208183288574
1700823065649017000,203.96101708984375,-0.720704972743988,-0.29765522480010986,9.77560043334961
1700823065658920000,203.970919921875,-0.8091957569122314,-0.2893389165401459,9.76892375946045
1700823065668872000,203.98087182617186,-0.8795657753944397,-0.2863099277019501,9.76292896270752
1700823065678992000,203.99099194335938,-0.9689783453941345,-0.28058046102523804,9.75462818145752
1700823065689053000,204.00105297851562,-1.0682809352874756,-0.2742065191268921,9.744433403015137
1700823065698834000,204.010833984375,-1.1749153137207031,-0.27020254731178284,9.73226547241211
1700823065708934000,204.02093383789062,-1.2737311124801636,-0.26952481269836426,9.719841957092285
1700823065718961000,204.0309609375,-1.3757342100143433,-0.27095189690589905,9.705890655517578
1700823065728869000,204.040869140625,-1.4667946100234985,-0.27681291103363037,9.692384719848633
1700823065738859000,204.05085888671874,-1.5519144535064697,-0.2815910875797272,9.678980827331543
1700823065748960000,204.0609599609375,-1.638597846031189,-0.2940446138381958,9.664312362670898
1700823065758948000,204.07094799804688,-1.7371962070465088,-0.3128548264503479,9.646486282348633
1700823065768806000,204.08080590820313,-1.8399440050125122,-0.3324883282184601,9.62675666809082
1700823065778771000,204.09077099609374,-1.9245448112487793,-0.34362319111824036,9.609807968139648
1700823065788814000,204.10081396484375,-2.011077880859375,-0.3477689027786255,9.591925621032715
1700823065798888000,204.11088793945314,-2.0927624702453613,-0.34831222891807556,9.57441520690918
1700823065808940000,204.12093994140625,-2.171018362045288,-0.35484862327575684,9.556735038757324
1700823065818973000,204.13097290039062,-2.2299540042877197,-0.3692378103733063,9.542609214782715
1700823065828732000,204.14073193359374,-2.2928900718688965,-0.38965925574302673,9.52686882019043
1700823065838917000,204.15091723632813,-2.348956823348999,-0.40802082419395447,9.512430191040039
1700823065848974000,204.16097412109374,-2.409931182861328,-0.4088432490825653,9.497130393981934
1700823065858635000,204.17063500976562,-2.4625744819641113,-0.40237727761268616,9.483893394470215
1700823065868754000,204.18075390625,-2.5037248134613037,-0.39687925577163696,9.473342895507812
1700823065878836000,204.1908359375,-2.5472376346588135,-0.3967556357383728,9.461743354797363
1700823065888814000,204.20081396484375,-2.5935850143432617,-0.40730100870132446,9.448694229125977
1700823065898825000,204.21082495117187,-2.6236984729766846,-0.4257031977176666,9.43956470489502
1700823065908672000,204.22067211914063,-2.6535587310791016,-0.44808250665664673,9.43017578125
1700823065918857000,204.23085693359374,-2.6867403984069824,-0.4694155156612396,9.419740676879883
1700823065928785000,204.24078491210938,-2.709946393966675,-0.482890784740448,9.412407875061035
1700823065938813000,204.25081298828124,-2.7201621532440186,-0.484213262796402,9.409391403198242
1700823065948750000,204.26075,-2.72808575630188,-0.4746156930923462,9.407586097717285
1700823065958714000,204.27071411132812,-2.751969337463379,-0.4658154249191284,9.401067733764648
1700823065968747000,204.2807470703125,-2.8005502223968506,-0.4655649662017822,9.386723518371582
1700823065978827000,204.29082690429686,-2.86519193649292,-0.471237450838089,9.366909980773926
1700823065988817000,204.30081689453124,-2.933443546295166,-0.47464463114738464,9.345589637756348
1700823065998824000,204.31082397460938,-2.9899685382843018,-0.47294893860816956,9.327744483947754
1700823066008846000,204.32084619140625,-3.0069122314453125,-0.4631821811199188,9.322786331176758
1700823066018858000,204.33085791015625,-2.9863357543945312,-0.4462661147117615,9.330222129821777
1700823066028937000,204.34093701171875,-2.9587299823760986,-0.42620208859443665,9.339949607849121
1700823066038997000,204.3509970703125,-2.9412457942962646,-0.406910240650177,9.346329689025879
1700823066048903000,204.36090283203126,-2.9427638053894043,-0.39452245831489563,9.346383094787598
1700823066058782000,204.37078198242187,-2.9548587799072266,-0.39090076088905334,9.342718124389648
1700823066068625000,204.380625,-2.9697020053863525,-0.38598230481147766,9.338217735290527
1700823066078797000,204.39079711914061,-2.9860341548919678,-0.37285861372947693,9.333541870117188
1700823066088807000,204.40080688476561,-2.9971394538879395,-0.35500264167785645,9.330677032470703
1700823066098838000,204.4108381347656,-2.9930238723754883,-0.33633360266685486,9.332688331604004
1700823066108862000,204.42086206054688,-2.974858045578003,-0.31681349873542786,9.339176177978516
1700823066118852000,204.43085205078125,-2.949674129486084,-0.2987649142742157,9.347758293151855
1700823066128929000,204.44092895507814,-2.92923903465271,-0.27878567576408386,9.354799270629883
1700823066138858000,204.45085791015626,-2.9162375926971436,-0.2583262324333191,9.35944652557373
1700823066148897000,204.46089697265626,-2.930582284927368,-0.25090864300727844,9.3551664352417
1700823066159752000,204.471751953125,-2.953749895095825,-0.24404257535934448,9.34805965423584
1700823066168754000,204.48075390625,-2.952542781829834,-0.23029227554798126,9.348788261413574
1700823066178668000,204.49066796875,-2.9387242794036865,-0.21016192436218262,9.353617668151855
1700823066188766000,204.50076586914062,-2.906010866165161,-0.18119536340236664,9.364435195922852
1700823066198760000,204.51076000976562,-2.8561036586761475,-0.1454293429851532,9.380400657653809
1700823066208774000,204.52077392578124,-2.8072588443756104,-0.11117957532405853,9.395602226257324
1700823066218776000,204.53077612304688,-2.768433094024658,-0.08331307768821716,9.407404899597168
1700823066228855000,204.54085498046874,-2.7514941692352295,-0.06279665231704712,9.412529945373535
1700823066238837000,204.5508369140625,-2.753938674926758,-0.050693247467279434,9.411890983581543
1700823066248888000,204.56088818359376,-2.767085075378418,-0.043567631393671036,9.40807056427002
1700823066258867000,204.57086694335936,-2.7719244956970215,-0.038149990141391754,9.406665802001953
1700823066269016000,204.58101611328124,-2.7476866245269775,-0.02713526040315628,9.413812637329102
1700823066278721000,204.59072094726562,-2.7048394680023193,-0.010943126864731312,9.42624568939209
1700823066288854000,204.60085400390625,-2.663484573364258,0.0044824061915278435,9.438019752502441
1700823066298859000,204.61085888671874,-2.6278398036956787,0.019201545044779778,9.44798755645752
1700823066308794000,204.62079418945314,-2.600696325302124,0.033781565725803375,9.45545768737793
1700823066318832000,204.63083203125,-2.591447353363037,0.049258243292570114,9.457926750183105
1700823066328844000,204.64084399414062,-2.5909016132354736,0.06618921458721161,9.457971572875977
1700823066338823000,204.65082299804686,-2.580200672149658,0.08095540851354599,9.46078109741211
1700823066349081000,204.6610810546875,-2.5406291484832764,0.09636399149894714,9.47134017944336
1700823066358852000,204.67085205078126,-2.4822306632995605,0.11124123632907867,9.486650466918945
1700823066368838000,204.680837890625,-2.4260668754577637,0.12092238664627075,9.501051902770996
1700823066378718000,204.69071801757812,-2.3844449520111084,0.12295564264059067,9.511555671691895
1700823066388987000,204.70098681640624,-2.354093551635742,0.12564824521541595,9.519079208374023
1700823066398727000,204.71072680664062,-2.3355746269226074,0.1349579244852066,9.523512840270996
1700823066408934000,204.7209338378906,-2.323988914489746,0.14734423160552979,9.526163101196289
1700823066418798000,204.73079809570314,-2.3120875358581543,0.15351620316505432,9.528960227966309
1700823066428868000,204.7408681640625,-2.282442331314087,0.15944325923919678,9.536006927490234
1700823066438833000,204.7508330078125,-2.258152484893799,0.15764965116977692,9.541818618774414
1700823066448735000,204.76073486328124,-2.236266851425171,0.1535547822713852,9.547037124633789
1700823066458645000,204.77064501953126,-2.2025508880615234,0.15744653344154358,9.554808616638184
1700823066468819000,204.78081884765626,-2.145697593688965,0.16685353219509125,9.567577362060547
1700823066478866000,204.79086596679687,-2.0940041542053223,0.1812368631362915,9.578763961791992
1700823066488848000,204.80084790039064,-2.0748043060302734,0.1876101940870285,9.582818031311035
1700823066498808000,204.81080810546874,-2.070378303527832,0.1795458346605301,9.583930015563965
1700823066508788000,204.8207880859375,-2.078366279602051,0.16593144834041595,9.58244514465332
1700823066518665000,204.8306650390625,-2.078145980834961,0.15258067846298218,9.582714080810547
1700823066528879000,204.84087915039063,-2.0750374794006348,0.1427028328180313,9.583540916442871
1700823066538889000,204.85088891601563,-2.0565083026885986,0.1443038433790207,9.587510108947754
1700823066548843000,204.86084301757813,-2.0267181396484375,0.15537381172180176,9.593680381774902
1700823066558764000,204.87076391601562,-2.007925033569336,0.16444091498851776,9.597478866577148
1700823066568717000,204.88071704101563,-2.0010569095611572,0.16148674488067627,9.598962783813477
1700823066578874000,204.8908740234375,-2.0137100219726562,0.1448410153388977,9.596583366394043
1700823066588864000,204.90086401367188,-2.020848274230957,0.1251893937587738,9.595359802246094
1700823066598794000,204.9107939453125,-2.0237977504730225,0.1073366329073906,9.594953536987305
1700823066608760000,204.92076000976562,-2.0240936279296875,0.09409896284341812,9.5950288772583
1700823066618754000,204.9307541503906,-2.018659830093384,0.09108429402112961,9.596202850341797
1700823066628757000,204.94075708007813,-1.9979747533798218,0.09213292598724365,9.600520133972168
1700823066638904000,204.9509040527344,-1.9817583560943604,0.09496405720710754,9.603854179382324
1700823066648956000,204.96095581054686,-1.9805781841278076,0.09504384547472,9.604097366333008
1700823066658905000,204.9709050292969,-1.9931360483169556,0.09063304215669632,9.601540565490723
1700823066668790000,204.9807900390625,-2.007685422897339,0.08471271395683289,9.598563194274902
1700823066678823000,204.99082299804687,-2.010909080505371,0.07834990322589874,9.597943305969238
1700823066688815000,205.00081518554688,-1.9848942756652832,0.07761632651090622,9.603362083435059
1700823066698825000,205.01082495117188,-1.9632103443145752,0.08099456876516342,9.60779094696045
1700823066708802000,205.02080200195311,-1.9435802698135376,0.0846361443400383,9.611750602722168
1700823066718856000,205.03085595703126,-1.9204286336898804,0.09082330763339996,9.61634349822998
1700823066728944000,205.0409440917969,-1.916377305984497,0.1023208498954773,9.61703872680664
1700823066738933000,205.05093310546874,-1.9175041913986206,0.11796879768371582,9.616633415222168
1700823066748874000,205.0608740234375,-1.9314497709274292,0.1279328465461731,9.613716125488281
1700823066758684000,205.0706838378906,-1.9374632835388184,0.13006722927093506,9.612475395202637
1700823066768938000,205.08093798828125,-1.9154624938964844,0.1270572394132614,9.616926193237305
1700823066778679000,205.09067895507812,-1.9005144834518433,0.12221505492925644,9.619953155517578
1700823066788745000,205.10074487304686,-1.8954192399978638,0.11632044613361359,9.62103271484375
1700823066798780000,205.11077978515624,-1.9029279947280884,0.1078442931175232,9.619646072387695
1700823066809405000,205.12140502929688,-1.91103994846344,0.10170681029558182,9.618107795715332
1700823066818781000,205.13078100585938,-1.926025390625,0.09959142655134201,9.615140914916992
1700823066828766000,205.14076586914064,-1.957768440246582,0.0954299196600914,9.60876750946045
1700823066838786000,205.1507861328125,-1.9845588207244873,0.08758154511451721,9.603346824645996
1700823066848791000,205.160791015625,-1.9921249151229858,0.07760170847177505,9.6018648147583
1700823066859345000,205.17134497070313,-1.9814573526382446,0.06964052468538284,9.604133605957031
1700823066869041000,205.181041015625,-1.9759178161621094,0.06314092874526978,9.605319023132324
1700823066878955000,205.190955078125,-1.9696786403656006,0.06297609955072403,9.606602668762207
1700823066888865000,205.20086499023438,-1.9540321826934814,0.07293020933866501,9.609726905822754
1700823066898896000,205.21089575195313,-1.940394639968872,0.08440203964710236,9.612396240234375
1700823066909395000,205.22139501953126,-1.9407880306243896,0.09040770679712296,9.612260818481445
1700823066918874000,205.2308740234375,-1.9493138790130615,0.0908057689666748,9.6105318069458
1700823066931292000,205.2432919921875,-1.9375638961791992,0.088267482817173,9.612931251525879
1700823066948913000,205.26091284179688,-1.8885891437530518,0.09564034640789032,9.622602462768555
1700823066958773000,205.27077294921875,-1.8753876686096191,0.10130670666694641,9.625125885009766
1700823066968810000,205.28081005859374,-1.8686844110488892,0.10713117569684982,9.626367568969727
1700823066978858000,205.29085791015626,-1.8581103086471558,0.11178513616323471,9.628361701965332
1700823066988980000,205.30097998046875,-1.853987693786621,0.1069929376244545,9.629210472106934
1700823066998842000,205.31084204101563,-1.851010799407959,0.09858283400535583,9.629871368408203
1700823067008753000,205.3207529296875,-1.8340070247650146,0.09104220569133759,9.633200645446777
1700823067018855000,205.33085498046876,-1.806563138961792,0.08518179506063461,9.638436317443848
1700823067028979000,205.34097900390626,-1.7944647073745728,0.08077069371938705,9.64073657989502
1700823067039002000,205.35100219726561,-1.7956483364105225,0.07318711280822754,9.640576362609863
1700823067048729000,205.36072900390624,-1.800777554512024,0.061525315046310425,9.63969898223877
1700823067059505000,205.3715048828125,-1.7998498678207397,0.04783171787858009,9.639949798583984
1700823067068736000,205.38073608398437,-1.7856576442718506,0.030909517779946327,9.642658233642578
1700823067078897000,205.39089697265624,-1.7537778615951538,0.013421791605651379,9.64854907989502
1700823067088827000,205.40082690429688,-1.7435364723205566,-0.008973872289061546,9.650409698486328
1700823067098835000,205.4108349609375,-1.7370518445968628,-0.0346890352666378,9.651518821716309
1700823067108771000,205.42077099609375,-1.7242302894592285,-0.06340455263853073,9.653672218322754
1700823067118939000,205.43093896484376,-1.6976579427719116,-0.08644874393939972,9.658202171325684
1700823067128903000,205.44090283203124,-1.669192910194397,-0.09964169561862946,9.66303539276123
1700823067138911000,205.45091088867187,-1.6481927633285522,-0.10243336856365204,9.666610717773438
1700823067148949000,205.46094897460938,-1.6284359693527222,-0.10020283609628677,9.6699800491333
1700823067158808000,205.47080810546876,-1.6190742254257202,-0.09683657437562943,9.671587944030762
1700823067172342000,205.48434204101562,-1.6071780920028687,-0.09563099592924118,9.673583984375
1700823067188789000,205.5007890625,-1.567006230354309,-0.1128656268119812,9.679987907409668
1700823067198664000,205.51066381835938,-1.5503215789794922,-0.12605507671833038,9.682511329650879
1700823067208737000,205.52073706054688,-1.5172972679138184,-0.13568565249443054,9.687609672546387
1700823067218649000,205.53064916992187,-1.4811978340148926,-0.13761749863624573,9.693167686462402
1700823067228755000,205.5407548828125,-1.4505788087844849,-0.1295066773891449,9.697909355163574
1700823067238786000,205.5507861328125,-1.4249743223190308,-0.1145668774843216,9.701892852783203
1700823067248745000,205.56074487304687,-1.410379409790039,-0.09901391714811325,9.704197883605957
1700823067258685000,205.57068481445313,-1.400619626045227,-0.08653934299945831,9.705727577209473
1700823067268862000,205.58086206054688,-1.3866016864776611,-0.07980038970708847,9.70779800415039
1700823067278629000,205.5906291503906,-1.3610166311264038,-0.07375234365463257,9.711467742919922
1700823067288624000,205.6006240234375,-1.329250693321228,-0.06817162036895752,9.71590518951416
1700823067298898000,205.61089794921875,-1.3040642738342285,-0.06830518692731857,9.719316482543945
1700823067308659000,205.62065893554689,-1.2750176191329956,-0.0711401179432869,9.723150253295898
1700823067318685000,205.63068481445313,-1.24562668800354,-0.07359744608402252,9.726943016052246
1700823067328793000,205.64079296875,-1.2138018608093262,-0.07931523770093918,9.730920791625977
1700823067338698000,205.65069799804687,-1.1806203126907349,-0.08427461236715317,9.734960556030273
1700823067348806000,205.66080590820312,-1.3465631008148193,0.04784282669425011,9.713643074035645
1700823067358644000,205.67064404296875,-1.4228239059448242,0.15808658301830292,9.7015962600708
1700823067368801000,205.68080102539062,-1.5407131910324097,0.3020423352718353,9.680153846740723
1700823067378647000,205.69064697265625,-1.533481478691101,0.30802756547927856,9.681113243103027
1700823067388820000,205.70082006835938,-1.5227649211883545,0.31524670124053955,9.682572364807129
1700823067398917000,205.71091723632813,-1.4906991720199585,0.3211670219898224,9.687368392944336
1700823067408723000,205.72072290039063,-1.4554729461669922,0.3234507441520691,9.692645072937012
1700823067418736000,205.73073608398437,-1.411279559135437,0.326852947473526,9.699065208435059
1700823067428831000,205.7408310546875,-1.370049238204956,0.3320145905017853,9.704798698425293
1700823067438839000,205.75083911132813,-1.337369680404663,0.33917030692100525,9.709110260009766
1700823067448770000,205.76077001953124,-1.3149434328079224,0.34919455647468567,9.71181869506836
1700823067458657000,205.77065698242188,-1.29777193069458,0.36241525411605835,9.713641166687012
1700823067468801000,205.78080102539062,-1.275766372680664,0.37897828221321106,9.715924263000488
1700823067478786000,205.7907861328125,-1.2433804273605347,0.39641281962394714,9.719427108764648
1700823067488873000,205.800873046875,-1.2092665433883667,0.41466012597084045,9.722970008850098
1700823067498764000,205.81076391601562,-1.1788889169692993,0.4330974221229553,9.725895881652832
1700823067509014000,205.82101391601563,-1.1298930644989014,0.45532649755477905,9.730694770812988
1700823067518987000,205.83098706054687,-1.070465326309204,0.48250558972358704,9.736102104187012
1700823067528946000,205.84094580078124,-1.0219932794570923,0.5069345235824585,9.740070343017578
1700823067538808000,205.85080810546876,-0.9839216470718384,0.5279316902160645,9.742874145507812
1700823067548995000,205.8609951171875,-0.956906795501709,0.5394073128700256,9.744935989379883
1700823067559354000,205.87135400390625,-0.9254992604255676,0.5456865429878235,9.747617721557617
1700823067568720000,205.88071997070313,-1.055779218673706,0.348125159740448,9.743437767028809
1700823067578824000,205.89082397460936,-1.1120833158493042,0.2422916293144226,9.740379333496094
1700823067588805000,205.90080517578124,-1.0748486518859863,0.25042232871055603,9.744351387023926
1700823067599004000,205.91100390625,-1.0349866151809692,0.2633446455001831,9.748324394226074
1700823067609098000,205.92109790039063,-1.0320500135421753,0.20556436479091644,9.75002670288086
1700823067618729000,205.93072900390624,-0.9713877439498901,0.21779783070087433,9.755990028381348
1700823067628758000,205.94075805664062,-0.9175888895988464,0.22481735050678253,9.761038780212402
1700823067638686000,205.95068603515625,-0.8712480068206787,0.22565175592899323,9.765267372131348
1700823067648738000,205.96073803710937,-0.9808675050735474,-0.0005710779223591089,9.757475852966309
1700823067658718000,205.97071801757812,-0.9596809148788452,-0.13544949889183044,9.75864028930664
1700823067668790000,205.9807900390625,-0.9443699717521667,-0.23003742098808289,9.7583646774292
1700823067678841000,205.99084106445312,-0.8933247923851013,-0.23338556289672852,9.763089179992676
1700823067688604000,206.00060400390626,-0.8423118591308594,-0.23471856117248535,9.767590522766113
1700823067698767000,206.01076708984374,-0.7970786094665527,-0.23498979210853577,9.771378517150879
1700823067709086000,206.0210859375,-0.753529965877533,-0.2317681908607483,9.774910926818848
1700823067718785000,206.03078491210937,-0.711879312992096,-0.22878684103488922,9.77810287475586
1700823067728750000,206.04075,-0.6649684906005859,-0.22271452844142914,9.781543731689453
1700823067738620000,206.05061987304688,-0.6128373146057129,-0.21263591945171356,9.785174369812012
1700823067748763000,206.06076293945313,-0.5608920454978943,-0.20140403509140015,9.78852653503418
1700823067758748000,206.0707478027344,-0.5098100900650024,-0.19151538610458374,9.791516304016113
1700823067768864000,206.08086401367189,-0.46553662419319153,-0.18499299883842468,9.793846130371094
1700823067778873000,206.090873046875,-0.4206961989402771,-0.17940789461135864,9.795979499816895
1700823067788844000,206.10084399414063,-0.4078396260738373,-0.1388169378042221,9.797183990478516
1700823067798870000,206.1108701171875,-0.3802677392959595,-0.10221096128225327,9.798741340637207
1700823067808919000,206.1209189453125,-0.40311726927757263,-0.012240765616297722,9.798355102539062
1700823067818866000,206.13086596679688,-0.41181203722953796,0.0820963904261589,9.79765510559082
1700823067828876000,206.1408759765625,-0.3723538815975189,0.11542466282844543,9.798898696899414
1700823067838888000,206.15088793945313,-0.3210352063179016,0.1310097724199295,9.800519943237305
1700823067848867000,206.1608671875,-0.2765010595321655,0.13745616376399994,9.801788330078125
1700823067858808000,206.17080810546875,-0.23277007043361664,0.14383476972579956,9.802834510803223
1700823067868841000,206.18084106445312,-0.19336101412773132,0.1541854739189148,9.8035306930542
1700823067878866000,206.19086596679688,-0.1526297777891159,0.16401538252830505,9.804092407226562
1700823067888843000,206.20084301757814,-0.11610651016235352,0.1699737012386322,9.804488182067871
1700823067898834000,206.210833984375,-0.08451192826032639,0.174644336104393,9.804730415344238
1700823067908865000,206.22086499023436,-0.055327922105789185,0.17970483005046844,9.804847717285156
1700823067918869000,206.23086889648437,-0.025649990886449814,0.1853618323802948,9.804864883422852
1700823067928847000,206.24084716796875,0.013451018370687962,0.19210751354694366,9.804759979248047
1700823067938914000,206.2509140625,0.06188566982746124,0.1826169192790985,9.804754257202148
1700823067948721000,206.2607209472656,0.10814940929412842,0.1768362820148468,9.804458618164062
1700823067959267000,206.27126708984375,0.14816811680793762,0.17995822429656982,9.803879737854004
1700823067969045000,206.281044921875,0.17721417546272278,0.1813572645187378,9.803372383117676
1700823067978942000,206.29094189453124,0.19541209936141968,0.1805000752210617,9.803041458129883
1700823067988920000,206.30092016601563,0.20400749146938324,0.17772622406482697,9.80291748046875
1700823067998890000,206.31088989257813,0.1993827521800995,0.17401596903800964,9.803079605102539
1700823068008908000,206.32090795898438,0.194134920835495,0.17318272590637207,9.80319881439209
1700823068018896000,206.33089575195314,0.22591713070869446,0.17505349218845367,9.802486419677734
1700823068028854000,206.34085400390626,0.2653472125530243,0.17226123809814453,9.801547050476074
1700823068038885000,206.35088500976562,0.2964414358139038,0.1670905500650406,9.800743103027344
1700823068049035000,206.36103491210937,0.3030523955821991,0.16009937226772308,9.800660133361816
1700823068058953000,206.37095288085936,0.2914128005504608,0.15035803616046906,9.801164627075195
1700823068068668000,206.38066796875,0.27683717012405396,0.13983342051506042,9.801745414733887
1700823068078882000,206.39088208007811,0.2588338851928711,0.1297568529844284,9.802375793457031
1700823068088786000,206.40078588867186,0.23493103682994843,0.11969517916440964,9.803104400634766
1700823068098896000,206.41089575195312,0.20464988052845,0.10963000357151031,9.803900718688965
1700823068108766000,206.42076586914064,0.1767529994249344,0.10137275606393814,9.804533958435059
1700823068118813000,206.43081298828125,0.16594401001930237,0.09475333988666534,9.804790496826172
1700823068128868000,206.4408681640625,0.17268823087215424,0.08734802901744843,9.804741859436035
1700823068138898000,206.45089794921876,0.18266835808753967,0.08179974555969238,9.804610252380371
1700823068148851000,206.46085083007813,0.18479426205158234,0.07449965178966522,9.804625511169434
1700823068158869000,206.47086889648438,0.17416180670261383,0.06267302483320236,9.804902076721191
1700823068168850000,206.48084985351562,0.1527881771326065,0.048150576651096344,9.805343627929688
1700823068178849000,206.49084912109376,0.11980535835027695,0.033610302954912186,9.805862426757812
1700823068188887000,206.50088696289063,0.07384849339723587,0.016691315919160843,9.806358337402344
1700823068198857000,206.51085693359374,0.035830024629831314,-0.003257832722738385,9.806586265563965
1700823068208876000,206.5208759765625,0.01882803440093994,-0.022131167352199554,9.806608200073242
1700823068218940000,206.53093994140625,0.004418985452502966,-0.040145549923181534,9.80656623840332
1700823068228871000,206.54087084960938,-0.012656068429350853,-0.06488046795129776,9.806427001953125
1700823068238907000,206.55090698242188,-0.04559563100337982,-0.09002543240785599,9.806130409240723
1700823068248877000,206.560876953125,-0.09854396432638168,-0.11158844828605652,9.805520057678223
1700823068258953000,206.57095288085938,-0.17592179775238037,-0.134868785738945,9.804144859313965
1700823068268910000,206.58091015625,-0.2621060609817505,-0.15954992175102234,9.801849365234375
1700823068278919000,206.5909189453125,-0.32567864656448364,-0.18241000175476074,9.799544334411621
1700823068288898000,206.60089794921876,-0.3783697783946991,-0.21016164124011993,9.797094345092773
1700823068298915000,206.6109150390625,-0.4234422743320465,-0.2433040291070938,9.794483184814453
1700823068308926000,206.62092602539062,-0.47004035115242004,-0.2753527760505676,9.791508674621582
1700823068318931000,206.6309309082031,-0.5445101857185364,-0.3060007095336914,9.786739349365234
1700823068328912000,206.6409118652344,-0.6416904926300049,-0.3271598219871521,9.780165672302246
1700823068338808000,206.65080810546874,-0.7239736318588257,-0.34699323773384094,9.773733139038086
1700823068348924000,206.660923828125,-0.7831137776374817,-0.3721437454223633,9.768245697021484
1700823068358942000,206.67094189453124,-0.8329290747642517,-0.3988189995288849,9.76307201385498
1700823068368918000,206.68091796875,-0.8941460847854614,-0.4253884553909302,9.756534576416016
1700823068378945000,206.69094506835938,-0.9824404716491699,-0.45301762223243713,9.746793746948242
1700823068389248000,206.701248046875,-1.1079834699630737,-0.47923576831817627,9.732065200805664
1700823068399098000,206.71109814453126,-1.2484943866729736,-0.5034759044647217,9.713812828063965
1700823068408868000,206.7208681640625,-1.3768483400344849,-0.5276195406913757,9.695169448852539
1700823068418803000,206.7308029785156,-1.465174913406372,-0.5496259331703186,9.680989265441895
1700823068428905000,206.74090502929687,-1.5161352157592773,-0.5664753913879395,9.672168731689453
1700823068438857000,206.75085693359375,-1.5534493923187256,-0.5819584727287292,9.665326118469238
1700823068448839000,206.7608388671875,-1.6062077283859253,-0.5971964001655579,9.655766487121582
1700823068458879000,206.77087890625,-1.6892448663711548,-0.6129059791564941,9.64060115814209
1700823068468808000,206.78080786132813,-1.7963509559631348,-0.6288421154022217,9.620189666748047
1700823068478869000,206.79086889648437,-1.89653742313385,-0.6428714990615845,9.60001277923584
1700823068488834000,206.800833984375,-1.9721084833145142,-0.6512588262557983,9.584208488464355
1700823068498864000,206.81086401367187,-2.0187861919403076,-0.6541373133659363,9.574287414550781
1700823068508867000,206.8208671875,-2.0341765880584717,-0.6545645594596863,9.571001052856445
1700823068518906000,206.83090600585936,-2.041893482208252,-0.6528843641281128,9.56947135925293
1700823068528914000,206.84091381835938,-2.065281391143799,-0.6521969437599182,9.564499855041504
1700823068538932000,206.85093188476563,-2.0974972248077393,-0.6534361839294434,9.557400703430176
1700823068548889000,206.86088916015626,-2.1199586391448975,-0.6523661613464355,9.552515983581543
1700823068558856000,206.87085595703124,-2.1264076232910156,-0.6452803015708923,9.551565170288086
1700823068568705000,206.880705078125,-2.117779493331909,-0.6314201354980469,9.554408073425293
1700823068578866000,206.89086596679687,-2.0805203914642334,-0.6128785014152527,9.563797950744629
1700823068588895000,206.90089501953125,-2.018498420715332,-0.5909601449966431,9.578457832336426
1700823068598869000,206.91086889648437,-1.957321286201477,-0.5649412870407104,9.592710494995117
1700823068608922000,206.9209221191406,-1.9176082611083984,-0.5410439968109131,9.602107048034668
1700823068618828000,206.930828125,-1.8923131227493286,-0.5206862688064575,9.60824966430664
1700823068628779000,206.94077905273437,-1.873836874961853,-0.5046300292015076,9.612724304199219
1700823068638689000,206.95068896484375,-1.839733600616455,-0.47928720712661743,9.62060546875
1700823068648920000,206.96092016601563,-1.7487106323242188,-0.45021307468414307,9.638969421386719
1700823068658905000,206.9709050292969,-1.6490923166275024,-0.4203045666217804,9.657859802246094
1700823068668762000,206.98076220703126,-1.5523884296417236,-0.3916369676589966,9.67507553100586
1700823068678754000,206.99075415039061,-1.4670617580413818,-0.3691553771495819,9.689263343811035
1700823068689036000,207.0010361328125,-1.3920506238937378,-0.35321927070617676,9.700919151306152
1700823068698757000,207.01075708007812,-1.320329189300537,-0.3435632586479187,9.711287498474121
1700823068708711000,207.0207109375,-1.245773434638977,-0.3371785283088684,9.721356391906738
1700823068718750000,207.03075,-1.17803955078125,-0.32783523201942444,9.73011589050293
1700823068728746000,207.04074609375,-1.1325777769088745,-0.31394028663635254,9.735969543457031
1700823068738737000,207.05073681640624,-1.0846529006958008,-0.29553574323654175,9.742000579833984
1700823068748724000,207.06072387695312,-1.009690284729004,-0.270683616399765,9.750777244567871
1700823068759267000,207.07126708984376,-0.9026970267295837,-0.23928280174732208,9.762084007263184
1700823068770404000,207.08240405273438,-0.7569225430488586,-0.20886720716953278,9.775165557861328
1700823068778740000,207.09073999023437,-0.6055664420127869,-0.18195289373397827,9.786245346069336
1700823068788643000,207.10064306640626,-0.48786067962646484,-0.15996289253234863,9.793203353881836
1700823068798914000,207.1109140625,-0.40544718503952026,-0.14842239022254944,9.797140121459961
1700823068808801000,207.12080102539062,-0.33664193749427795,-0.1423281580209732,9.799838066101074
1700823068818789000,207.1307890625,-0.30472996830940247,-0.12892945110797882,9.801067352294922
1700823068828760000,207.14076000976561,-0.2883206903934479,-0.09781739860773087,9.801922798156738
1700823068838815000,207.15081494140625,-0.20428982377052307,-0.05347761511802673,9.804377555847168
1700823068848817000,207.16081689453125,-0.06646832078695297,-0.0002615735575091094,9.806427001953125
1700823068858895000,207.17089501953126,0.05596563220024109,0.054115038365125656,9.806341171264648
1700823068868748000,207.180748046875,0.1530032902956009,0.10476473718881607,9.804896354675293
1700823068878886000,207.1908859863281,0.21053777635097504,0.14813217520713806,9.803271293640137
1700823068888800000,207.2008000488281,0.22712241113185883,0.18530601263046265,9.80226993560791
1700823068898811000,207.21081079101563,0.22083178162574768,0.21909984946250916,9.801714897155762
1700823068908803000,207.22080297851562,0.2203717678785324,0.25323331356048584,9.800904273986816
1700823068918806000,207.23080590820314,0.25587329268455505,0.29160189628601074,9.79897403717041
1700823068928855000,207.24085498046875,0.34468963742256165,0.3256722092628479,9.79517936706543
1700823068938858000,207.25085791015624,0.475159615278244,0.34316667914390564,9.789118766784668
1700823068948853000,207.26085302734376,0.6013590693473816,0.3470613360404968,9.782041549682617
1700823068962405000,207.27440502929687,0.6545605063438416,0.35469111800193787,9.778349876403809
1700823068970812000,207.28281201171876,0.6821539998054504,0.3580348491668701,9.77634334564209
1700823068978870000,207.2908701171875,0.6655693650245667,0.3540855348110199,9.777629852294922
1700823068989227000,207.30122705078125,0.6117050647735596,0.34090456366539,9.781615257263184
1700823068998859000,207.31085888671876,0.5811959505081177,0.3200508654117584,9.7841796875
1700823069008907000,207.3209069824219,0.6174305081367493,0.2940548360347748,9.782776832580566
1700823069018694000,207.33069384765625,0.7053086757659912,0.27124446630477905,9.777493476867676
1700823069028843000,207.34084301757812,0.7983721494674683,0.25591275095939636,9.770746231079102
1700823069038851000,207.35085107421875,0.8656301498413086,0.2463598996400833,9.765264511108398
1700823069049002000,207.361001953125,0.8995862007141113,0.2381581813097,9.762398719787598
1700823069058727000,207.37072680664062,0.8997873067855835,0.22837474942207336,9.762613296508789
1700823069068802000,207.38080200195313,0.873289167881012,0.2159203439950943,9.765303611755371
1700823069078828000,207.390828125,0.8400509357452393,0.20233167707920074,9.768509864807129
1700823069088765000,207.40076489257814,0.8156552910804749,0.19152706861495972,9.770794868469238
1700823069098830000,207.410830078125,0.804475724697113,0.18212708830833435,9.77190113067627
1700823069108797000,207.420796875,0.8048954010009766,0.16795359551906586,9.772120475769043
1700823069118839000,207.4308391113281,0.8145049810409546,0.141250878572464,9.771745681762695
1700823069128968000,207.44096801757811,0.8294336795806885,0.10324878245592117,9.770965576171875
1700823069138955000,207.450955078125,0.8493009805679321,0.06320084631443024,9.769601821899414
1700823069148965000,207.46096508789063,0.87633216381073,0.031152386218309402,9.767367362976074
1700823069158957000,207.47095703125,0.9069318771362305,0.009853578172624111,9.764618873596191
1700823069168970000,207.48096997070311,0.9356570839881897,0.00029284547781571746,9.76191520690918
1700823069178914000,207.4909140625,0.9323819875717163,-0.0038020226638764143,9.762226104736328
1700823069188934000,207.5009338378906,0.9242618083953857,-0.0015855156816542149,9.7629976272583
1700823069198950000,207.51094995117188,0.9146756529808044,0.0012342180125415325,9.763901710510254
1700823069208913000,207.52091284179687,0.9074468612670898,0.0034060091711580753,9.764575004577637
1700823069218979000,207.53097900390625,0.9113959074020386,0.004322539549320936,9.764206886291504
1700823069228920000,207.54092016601564,0.928950846195221,0.002863280475139618,9.762552261352539
1700823069238949000,207.55094921875,0.9483616352081299,-0.0002960603451356292,9.760686874389648
1700823069248923000,207.5609228515625,0.9682126045227051,0.0007210077601484954,9.75873851776123
1700823069258930000,207.57092993164062,0.9713865518569946,0.015433716587722301,9.758410453796387
1700823069268959000,207.580958984375,0.9756611585617065,0.035081543028354645,9.757932662963867
1700823069278903000,207.59090307617188,0.9893775582313538,0.056535836309194565,9.756450653076172
1700823069289071000,207.60107104492187,0.986051619052887,0.07146364450454712,9.756689071655273
1700823069299021000,207.61102099609374,0.983256995677948,0.08888298273086548,9.756829261779785
1700823069309023000,207.62102294921874,0.977992832660675,0.10881050676107407,9.757156372070312
1700823069319123000,207.631123046875,0.9660791158676147,0.12949790060520172,9.758090019226074
1700823069329032000,207.64103198242188,0.9480810761451721,0.14961539208889008,9.759568214416504
1700823069339023000,207.65102319335938,0.9228630661964417,0.16735942661762238,9.761695861816406
1700823069348905000,207.66090502929688,0.895993173122406,0.18053893744945526,9.76396369934082
1700823069359027000,207.67102685546874,0.8700637817382812,0.18979045748710632,9.766133308410645
1700823069368913000,207.68091284179687,0.8520873785018921,0.19706103205680847,9.76757526397705
1700823069378876000,207.6908759765625,0.896691083908081,0.20511983335018158,9.76341438293457
1700823069388966000,207.7009658203125,0.8925228714942932,0.21192075312137604,9.763651847839355
1700823069398918000,207.71091796875,0.8935352563858032,0.22109249234199524,9.763355255126953
1700823069409046000,207.7210458984375,0.8998615145683289,0.2355719655752182,9.762435913085938
1700823069419176000,207.73117602539062,0.915533721446991,0.25311464071273804,9.760539054870605
1700823069428704000,207.7407041015625,0.9397750496864319,0.26929011940956116,9.75780200958252
1700823069438892000,207.75089208984375,0.9640204310417175,0.28194063901901245,9.755077362060547
1700823069448807000,207.76080688476563,0.9842384457588196,0.2918626070022583,9.752767562866211
1700823069458854000,207.77085400390624,0.9986544847488403,0.29981091618537903,9.751062393188477
1700823069468921000,207.78092114257814,1.0065215826034546,0.243414506316185,9.751823425292969
1700823069478863000,207.79086303710938,1.0153613090515137,0.18120910227298737,9.752260208129883
1700823069488879000,207.8008791503906,1.0130752325057983,0.16554537415504456,9.752778053283691
1700823069498885000,207.81088500976563,0.9974632263183594,0.18475158512592316,9.75404167175293
1700823069508922000,207.82092211914062,1.0123679637908936,0.20144027471542358,9.752176284790039
1700823069519391000,207.83139086914062,1.035056233406067,0.22231005132198334,9.749340057373047
1700823069528947000,207.84094702148437,1.06230890750885,0.2536795735359192,9.745641708374023
1700823069538986000,207.85098608398437,1.0898971557617188,0.28570932149887085,9.741708755493164
1700823069548878000,207.86087817382813,1.1178852319717407,0.31621554493904114,9.737593650817871
1700823069558801000,207.87080078125,1.142465591430664,0.3415723741054535,9.73388385772705
1700823069568778000,207.88077807617188,1.160460114479065,0.35674306750297546,9.73121166229248
1700823069578927000,207.89092700195312,1.177156925201416,0.36961716413497925,9.72872543334961
1700823069588921000,207.9009211425781,1.2094670534133911,0.38255059719085693,9.724260330200195
1700823069598765000,207.91076513671874,1.2713375091552734,0.3979042172431946,9.715747833251953
1700823069608738000,207.92073803710937,1.3654308319091797,0.41791972517967224,9.702131271362305
1700823069618813000,207.93081298828125,1.48506498336792,0.44272974133491516,9.683436393737793
1700823069628984000,207.94098413085936,1.6242471933364868,0.4728235602378845,9.659640312194824
1700823069638900000,207.95089990234376,1.7507436275482178,0.5015156865119934,9.636065483093262
1700823069648886000,207.96088598632812,1.8696149587631226,0.5310053825378418,9.612127304077148
1700823069659094000,207.97109399414063,1.9706553220748901,0.5621256232261658,9.590147972106934
1700823069668933000,207.98093310546875,2.045332193374634,0.5907260179519653,9.572776794433594
1700823069678846000,207.99084594726563,2.1228017807006836,0.6201756596565247,9.554031372070312
1700823069688826000,208.000826171875,2.197503089904785,0.6417834162712097,9.535694122314453
1700823069698791000,208.010791015625,2.289428234100342,0.6614630818367004,9.5126953125
1700823069713292000,208.0252919921875,2.3884806632995605,0.6801245212554932,9.486989974975586
1700823069728945000,208.04094482421874,2.5846314430236816,0.7194249033927917,9.432523727416992
1700823069738787000,208.050787109375,2.6751177310943604,0.7388213872909546,9.40575885772705
1700823069748817000,208.06081689453126,2.6648144721984863,0.7702183723449707,9.406164169311523
1700823069758778000,208.07077807617188,2.654599666595459,0.8110597729682922,9.405618667602539
1700823069769010000,208.08101000976563,2.7253897190093994,0.8275947570800781,9.383907318115234
1700823069778761000,208.09076098632812,2.7848339080810547,0.8419046998023987,9.365163803100586
1700823069788802000,208.10080200195313,2.8316190242767334,0.85273677110672,9.350142478942871
1700823069798879000,208.11087890625,2.8687808513641357,0.85986328125,9.338154792785645
1700823069808790000,208.1207900390625,2.898273468017578,0.8631836771965027,9.328737258911133
1700823069819023000,208.13102319335937,2.919450521469116,0.8633713126182556,9.322113037109375
1700823069828934000,208.14093383789063,2.9348866939544678,0.8625441789627075,9.317340850830078
1700823069838841000,208.15084106445312,2.9479665756225586,0.8618044853210449,9.313279151916504
1700823069848853000,208.16085302734376,2.9579830169677734,0.8616045713424683,9.3101224899292
1700823069858862000,208.17086206054688,2.963071823120117,0.8611039519309998,9.308548927307129
1700823069868847000,208.18084716796875,2.963798999786377,0.8593553304672241,9.308481216430664
1700823069878852000,208.19085205078125,2.961754322052002,0.855006217956543,9.309532165527344
1700823069888840000,208.20083984375,2.9549081325531006,0.8536489605903625,9.3118314743042
1700823069898865000,208.21086499023437,2.944530725479126,0.8569596409797668,9.314814567565918
1700823069908826000,208.220826171875,2.9328463077545166,0.8641709089279175,9.317832946777344
1700823069918897000,208.23089697265624,2.9201161861419678,0.8716413974761963,9.321134567260742
1700823069928826000,208.240826171875,2.903914213180542,0.8760437369346619,9.325783729553223
1700823069938967000,208.25096704101563,2.882493734359741,0.8778656721115112,9.332255363464355
1700823069948875000,208.260875,3.0997886657714844,0.8070446848869324,9.268786430358887
1700823069959091000,208.27109106445312,3.1887781620025635,0.7914493680000305,9.239896774291992
1700823069969067000,208.28106689453125,3.1948087215423584,0.8022133708000183,9.236885070800781
1700823069979063000,208.29106298828125,3.188950777053833,0.8235738277435303,9.237029075622559
1700823069988778000,208.30077807617187,3.1832048892974854,0.8529939651489258,9.236342430114746
1700823069998677000,208.31067700195314,3.182356357574463,0.8862278461456299,9.233504295349121
1700823070008755000,208.3207548828125,3.1734955310821533,0.9161089062690735,9.233637809753418
1700823070018838000,208.33083813476563,3.153503179550171,0.9418807625770569,9.237893104553223
1700823070029065000,208.34106494140624,3.1357340812683105,0.9687959551811218,9.241157531738281
1700823070038939000,208.35093896484375,3.095362663269043,0.9615785479545593,9.255511283874512
1700823070048983000,208.3609831542969,3.0515308380126953,0.951049268245697,9.271141052246094
1700823070059004000,208.37100390625,3.0059382915496826,0.9400263428688049,9.287145614624023
1700823070068842000,208.38084204101563,2.9614450931549072,0.9286486506462097,9.302572250366211
1700823070079140000,208.39114013671875,2.915454149246216,0.9162971377372742,9.31831169128418
1700823070088779000,208.40077905273438,2.8680429458618164,0.9053382277488708,9.33408260345459
1700823070098798000,208.41079809570311,3.0113778114318848,0.7939952611923218,9.299009323120117
1700823070108776000,208.42077587890626,3.02382493019104,0.7326590418815613,9.300004959106445
1700823070118929000,208.43092895507812,2.9910426139831543,0.7005801796913147,9.313068389892578
1700823070128958000,208.4409580078125,2.9495246410369873,0.6841504573822021,9.327521324157715
1700823070138830000,208.450830078125,2.897552490234375,0.6747615337371826,9.344478607177734
1700823070148877000,208.460876953125,2.8256473541259766,0.673851728439331,9.366539001464844
1700823070158886000,208.4708859863281,2.7331483364105225,0.6909598112106323,9.39270305633545
1700823070168786000,208.48078588867187,2.6556472778320312,0.7224202752113342,9.41254711151123
1700823070178881000,208.49088110351562,2.598789930343628,0.7618579268455505,9.425299644470215
1700823070188833000,208.5008330078125,2.5575649738311768,0.7620639801025391,9.436552047729492
1700823070198896000,208.5108962402344,2.5186550617218018,0.7602291703224182,9.447159767150879
1700823070208847000,208.52084716796875,2.4817326068878174,0.75398850440979,9.457426071166992
1700823070218889000,208.5308889160156,2.4493749141693115,0.7455971240997314,9.466522216796875
1700823070228792000,208.5407919921875,2.419863700866699,0.7397419810295105,9.474568367004395
1700823070239024000,208.55102416992187,2.394106388092041,0.7367650270462036,9.481341361999512
1700823070248803000,208.56080297851562,2.377362012863159,0.7359753251075745,9.485615730285645
1700823070258938000,208.57093823242187,2.3610265254974365,0.7354150414466858,9.489737510681152
1700823070268656000,208.58065625,2.3427131175994873,0.7347007989883423,9.494330406188965
1700823070278895000,208.59089501953125,2.3242437839508057,0.7358189821243286,9.498781204223633
1700823070288865000,208.60086499023438,2.302903413772583,0.7386646866798401,9.503756523132324
1700823070298904000,208.61090405273438,2.2717413902282715,0.7419915199279785,9.510995864868164
1700823070310167000,208.6221669921875,2.2332711219787598,0.7445777058601379,9.51990032196045
1700823070318865000,208.6308649902344,2.1991567611694336,0.7433724403381348,9.527932167053223
1700823070328716000,208.64071606445313,2.1736083030700684,0.7397714853286743,9.534073829650879
1700823070338764000,208.65076391601562,2.1571459770202637,0.734445333480835,9.538225173950195
1700823070348774000,208.66077392578126,2.1447722911834717,0.7251067161560059,9.541728019714355
1700823070358775000,208.67077514648437,2.138974905014038,0.7124883532524109,9.543978691101074
1700823070368798000,208.6807978515625,2.1329805850982666,0.6968398094177246,9.546476364135742
1700823070378810000,208.69081005859374,2.12746262550354,0.6855658888816833,9.548523902893066
1700823070388754000,208.70075390625,2.1203274726867676,0.6772820353507996,9.550702095031738
1700823070400025000,208.71202514648436,2.1130056381225586,0.6725664138793945,9.552658081054688
1700823070409000000,208.721,2.1368637084960938,0.6800862550735474,9.546815872192383
1700823070419074000,208.7310739746094,2.129220485687256,0.684260904788971,9.548224449157715
1700823070428833000,208.7408330078125,2.134627103805542,0.690796434879303,9.546546936035156
1700823070438666000,208.750666015625,2.1051504611968994,0.6160317063331604,9.55820369720459
1700823070448812000,208.76081201171874,2.1231722831726074,0.6135188341140747,9.554377555847168
1700823070458833000,208.7708330078125,2.144792079925537,0.6068421602249146,9.54997444152832
1700823070468745000,208.78074487304687,2.165219306945801,0.5968871712684631,9.545991897583008
1700823070479355000,208.79135498046875,2.182638168334961,0.5916881561279297,9.54234790802002
1700823070488709000,208.80070922851561,2.187356948852539,0.5854524374008179,9.541651725769043
1700823070498915000,208.8109150390625,2.181622266769409,0.5812088251113892,9.543225288391113
1700823070508884000,208.82088403320313,2.1605701446533203,0.5836053490638733,9.547865867614746
1700823070518751000,208.8307509765625,2.143608331680298,0.5848182439804077,9.551612854003906
1700823070528776000,208.84077587890624,2.1509037017822266,0.5771619081497192,9.550439834594727
1700823070538801000,208.85080078125,2.170149803161621,0.5609826445579529,9.547049522399902
1700823070548812000,208.86081201171876,2.197549819946289,0.5406836271286011,9.541950225830078
1700823070558749000,208.8707490234375,2.2391934394836426,0.5186538696289062,9.533488273620605
1700823070568759000,208.88075903320313,2.2756543159484863,0.49994567036628723,9.525851249694824
1700823070578803000,208.89080297851564,2.2996487617492676,0.47501522302627563,9.521363258361816
1700823070588947000,208.90094702148437,2.309342622756958,0.4541013240814209,9.520037651062012
1700823070598883000,208.9108830566406,2.3289153575897217,0.4403750002384186,9.515913963317871
1700823070608927000,208.92092700195312,2.367896556854248,0.4368325173854828,9.506453514099121
1700823070618953000,208.93095288085937,2.4103262424468994,0.44255876541137695,9.495518684387207
1700823070628780000,208.9407800292969,2.450746536254883,0.45547613501548767,9.484556198120117
1700823070638789000,208.9507890625,2.4892945289611816,0.4738219380378723,9.473611831665039
1700823070648801000,208.96080102539062,2.5323920249938965,0.4969269037246704,9.460996627807617
1700823070658802000,208.97080200195313,2.5803279876708984,0.521705687046051,9.446699142456055
1700823070668776000,208.98077587890626,2.632642984390259,0.545932948589325,9.430883407592773
1700823070678814000,208.99081396484374,2.6849772930145264,0.5677680373191833,9.414825439453125
1700823070688795000,209.000794921875,2.7392473220825195,0.5867921710014343,9.398011207580566
1700823070700566000,209.01256591796874,2.6342968940734863,0.5610559582710266,9.429533004760742
1700823070708983000,209.02098315429689,2.5948636531829834,0.5308879017829895,9.442205429077148
1700823070718878000,209.0308779296875,2.661400318145752,0.5517383813858032,9.422468185424805
1700823070728829000,209.04082885742187,2.731142044067383,0.5782973170280457,9.400895118713379
1700823070738836000,209.0508359375,2.7981252670288086,0.6080448031425476,9.379295349121094
1700823070748919000,209.0609189453125,2.5206031799316406,0.5667372345924377,9.460219383239746
1700823070758743000,209.07074291992188,2.364825487136841,0.5773100852966309,9.49972152709961
1700823070768834000,209.080833984375,2.2756729125976562,0.6084773540496826,9.519532203674316
1700823070778903000,209.09090307617188,2.2545080184936523,0.6329594850540161,9.522970199584961
1700823070788784000,209.1007841796875,2.26874041557312,0.6436623930931091,9.518871307373047
1700823070798735000,209.11073510742187,2.290778636932373,0.6517410278320312,9.513041496276855
1700823070808774000,209.12077392578124,2.2894985675811768,0.6665350198745728,9.512324333190918
1700823070818801000,209.13080078125,2.2801859378814697,0.6960960030555725,9.512444496154785
1700823070828769000,209.14076904296874,2.30474591255188,0.7340721487998962,9.503666877746582
1700823070838617000,209.1506171875,2.3783915042877197,0.764979898929596,9.483060836791992
1700823070848731000,209.16073095703126,2.447779893875122,0.7936062812805176,9.463030815124512
1700823070858754000,209.17075415039062,2.522322416305542,0.821108877658844,9.441083908081055
1700823070868726000,209.18072607421874,2.602426052093506,0.852283775806427,9.416547775268555
1700823070878838000,209.1908381347656,2.6822474002838135,0.8843962550163269,9.391155242919922
1700823070888730000,209.20073022460937,2.7583401203155518,0.9170426726341248,9.365947723388672
1700823070898804000,209.21080395507812,2.8283393383026123,0.9493503570556641,9.341821670532227
1700823070908789000,209.2207890625,2.9010820388793945,0.9838120341300964,9.315912246704102
1700823070918773000,209.23077294921876,2.9737460613250732,1.0188260078430176,9.289198875427246
1700823070928813000,209.24081298828125,3.0436415672302246,1.0524699687957764,9.262772560119629
1700823070938839000,209.25083911132813,3.106557607650757,1.0833704471588135,9.238288879394531
1700823070948864000,209.26086401367186,3.1617493629455566,1.1123583316802979,9.216094970703125
1700823070958870000,209.2708701171875,3.201197862625122,1.1345932483673096,9.199752807617188
1700823070968855000,209.28085498046875,3.2330434322357178,1.1560204029083252,9.18593692779541
1700823070978841000,209.29084106445313,3.2618517875671387,1.1794947385787964,9.172760009765625
1700823070988837000,209.30083715820314,3.2894186973571777,1.2035037279129028,9.159786224365234
1700823070998876000,209.3108759765625,3.317702531814575,1.228220820426941,9.146294593811035
1700823071008836000,209.32083618164063,3.347055196762085,1.2524086236953735,9.13231086730957
1700823071018827000,209.33082690429688,3.3770086765289307,1.2767202854156494,9.117904663085938
1700823071028951000,209.34095092773438,3.7817397117614746,1.4249404668807983,8.935234069824219
1700823071038884000,209.35088403320313,4.034991264343262,1.5350182056427002,8.805279731750488
1700823071048830000,209.36082983398438,4.204894065856934,1.62285315990448,8.709511756896973
1700823071058706000,209.37070581054687,4.317250728607178,1.6936609745025635,8.640789985656738
1700823071069135000,209.38113500976561,4.452939987182617,1.7994170188903809,8.550076484680176
1700823071079070000,209.39107006835937,4.575780868530273,1.9274773597717285,8.456799507141113
1700823071088829000,209.40082885742189,4.578394412994385,1.9455949068069458,8.451233863830566
1700823071098706000,209.4107058105469,4.693007469177246,2.087200164794922,8.354021072387695
1700823071108822000,209.42082202148438,4.764039039611816,2.149028778076172,8.297951698303223
1700823071118775000,209.43077514648436,4.7963104248046875,2.161229372024536,8.276164054870605
1700823071128830000,209.44082983398437,4.822086334228516,2.1518049240112305,8.263631820678711
1700823071138934000,209.45093408203124,4.847143650054932,2.1285839080810547,8.254981994628906
1700823071148776000,209.46077587890625,4.858887195587158,2.115410566329956,8.251462936401367
1700823071158846000,209.47084594726562,4.856372833251953,2.1151719093322754,8.25300407409668
1700823071168644000,209.48064404296875,4.843677043914795,2.123105764389038,8.258426666259766
1700823071178821000,209.4908210449219,4.8238525390625,2.1336324214935303,8.267313003540039
1700823071188785000,209.50078491210937,4.800582408905029,2.143754482269287,8.278231620788574
1700823071198799000,209.51079907226563,4.776040077209473,2.151400566101074,8.290434837341309
1700823071208819000,209.52081884765624,4.755002975463867,2.162705659866333,8.299580574035645
1700823071218795000,209.530794921875,4.7328081130981445,2.179986000061035,8.30774211883545
1700823071228895000,209.54089501953126,4.7054524421691895,2.1990714073181152,8.318244934082031
1700823071238813000,209.55081298828125,4.674699306488037,2.2163639068603516,8.330985069274902
1700823071248865000,209.56086499023436,4.642467021942139,2.2297074794769287,8.345437049865723
1700823071258809000,209.57080908203125,4.6126508712768555,2.2385947704315186,8.359577178955078
1700823071268923000,209.5809228515625,4.586113452911377,2.2453787326812744,8.372350692749023
1700823071278821000,209.59082104492188,4.561230659484863,2.2514452934265137,8.38430404663086
1700823071288844000,209.60084399414063,4.53615665435791,2.255620002746582,8.39677619934082
1700823071298829000,209.6108291015625,4.50851583480835,2.256906747817993,8.41130542755127
1700823071308919000,209.6209189453125,4.477874755859375,2.2544541358947754,8.428313255310059
1700823071318829000,209.6308291015625,4.443965435028076,2.2497808933258057,8.447487831115723
1700823071328804000,209.64080419921876,4.407752513885498,2.2442002296447754,8.46791934967041
1700823071338818000,209.6508181152344,4.373124599456787,2.2384862899780273,8.487364768981934
1700823071348903000,209.66090283203124,4.338931560516357,2.231405019760132,8.506755828857422
1700823071358874000,209.6708740234375,4.306521892547607,2.2227888107299805,8.525460243225098
1700823071368788000,209.6807880859375,4.272816181182861,2.2127819061279297,8.545001029968262
1700823071378813000,209.69081298828124,4.238841533660889,2.201493978500366,8.564814567565918
1700823071388839000,209.7008388671875,4.207963943481445,2.1906399726867676,8.582803726196289
1700823071398816000,209.71081591796874,4.180518627166748,2.1819345951080322,8.598419189453125
1700823071408883000,209.72088305664062,4.1532368659973145,2.1755902767181396,8.613236427307129
1700823071418780000,209.73077978515624,4.125894546508789,2.170609712600708,8.6276216506958
1700823071428808000,209.74080786132814,4.100248336791992,2.164947509765625,8.641258239746094
1700823071438818000,209.75081811523438,4.073156356811523,2.1594347953796387,8.655440330505371
1700823071448757000,209.76075708007812,4.041127681732178,2.153855085372925,8.67182731628418
1700823071458774000,209.77077392578124,4.004638671875,2.1478888988494873,8.690214157104492
1700823071468787000,209.78078686523438,3.9674742221832275,2.1413447856903076,8.708857536315918
1700823071478751000,209.7907509765625,3.9302260875701904,2.1355326175689697,8.727153778076172
1700823071488814000,209.80081396484374,3.8957622051239014,2.131885290145874,8.743483543395996
1700823071498835000,209.8108349609375,3.858229398727417,2.128483295440674,8.760936737060547
1700823071508810000,209.82081005859374,3.8190670013427734,2.125091791152954,8.778902053833008
1700823071518957000,209.83095703125,3.776517391204834,2.1205544471740723,8.798384666442871
1700823071528892000,209.8408918457031,3.7322418689727783,2.1128034591674805,8.819116592407227
1700823071538851000,209.85085107421875,3.6879684925079346,2.1022050380706787,8.840250015258789
1700823071548822000,209.86082202148438,3.6425912380218506,2.0898497104644775,8.861967086791992
1700823071558895000,209.87089501953125,3.596579074859619,2.0770211219787598,8.883749008178711
1700823071569014000,209.88101391601563,3.5491065979003906,2.0637123584747314,8.905915260314941
1700823071578880000,209.8908798828125,3.4994218349456787,2.0499861240386963,8.928718566894531
1700823071588895000,209.90089501953125,3.446645736694336,2.035384178161621,8.952554702758789
1700823071598886000,209.9108859863281,3.389673948287964,2.018376588821411,8.978120803833008
1700823071608887000,209.92088696289062,3.3327059745788574,2.0003631114959717,9.00344467163086
1700823071618888000,209.93088793945313,3.274724245071411,1.9812220335006714,9.02891731262207
1700823071628851000,209.94085083007812,3.217331647872925,1.9601836204528809,9.054107666015625
1700823071638875000,209.950875,3.1617989540100098,1.9373080730438232,9.078558921813965
1700823071648829000,209.9608288574219,3.1011788845062256,1.9113702774047852,9.10492992401123
1700823071658899000,209.97089892578126,3.036778211593628,1.8841098546981812,9.132277488708496
1700823071668836000,209.98083618164063,2.9694645404815674,1.8533982038497925,9.16065502166748
1700823071678814000,209.99081396484374,2.8978655338287354,1.817918062210083,9.190643310546875
1700823071688873000,210.000873046875,2.822472095489502,1.7800936698913574,9.22145938873291
1700823071698822000,210.01082177734375,2.7399439811706543,1.7386512756347656,9.254199028015137
1700823071708860000,210.02085986328126,2.6573829650878906,1.6976929903030396,9.285825729370117
1700823071718869000,210.03086889648438,2.568685531616211,1.6555633544921875,9.318334579467773
1700823071728859000,210.04085888671875,2.4711802005767822,1.6130367517471313,9.352099418640137
1700823071738866000,210.05086596679686,2.366879940032959,1.5681906938552856,9.386641502380371
1700823071748868000,210.0608681640625,2.258580446243286,1.5220268964767456,9.420863151550293
1700823071759023000,210.07102319335937,2.1510062217712402,1.4763100147247314,9.45325756072998
1700823071768850000,210.08084985351562,2.047058343887329,1.430044174194336,9.483402252197266
1700823071778833000,210.0908330078125,1.946358561515808,1.3836592435836792,9.511445999145508
1700823071788770000,210.10077001953124,1.8443760871887207,1.3383601903915405,9.53821086883545
1700823071798772000,210.11077197265624,1.7430551052093506,1.2990785837173462,9.562664031982422
1700823071812313000,210.12431298828125,1.621319055557251,1.2645272016525269,9.588674545288086
1700823071828695000,210.14069506835938,1.4170371294021606,1.218011498451233,9.626984596252441
1700823071838703000,210.150703125,1.3278619050979614,1.200996994972229,9.641824722290039
1700823071848657000,210.16065698242187,1.249551773071289,1.1837413311004639,9.654417991638184
1700823071858855000,210.17085498046876,1.1801304817199707,1.1674816608428955,9.66512680053711
1700823071868806000,210.18080590820313,1.1162971258163452,1.1510834693908691,9.67467212677002
1700823071878774000,210.19077392578126,1.0583370923995972,1.1346750259399414,9.683120727539062
1700823071888757000,210.20075708007812,1.0061767101287842,1.1186323165893555,9.690545082092285
1700823071898786000,210.2107861328125,0.9540601372718811,1.0978890657424927,9.698185920715332
1700823071908797000,210.220796875,0.902857780456543,1.07619309425354,9.705517768859863
1700823071918834000,210.230833984375,0.8512129187583923,1.056298017501831,9.71236515045166
1700823071928853000,210.24085302734375,0.8794394731521606,1.1692887544631958,9.696894645690918
1700823071938871000,210.25087109375,0.8281552791595459,1.1546725034713745,9.703158378601074
1700823071948936000,210.26093603515625,0.7763912081718445,1.1415843963623047,9.708986282348633
1700823071958918000,210.27091796875,0.7302321195602417,1.1290239095687866,9.714034080505371
1700823071968900000,210.28090014648438,0.6890004873275757,1.1155784130096436,9.718599319458008
1700823071978901000,210.29090087890626,0.8038877248764038,1.1464473009109497,9.706174850463867
1700823071988809000,210.30080908203124,0.9162737131118774,1.162680983543396,9.6942777633667
1700823071998840000,210.31084008789063,0.8967992067337036,1.1509519815444946,9.697498321533203
1700823072008842000,210.32084204101562,0.8774889707565308,1.1357187032699585,9.701059341430664
1700823072018861000,210.3308610839844,0.8568044900894165,1.1182401180267334,9.704936981201172
1700823072028851000,210.34085083007812,0.836285412311554,1.0984628200531006,9.708986282348633
1700823072038865000,210.35086499023438,0.8190718293190002,1.0791767835617065,9.712615966796875
1700823072048963000,210.36096313476563,1.0211164951324463,1.1986366510391235,9.679411888122559
1700823072058870000,210.3708701171875,1.128737449645996,1.2754086256027222,9.657622337341309
1700823072068755000,210.3807548828125,1.1449602842330933,1.2947040796279907,9.653145790100098
1700823072079011000,210.39101098632813,1.145603895187378,1.3012179136276245,9.652194023132324
1700823072088853000,210.40085302734374,1.1566787958145142,1.30092453956604,9.650911331176758
1700823072099406000,210.41140600585936,1.2006120681762695,1.2904446125030518,9.646951675415039
1700823072108807000,210.42080688476562,1.2289057970046997,1.275627851486206,9.645360946655273
1700823072118796000,210.43079614257812,1.2416391372680664,1.2634567022323608,9.645330429077148
1700823072128773000,210.44077319335938,1.2295488119125366,1.250524640083313,9.648565292358398
1700823072138774000,210.45077392578125,1.218691349029541,1.2386603355407715,9.651471138000488
1700823072148809000,210.46080908203126,1.2075824737548828,1.2306804656982422,9.653889656066895
1700823072158796000,210.47079614257814,1.1924357414245605,1.2275325059890747,9.656172752380371
1700823072168823000,210.48082299804688,1.1715859174728394,1.2286489009857178,9.65858268737793
1700823072178873000,210.490873046875,0.9964508414268494,1.366568684577942,9.659708023071289
1700823072188888000,210.50088818359376,0.9223521947860718,1.377007007598877,9.6655855178833
1700823072199015000,210.51101489257812,0.8735176920890808,1.348237156867981,9.674173355102539
1700823072208875000,210.520875,0.8481178879737854,1.2873268127441406,9.684724807739258
1700823072218910000,210.53090991210937,0.8737754821777344,1.2930747270584106,9.681676864624023
1700823072228869000,210.540869140625,0.9040975570678711,1.2939631938934326,9.678773880004883
1700823072238941000,210.55094091796875,0.9292746782302856,1.2891790866851807,9.677027702331543
1700823072248937000,210.56093701171875,0.9527981877326965,1.2795549631118774,9.676017761230469
1700823072258945000,210.57094506835938,0.9827098846435547,1.2672399282455444,9.67464542388916
1700823072269081000,210.5810810546875,1.0145260095596313,1.2557687759399414,9.672858238220215
1700823072278891000,210.59089111328126,1.0406372547149658,1.2470180988311768,9.671215057373047
1700823072288882000,210.6008818359375,1.059343695640564,1.241090178489685,9.669947624206543
1700823072298912000,210.610912109375,1.0727163553237915,1.2349798679351807,9.669255256652832
1700823072308883000,210.62088305664062,0.8249164819717407,1.0494871139526367,9.715373992919922
1700823072319019000,210.63101904296875,0.6592383980751038,0.9494696259498596,9.738290786743164
1700823072328984000,210.64098413085938,0.588457465171814,0.9181769490242004,9.745823860168457
1700823072339012000,210.65101220703124,0.5633288621902466,0.9191060066223145,9.747220993041992
1700823072348906000,210.66090600585937,0.5566810965538025,0.9279667735099792,9.7467622756958
1700823072358931000,210.67093090820313,0.5671072602272034,0.9362690448760986,9.745366096496582
1700823072368952000,210.6809521484375,0.589148998260498,0.9435092210769653,9.743362426757812
1700823072378632000,210.6906318359375,0.6096644997596741,0.9531421661376953,9.741161346435547
1700823072388844000,210.70084399414063,0.6246294379234314,0.9631006717681885,9.739234924316406
1700823072399133000,210.7111328125,0.638676106929779,0.9744254946708679,9.73719596862793
1700823072408824000,210.72082397460937,0.6521119475364685,0.97983318567276,9.735762596130371
1700823072418795000,210.730794921875,0.6646709442138672,0.9879475235939026,9.73409366607666
1700823072428774000,210.74077392578124,0.6742664575576782,0.9990168809890747,9.732303619384766
1700823072438805000,210.75080493164063,0.679772675037384,1.0148199796676636,9.73028564453125
1700823072449196000,210.7611960449219,0.6815969347953796,1.0300790071487427,9.72855281829834
1700823072458874000,210.7708740234375,0.6885253190994263,1.0407830476760864,9.726926803588867
1700823072468828000,210.78082788085936,0.7030640840530396,1.0462772846221924,9.725296020507812
1700823072478764000,210.79076391601564,0.718815803527832,1.0491065979003906,9.723841667175293
1700823072488755000,210.8007548828125,0.7259306311607361,1.0502207279205322,9.72319221496582
1700823072498823000,210.8108229980469,0.7234423160552979,1.0488651990890503,9.72352409362793
1700823072508828000,210.82082788085938,0.7156447768211365,1.0451037883758545,9.724505424499512
1700823072518862000,210.83086206054688,0.7065040469169617,1.0392004251480103,9.725807189941406
1700823072528819000,210.84081884765624,0.6953542828559875,1.0315300226211548,9.727426528930664
1700823072538827000,210.85082690429687,0.6821838021278381,1.0251710414886475,9.729031562805176
1700823072548849000,210.86084887695313,0.6701759696006775,1.018717885017395,9.73054313659668
1700823072558829000,210.8708291015625,0.6613836288452148,1.0131281614303589,9.731728553771973
1700823072568871000,210.88087084960938,0.7457365393638611,0.950028121471405,9.73199462890625
1700823072578819000,210.89081909179689,0.8088070154190063,0.9202131032943726,9.729822158813477
1700823072589004000,210.90100415039063,0.8550111651420593,0.9009630680084229,9.727672576904297
1700823072598750000,210.91075,0.8671119213104248,0.898641049861908,9.72681713104248
1700823072608720000,210.92071997070312,0.8764081597328186,0.8951821327209473,9.726302146911621
1700823072618920000,210.930919921875,0.8803682923316956,0.8911857604980469,9.726312637329102
1700823072628749000,210.9407490234375,0.9356436133384705,0.8690537214279175,9.723153114318848
1700823072638785000,210.95078491210938,0.961420476436615,0.8635293841362,9.721131324768066
1700823072649027000,210.96102709960937,0.9726034998893738,0.863782525062561,9.719995498657227
1700823072658787000,210.970787109375,0.9807038307189941,0.8682388663291931,9.718783378601074
1700823072668778000,210.98077807617187,0.9916828870773315,0.8785510063171387,9.716744422912598
1700823072678742000,210.99074194335938,1.0140748023986816,0.8896428942680359,9.713422775268555
1700823072688854000,211.00085400390626,1.0572686195373535,0.8935022354125977,9.708463668823242
1700823072698944000,211.0109440917969,1.1110212802886963,0.8863175511360168,9.703116416931152
1700823072709052000,211.02105200195314,1.1450252532958984,0.875645101070404,9.700132369995117
1700823072718867000,211.03086694335937,1.15712308883667,0.8701605200767517,9.699190139770508
1700823072728965000,211.0409650878906,1.144628882408142,0.8708324432373047,9.700611114501953
1700823072738857000,211.05085693359376,1.1308248043060303,0.8724913001060486,9.702081680297852
1700823072749127000,211.061126953125,1.1194692850112915,0.8733078837394714,9.703325271606445
1700823072759063000,211.07106298828126,1.1134223937988281,0.8723813891410828,9.704105377197266
1700823072768940000,211.08093994140626,1.1139847040176392,0.8702426552772522,9.704232215881348
1700823072778878000,211.0908779296875,1.1201093196868896,0.8672834634780884,9.703791618347168
1700823072788883000,211.1008830566406,1.1303788423538208,0.8631553053855896,9.70296859741211
1700823072798791000,211.110791015625,1.1415314674377441,0.8575719594955444,9.702157974243164
1700823072808744000,211.12074389648438,1.150172472000122,0.851678192615509,9.70165729522705
1700823072818800000,211.13080004882812,1.153546929359436,0.8479223847389221,9.701584815979004
1700823072828777000,211.14077685546874,1.155714988708496,0.8430854678153992,9.70174789428711
1700823072838775000,211.15077514648436,1.1607341766357422,0.8320519924163818,9.702102661132812
1700823072848867000,211.1608671875,1.1685954332351685,0.813621461391449,9.702720642089844
1700823072858763000,211.1707629394531,1.176931381225586,0.7901397347450256,9.703652381896973
1700823072868796000,211.1807958984375,1.1843483448028564,0.7694701552391052,9.704412460327148
1700823072878641000,211.19064086914062,1.181378960609436,0.7586489319801331,9.70562744140625
1700823072888784000,211.20078393554687,1.134889006614685,0.7914356589317322,9.708555221557617
1700823072898887000,211.2108869628906,1.097870111465454,0.8542498350143433,9.707488059997559
1700823072908868000,211.2208681640625,1.1238515377044678,0.8525386452674866,9.704666137695312
1700823072918865000,211.23086499023438,1.1539427042007446,0.8545076251029968,9.700960159301758
1700823072928742000,211.24074194335938,1.2421364784240723,0.8824851512908936,9.687555313110352
1700823072938760000,211.25076000976563,1.274030327796936,0.8931602835655212,9.682432174682617
1700823072948841000,211.26084106445313,1.299839973449707,0.9037749171257019,9.67801570892334
1700823072958917000,211.27091723632813,1.3399708271026611,0.8833668828010559,9.67442798614502
1700823072968900000,211.28090014648438,1.3572516441345215,0.8741624355316162,9.67285442352295
1700823072978841000,211.29084106445313,1.3643816709518433,0.8700763583183289,9.672218322753906
1700823072988712000,211.3007119140625,1.3694652318954468,0.8746639490127563,9.671086311340332
1700823072998894000,211.31089404296876,1.3859119415283203,0.8840440511703491,9.667890548706055
1700823073008892000,211.32089184570313,1.4086614847183228,0.8932684063911438,9.663753509521484
1700823073018908000,211.33090795898437,1.4332506656646729,0.8989400267601013,9.659611701965332
1700823073028843000,211.34084301757812,1.464852213859558,0.9007990956306458,9.654696464538574
1700823073038874000,211.3508740234375,1.502320647239685,0.8994567394256592,9.649063110351562
1700823073048861000,211.36086083984375,1.5426958799362183,0.8980974555015564,9.642817497253418
1700823073058870000,211.3708701171875,1.5815987586975098,0.8997732400894165,9.63635540008545
1700823073068831000,211.3808310546875,1.613857388496399,0.9060174226760864,9.630420684814453
1700823073079049000,211.39104907226562,1.6351613998413086,0.9159665703773499,9.625884056091309
1700823073088974000,211.40097412109375,1.6458073854446411,0.9249816536903381,9.623207092285156
1700823073098868000,211.41086791992188,1.6470973491668701,0.9307050108909607,9.622435569763184
1700823073108806000,211.42080590820314,1.646589994430542,0.9283429384231567,9.622750282287598
1700823073118846000,211.43084594726562,1.644385814666748,0.9234583973884583,9.62359619140625
1700823073128652000,211.44065209960937,1.6450129747390747,0.9145248532295227,9.624342918395996
1700823073138823000,211.45082299804687,1.649343729019165,0.9032725095748901,9.624662399291992
1700823073148823000,211.46082299804686,1.6606336832046509,0.8916975259780884,9.623801231384277
1700823073158784000,211.47078393554688,1.4375299215316772,0.8483385443687439,9.663551330566406
1700823073168786000,211.48078588867187,1.386429786682129,0.8291565775871277,9.67267894744873
1700823073178842000,211.4908420410156,1.4124433994293213,0.8317375183105469,9.668692588806152
1700823073188855000,211.50085498046874,1.439768671989441,0.840914249420166,9.663866996765137
1700823073198866000,211.51086596679687,1.4643712043762207,0.854046106338501,9.659017562866211
1700823073208892000,211.52089184570312,1.3154489994049072,0.9316060543060303,9.673267364501953
1700823073218854000,211.53085400390626,1.285258412361145,0.9612053632736206,9.674430847167969
1700823073228859000,211.54085888671875,1.2869231700897217,0.9663102626800537,9.673700332641602
1700823073238892000,211.55089208984376,1.3094804286956787,0.9461544752120972,9.672664642333984
1700823073249166000,211.561166015625,1.3678934574127197,0.848266065120697,9.673661231994629
1700823073259046000,211.5710458984375,1.4356956481933594,0.767206609249115,9.67060375213623
1700823073269028000,211.58102807617186,1.4997037649154663,0.7284148335456848,9.663887977600098
1700823073278682000,211.59068212890625,1.549773931503296,0.719490647315979,9.656651496887207
1700823073288787000,211.60078686523437,1.590930700302124,0.7287135124206543,9.649264335632324
1700823073298949000,211.61094921875,1.6221978664398193,0.7443827986717224,9.642862319946289
1700823073308740000,211.62073999023437,1.6441478729248047,0.7488818764686584,9.6387939453125
1700823073318782000,211.63078198242187,1.6730161905288696,0.7500085234642029,9.63373851776123
1700823073328755000,211.6407548828125,1.706047534942627,0.74658203125,9.628210067749023
1700823073338788000,211.6507880859375,1.7421739101409912,0.7402832508087158,9.622225761413574
1700823073349222000,211.66122192382812,1.775624394416809,0.733752965927124,9.616607666015625
1700823073358902000,211.67090209960938,1.8006612062454224,0.7292389869689941,9.612295150756836
1700823073369031000,211.68103100585938,1.8159019947052002,0.7271738648414612,9.609585762023926
1700823073378882000,211.69088208007813,1.8143723011016846,0.72893887758255,9.6097412109375
1700823073389056000,211.70105590820313,1.8062357902526855,0.7256780862808228,9.611519813537598
1700823073398950000,211.71094995117187,1.7958260774612427,0.7194944620132446,9.613934516906738
1700823073408863000,211.72086303710938,1.7869728803634644,0.7104308605194092,9.616257667541504
1700823073418895000,211.73089501953126,1.7830945253372192,0.698632538318634,9.617842674255371
1700823073428826000,211.740826171875,1.7831840515136719,0.6861457228660583,9.61872386932373
1700823073438854000,211.75085400390626,1.7821722030639648,0.6758552193641663,9.61963939666748
1700823073448809000,211.76080908203124,1.771673560142517,0.6870753765106201,9.620784759521484
1700823073461117000,211.77311694335938,1.7619237899780273,0.7006538510322571,9.621596336364746
1700823073478806000,211.7908059082031,1.7174656391143799,0.7691299915313721,9.624403953552246
1700823073488839000,211.8008388671875,1.6685972213745117,0.8007143139839172,9.63042163848877
1700823073498911000,211.81091088867188,1.587968349456787,0.8451452851295471,9.640253067016602
1700823073508755000,211.8207548828125,1.5555957555770874,0.8290683031082153,9.64692497253418
1700823073518923000,211.83092309570313,1.5288608074188232,0.8147133588790894,9.652420997619629
1700823073529150000,211.84114990234374,1.5240713357925415,0.8052046298980713,9.653976440429688
1700823073538887000,211.85088696289063,1.5389070510864258,0.7874082922935486,9.65308952331543
1700823073548763000,211.86076293945314,1.5253338813781738,0.7757187485694885,9.656190872192383
1700823073558898000,211.87089794921874,1.5052286386489868,0.7791086435317993,9.659073829650879
1700823073569033000,211.88103295898438,1.491464376449585,0.7845537662506104,9.6607666015625
1700823073581444000,211.89344409179688,1.421722650527954,0.7877143025398254,9.671018600463867
1700823073598764000,211.9107639160156,1.4401421546936035,0.8039301037788391,9.666958808898926
1700823073608776000,211.92077587890626,1.4463117122650146,0.8054025173187256,9.665916442871094
1700823073618906000,211.93090600585938,1.4454636573791504,0.8001272082328796,9.666479110717773
1700823073628762000,211.94076220703124,1.436457872390747,0.7897893190383911,9.668671607971191
1700823073638744000,211.950744140625,1.4223358631134033,0.7767279148101807,9.671817779541016
1700823073648775000,211.96077490234376,1.4068915843963623,0.7641481161117554,9.675077438354492
1700823073658925000,211.97092504882812,1.3909815549850464,0.7511366605758667,9.678397178649902
1700823073668903000,211.98090283203126,1.3772644996643066,0.7370917797088623,9.681437492370605
1700823073678888000,211.99088793945313,1.3932605981826782,0.6050140857696533,9.688301086425781
1700823073689005000,212.00100512695312,1.4118553400039673,0.5123655796051025,9.690951347351074
1700823073698874000,212.0108740234375,1.4197685718536377,0.47244948148727417,9.691823959350586
1700823073708867000,212.0208671875,1.4289227724075317,0.448139488697052,9.691632270812988
1700823073718867000,212.03086694335937,1.4353958368301392,0.43256375193595886,9.691383361816406
1700823073728830000,212.04082983398436,1.4321908950805664,0.4207955598831177,9.692377090454102
1700823073738865000,212.05086499023437,1.4262696504592896,0.4096381962299347,9.693726539611816
1700823073748858000,212.06085815429688,1.4242355823516846,0.4007546305656433,9.69439697265625
1700823073758872000,212.0708720703125,1.4217033386230469,0.39614424109458923,9.694958686828613
1700823073768853000,212.08085302734375,1.394628882408142,0.3801949620246887,9.699529647827148
1700823073778682000,212.09068212890625,1.3606764078140259,0.36617782711982727,9.704889297485352
1700823073788823000,212.10082299804688,1.3163135051727295,0.3477984070777893,9.711681365966797
1700823073799144000,212.11114404296876,1.2728863954544067,0.33068743348121643,9.71806526184082
1700823073808846000,212.12084619140626,1.2387696504592896,0.31799277663230896,9.72289752960205
1700823073818891000,212.13089111328125,1.2085381746292114,0.3098544776439667,9.726963996887207
1700823073828860000,212.14085986328126,1.4101351499557495,0.3834337890148163,9.697158813476562
1700823073838856000,212.15085595703124,1.5333997011184692,0.43971917033195496,9.676039695739746
1700823073848863000,212.16086303710938,1.6049989461898804,0.4903317391872406,9.66198444366455
1700823073858906000,212.17090600585936,1.642405390739441,0.529528021812439,9.65362548828125
1700823073868945000,212.18094482421876,1.6462620496749878,0.5415008068084717,9.652305603027344
1700823073879116000,212.19111596679687,1.6314088106155396,0.5363830327987671,9.655112266540527
1700823073888844000,212.20084399414063,1.6096826791763306,0.5229290723800659,9.65949535369873
1700823073899005000,212.2110048828125,1.593956708908081,0.5053268074989319,9.663039207458496
1700823073909776000,212.22177587890624,1.5774598121643066,0.4790107309818268,9.667086601257324
1700823073918863000,212.23086303710937,1.567849040031433,0.470791757106781,9.66905403137207
1700823073928790000,212.2407900390625,1.5631319284439087,0.46397125720977783,9.670147895812988
1700823073943072000,212.25507202148438,1.5645307302474976,0.4574611485004425,9.670231819152832
1700823073958681000,212.27068115234374,1.5839251279830933,0.4370899796485901,9.66801643371582
1700823073968747000,212.2807470703125,1.5974048376083374,0.42269936203956604,9.666438102722168
1700823073978886000,212.29088598632814,1.6099019050598145,0.4074380695819855,9.665020942687988
1700823073988853000,212.30085302734375,1.6140496730804443,0.3914201259613037,9.664989471435547
1700823073998656000,212.31065600585939,1.6092489957809448,0.37585341930389404,9.666407585144043
1700823074008801000,212.32080102539064,1.6012901067733765,0.3615323603153229,9.668275833129883
1700823074018847000,212.33084692382812,1.5961674451828003,0.34923577308654785,9.669575691223145
1700823074028923000,212.3409228515625,1.5916321277618408,0.33990299701690674,9.670656204223633
1700823074038846000,212.3508459472656,1.5808699131011963,0.33286944031715393,9.672663688659668
1700823074048843000,212.36084301757813,1.5631840229034424,0.32743221521377563,9.6757230758667
1700823074058851000,212.37085107421876,1.539379358291626,0.3235325813293457,9.679671287536621
1700823074068691000,212.38069091796876,1.5086913108825684,0.32122108340263367,9.684578895568848
1700823074078884000,212.39088403320312,1.4669033288955688,0.31791093945503235,9.691104888916016
1700823074088805000,212.40080517578124,1.4178069829940796,0.30912235379219055,9.698695182800293
1700823074098771000,212.41077099609376,1.375258445739746,0.2949111759662628,9.705260276794434
1700823074108830000,212.42082983398439,1.346645474433899,0.2794289290904999,9.709729194641113
1700823074118762000,212.4307619628906,1.3186118602752686,0.2607227861881256,9.71409797668457
1700823074128804000,212.44080419921875,1.2895640134811401,0.23688744008541107,9.718605995178223
1700823074138778000,212.45077807617187,1.2537130117416382,0.20680882036685944,9.723982810974121
1700823074148747000,212.4607470703125,1.2097207307815552,0.17683950066566467,9.730143547058105
1700823074158780000,212.47077978515625,1.1607985496520996,0.15074965357780457,9.736541748046875
1700823074168644000,212.48064404296875,1.1011813879013062,0.12399989366531372,9.743840217590332
1700823074179016000,212.49101586914063,1.0343308448791504,0.0951344445347786,9.751487731933594
1700823074188802000,212.50080200195313,0.9700877666473389,0.06337094306945801,9.758346557617188
1700823074198688000,212.51068798828126,0.905340850353241,0.0285533107817173,9.764729499816895
1700823074208932000,212.52093212890625,0.8466629981994629,-0.0005324994563125074,9.770034790039062
1700823074218874000,212.5308740234375,0.7971148490905762,-0.02707446925342083,9.774163246154785
1700823074228805000,212.54080517578126,0.7445639967918396,-0.05365355685353279,9.778196334838867
1700823074238819000,212.55081909179688,1.3242559432983398,0.11164338886737823,9.716187477111816
1700823074248918000,212.56091796875,1.8184219598770142,0.26218292117118835,9.633016586303711
1700823074258836000,212.5708359375,2.181542158126831,0.40349313616752625,9.552407264709473
1700823074268663000,212.5806630859375,2.348332405090332,0.526756227016449,9.50674819946289
1700823074278810000,212.59081005859375,2.2590298652648926,0.5004965662956238,9.529778480529785
1700823074288775000,212.60077490234374,2.1608850955963135,0.4698667526245117,9.55406665802002
1700823074298913000,212.6109130859375,2.0551235675811768,0.43941229581832886,9.578818321228027
1700823074308766000,212.62076586914063,1.9456758499145508,0.40936699509620667,9.602977752685547
1700823074318893000,212.63089306640626,1.8345506191253662,0.38215136528015137,9.625943183898926
1700823074328844000,212.64084399414062,1.7286165952682495,0.3589712679386139,9.646419525146484
1700823074338869000,212.65086889648438,1.630810260772705,0.3390519320964813,9.664155006408691
1700823074348760000,212.66076000976562,1.5446972846984863,0.3149395287036896,9.679107666015625
1700823074358888000,212.67088793945314,1.466078519821167,0.2945268452167511,9.69196891784668
1700823074368766000,212.68076586914063,1.3990596532821655,0.2817533016204834,9.702249526977539
1700823074378893000,212.69089306640626,1.33628249168396,0.2691951394081116,9.71145248413086
1700823074388673000,212.70067309570314,1.249964952468872,0.2547147572040558,9.72332763671875
1700823074398827000,212.71082690429688,1.1543846130371094,0.23939473927021027,9.735527038574219
1700823074408775000,212.72077490234375,1.0279711484909058,0.21684738993644714,9.750213623046875
1700823074418773000,212.73077294921876,0.9020429849624634,0.1969885528087616,9.76308822631836
1700823074429059000,212.74105908203126,0.7815642356872559,0.18089929223060608,9.773782730102539
1700823074438802000,212.75080200195313,0.6600976586341858,0.17060382664203644,9.78292179107666
1700823074448786000,212.76078588867188,0.5402028560638428,0.1649833470582962,9.79037094116211
1700823074458991000,212.7709912109375,0.4138339161872864,0.15771949291229248,9.796645164489746
1700823074468932000,212.78093212890624,0.2836117744445801,0.14520516991615295,9.801473617553711
1700823074478764000,212.79076391601564,0.14866846799850464,0.12927724421024323,9.804671287536621
1700823074488787000,212.8007868652344,-0.45758944749832153,-0.08093582838773727,9.795634269714355
1700823074498784000,212.81078393554688,-0.9115665555000305,-0.19767186045646667,9.762189865112305
1700823074509210000,212.82121020507813,-1.266723871231079,-0.2629372477531433,9.720939636230469
1700823074518869000,212.83086889648436,-1.5066373348236084,-0.30037614703178406,9.685568809509277
1700823074528873000,212.840873046875,-1.7163035869598389,-0.3405897915363312,9.649284362792969
1700823074538809000,212.85080908203125,-1.9453754425048828,-0.40460312366485596,9.603240013122559
1700823074548835000,212.8608349609375,-2.2008910179138184,-0.5119894742965698,9.542765617370605
1700823074558854000,212.87085400390626,-2.4019360542297363,-0.5866419672966003,9.489835739135742
1700823074569093000,212.88109301757814,-2.4920406341552734,-0.5992612242698669,9.46578311920166
1700823074578800000,212.8908000488281,-2.5669455528259277,-0.6121277213096619,9.44491958618164
1700823074588771000,212.90077099609374,-2.625399351119995,-0.62297523021698,9.428128242492676
1700823074598797000,212.91079711914062,-2.6797869205474854,-0.6276751160621643,9.412500381469727
1700823074608651000,212.92065112304687,-2.7353708744049072,-0.6241878271102905,9.396730422973633
1700823074618910000,212.93090991210937,-2.7951719760894775,-0.6170575618743896,9.379585266113281
1700823074628765000,212.94076489257813,-2.860128879547119,-0.612052321434021,9.360311508178711
1700823074638836000,212.9508359375,-2.90244460105896,-0.614757776260376,9.347099304199219
1700823074648869000,212.960869140625,-2.9142661094665527,-0.6163423657417297,9.343318939208984
1700823074658805000,212.97080493164063,-2.906111478805542,-0.6131798624992371,9.34606647491455
1700823074668661000,212.98066088867188,-2.884091854095459,-0.6065571904182434,9.353314399719238
1700823074678916000,212.990916015625,-2.863051414489746,-0.5989248156547546,9.360269546508789
1700823074688778000,213.00077807617188,-2.8508360385894775,-0.5866957306861877,9.364771842956543
1700823074698826000,213.01082592773437,-2.8273487091064453,-0.5713000297546387,9.372838973999023
1700823074708723000,213.02072290039064,-2.8121535778045654,-0.5579360723495483,9.378213882446289
1700823074718833000,213.0308330078125,-2.8180904388427734,-0.5475158095359802,9.377046585083008
1700823074728830000,213.04082983398436,-2.8342807292938232,-0.5388102531433105,9.372669219970703
1700823074738816000,213.05081591796875,-2.8543648719787598,-0.5292792916297913,9.367115020751953
1700823074748853000,213.06085302734374,-2.855268955230713,-0.5188385844230652,9.367425918579102
1700823074758868000,213.07086791992188,-2.8209967613220215,-0.5019116997718811,9.37872314453125
1700823074768795000,213.080794921875,-2.753998279571533,-0.4777662754058838,9.399874687194824
1700823074778858000,213.09085791015625,-2.6623926162719727,-0.44945642352104187,9.427621841430664
1700823074788841000,213.10084106445314,-2.5712270736694336,-0.4194304049015045,9.45427131652832
1700823074798810000,213.11081005859376,-2.498502016067505,-0.3906958997249603,9.474979400634766
1700823074808672000,213.12067211914064,-2.437704086303711,-0.36388474702835083,9.491869926452637
1700823074818657000,213.13065698242187,-2.4005017280578613,-0.3430556058883667,9.502120971679688
1700823074828769000,213.14076904296874,-2.373527765274048,-0.3256821632385254,9.509505271911621
1700823074838856000,213.15085595703124,-2.3482775688171387,-0.3077086806297302,9.51637077331543
1700823074848840000,213.16083984375,-2.308877944946289,-0.292906254529953,9.526472091674805
1700823074858799000,213.17079907226562,-2.275017023086548,-0.2835679352283478,9.534897804260254
1700823074868813000,213.18081298828125,-2.233982563018799,-0.278767853975296,9.54473876953125
1700823074878865000,213.1908649902344,-2.1852211952209473,-0.27443623542785645,9.556145668029785
1700823074888813000,213.20081298828126,-2.1329128742218018,-0.26630496978759766,9.568184852600098
1700823074898868000,213.21086791992187,-2.0855395793914795,-0.26086685061454773,9.578771591186523
1700823074908794000,213.22079418945313,-2.050553560256958,-0.26240095496177673,9.586281776428223
1700823074918935000,213.23093505859376,-2.033597230911255,-0.27073827385902405,9.589659690856934
1700823074928856000,213.24085595703124,-2.008054733276367,-0.27471068501472473,9.594930648803711
1700823074938918000,213.25091796875,-1.9752449989318848,-0.27492812275886536,9.601729393005371
1700823074948887000,213.26088696289062,-1.9292267560958862,-0.26764175295829773,9.611288070678711
1700823074959007000,213.27100708007814,-1.8667192459106445,-0.2537371516227722,9.62399959564209
1700823074968924000,213.280923828125,-1.8028905391693115,-0.23768530786037445,9.636570930480957
1700823074978808000,213.29080810546876,-1.7531670331954956,-0.22488632798194885,9.646048545837402
1700823074988851000,213.30085083007813,-1.7263661623001099,-0.21924802660942078,9.651009559631348
1700823074998863000,213.31086303710939,-1.714618444442749,-0.2172749787569046,9.65314769744873
1700823075008813000,213.32081298828126,-1.7000924348831177,-0.21485592424869537,9.655770301818848
1700823075018948000,213.33094799804687,-1.676126480102539,-0.20745179057121277,9.66012191772461
1700823075028757000,213.34075708007813,-1.640907883644104,-0.19661417603492737,9.66639232635498
1700823075038899000,213.35089892578125,-1.5992496013641357,-0.1849023997783661,9.673603057861328
1700823075048778000,213.36077807617187,-1.566638469696045,-0.172428697347641,9.679169654846191
1700823075058769000,213.37076879882812,-1.5523124933242798,-0.1604457050561905,9.681682586669922
1700823075068687000,213.38068701171875,-1.5697364807128906,-0.15423107147216797,9.678975105285645
1700823075078875000,213.390875,-1.588331937789917,-0.1508054882287979,9.675993919372559
1700823075088927000,213.40092700195314,-1.5955512523651123,-0.150645911693573,9.674809455871582
1700823075099013000,213.41101318359375,-1.591277837753296,-0.1524205207824707,9.675484657287598
1700823075108823000,213.42082299804687,-1.588517189025879,-0.15724778175354004,9.675861358642578
1700823075118789000,213.4307890625,-1.5803788900375366,-0.16200317442417145,9.677116394042969
1700823075128926000,213.44092602539064,-1.5670535564422607,-0.16464082896709442,9.679237365722656
1700823075138808000,213.45080810546875,-1.5534721612930298,-0.16438771784305573,9.68143081665039
1700823075148720000,213.46072021484375,-1.5438363552093506,-0.1622542142868042,9.68300724029541
1700823075158856000,213.47085595703126,-1.5534049272537231,-0.16235680878162384,9.681475639343262
1700823075168862000,213.48086206054688,-1.5670195817947388,-0.16498130559921265,9.679238319396973
1700823075178773000,213.49077294921875,-1.5689105987548828,-0.16841712594032288,9.678871154785156
1700823075188742000,213.50074194335937,-1.6312521696090698,-0.19707389175891876,9.66801929473877
1700823075198754000,213.51075415039062,-1.6201497316360474,-0.2047787755727768,9.669724464416504
1700823075208747000,213.5207470703125,-1.605147361755371,-0.21575726568698883,9.671987533569336
1700823075218658000,213.53065795898436,-1.5945172309875488,-0.22857320308685303,9.673452377319336
1700823075228723000,213.54072290039062,-1.5982033014297485,-0.2425336241722107,9.672503471374512
1700823075238735000,213.55073510742187,-1.6083722114562988,-0.25019875168800354,9.670622825622559
1700823075248734000,213.56073388671874,-1.6187796592712402,-0.2516317069530487,9.668848991394043
1700823075258876000,213.5708759765625,-1.6283289194107056,-0.2532806396484375,9.66720199584961
1700823075268855000,213.58085498046876,-1.6340941190719604,-0.25642770528793335,9.666147232055664
1700823075278893000,213.59089306640624,-1.6396347284317017,-0.26268061995506287,9.665040969848633
1700823075288768000,213.60076806640626,-1.648876667022705,-0.27354514598846436,9.663166999816895
1700823075298785000,213.61078491210938,-1.655367136001587,-0.28632453083992004,9.661685943603516
1700823075308961000,213.6209609375,-1.6575649976730347,-0.3004986047744751,9.66087818145752
1700823075318852000,213.63085205078124,-1.664918303489685,-0.31610506772994995,9.659116744995117
1700823075328841000,213.64084106445313,-1.6759774684906006,-0.3298723101615906,9.656742095947266
1700823075338855000,213.65085498046875,-1.6837568283081055,-0.343667596578598,9.654908180236816
1700823075348845000,213.66084497070312,-1.6846967935562134,-0.35652387142181396,9.654278755187988
1700823075359046000,213.6710458984375,-1.682988166809082,-0.3702247738838196,9.654059410095215
1700823075368987000,213.68098681640626,-1.6834768056869507,-0.38265901803970337,9.65349006652832
1700823075378895000,213.69089501953124,-1.6883716583251953,-0.39531245827674866,9.652124404907227
1700823075388877000,213.700876953125,-1.7040058374404907,-0.40789076685905457,9.64885425567627
1700823075398878000,213.7108779296875,-1.7295103073120117,-0.42212507128715515,9.64370346069336
1700823075408920000,213.72092016601562,-1.751473069190979,-0.4420195519924164,9.638845443725586
1700823075418887000,213.73088696289062,-1.7587814331054688,-0.46477118134498596,9.636445999145508
1700823075428882000,213.7408818359375,-1.7551321983337402,-0.48790305852890015,9.635966300964355
1700823075438895000,213.75089501953124,-1.7542314529418945,-0.5098477602005005,9.63499641418457
1700823075448867000,213.7608671875,-1.7645272016525269,-0.5281310081481934,9.632131576538086
1700823075458915000,213.7709150390625,-1.7824194431304932,-0.5469602346420288,9.62778377532959
1700823075468742000,213.78074194335937,-1.8031740188598633,-0.5707079172134399,9.622540473937988
1700823075479088000,213.79108813476563,-1.8199702501296997,-0.6026128530502319,9.617429733276367
1700823075488989000,213.80098901367188,-1.8288369178771973,-0.64115971326828,9.613252639770508
1700823075498855000,213.81085498046875,-1.8268518447875977,-0.678567111492157,9.611065864562988
1700823075509267000,213.82126684570312,-1.8283149003982544,-0.7179697155952454,9.607925415039062
1700823075518875000,213.830875,-1.8204057216644287,-0.7515361905097961,9.606858253479004
1700823075528867000,213.8408671875,-1.7655448913574219,-0.7594678401947021,9.616467475891113
1700823075538898000,213.85089794921876,-1.68152916431427,-0.7502902746200562,9.632233619689941
1700823075548863000,213.86086303710937,-1.636521577835083,-0.7450149655342102,9.640392303466797
1700823075558750000,213.87075,-1.6528269052505493,-0.7540966868400574,9.636903762817383
1700823075569406000,213.88140600585936,-1.6995985507965088,-0.7775620222091675,9.626897811889648
1700823075578816000,213.89081591796875,-1.722936749458313,-0.8063763380050659,9.620375633239746
1700823075589229000,213.90122900390625,-1.685964584350586,-0.8341530561447144,9.624556541442871
1700823075598794000,213.9107939453125,-1.6138509511947632,-0.855638325214386,9.635029792785645
1700823075608931000,213.92093115234374,-1.5506705045700073,-0.8580197095870972,9.645186424255371
1700823075618790000,213.93078979492188,-1.5016530752182007,-0.8400546908378601,9.654518127441406
1700823075628646000,213.94064599609376,-1.4582949876785278,-0.8009779453277588,9.664481163024902
1700823075638821000,213.95082104492187,-1.4153584241867065,-0.7455357909202576,9.675296783447266
1700823075648798000,213.9607978515625,-1.3805454969406128,-0.6883060932159424,9.684560775756836
1700823075658931000,213.97093090820312,-1.3816548585891724,-0.6535355448722839,9.686812400817871
1700823075668821000,213.98082104492187,-1.3892086744308472,-0.6413798332214355,9.686543464660645
1700823075678783000,213.99078295898437,-1.3448036909103394,-0.6360960006713867,9.693156242370605
1700823075688850000,214.00084985351563,-1.2604039907455444,-0.6329489350318909,9.70469856262207
1700823075698895000,214.01089501953126,-1.1642354726791382,-0.6392918825149536,9.716287612915039
1700823075708896000,214.02089599609374,-1.0755869150161743,-0.6572770476341248,9.725303649902344
1700823075718893000,214.03089306640624,-0.9940659999847412,-0.67802494764328,9.732549667358398
1700823075728862000,214.04086206054689,-0.9316484332084656,-0.6890414357185364,9.737950325012207
1700823075738893000,214.05089306640625,-0.8841115832328796,-0.6833248138427734,9.742783546447754
1700823075748873000,214.060873046875,-0.8554565906524658,-0.6581467986106873,9.747072219848633
1700823075758910000,214.07090991210939,-0.8408908843994141,-0.6198992133140564,9.750845909118652
1700823075768877000,214.080876953125,-0.8250257968902588,-0.5682727694511414,9.755346298217773
1700823075778860000,214.09086010742186,-0.7323247194290161,-0.5163248777389526,9.765630722045898
1700823075788876000,214.1008759765625,-0.5981383323669434,-0.45849400758743286,9.777647972106934
1700823075798882000,214.1108820800781,-0.4745207130908966,-0.3963742256164551,9.787138938903809
1700823075809648000,214.12164819335936,-0.3674556016921997,-0.33144640922546387,9.794157981872559
1700823075818987000,214.1309870605469,-0.27098843455314636,-0.27678778767585754,9.798998832702637
1700823075828860000,214.14085986328126,-0.18350596725940704,-0.2159527838230133,9.802556037902832
1700823075838859000,214.15085888671874,-0.1133802980184555,-0.13651947677135468,9.805045127868652
1700823075848853000,214.16085302734376,-0.046145666390657425,-0.031799159944057465,9.806489944458008
1700823075859963000,214.171962890625,0.01719078980386257,0.09321370720863342,9.806191444396973
1700823075868872000,214.18087182617188,0.0808463916182518,0.22336949408054352,9.803772926330566
1700823075878891000,214.19089111328125,0.17782558500766754,0.3216515779495239,9.799759864807129
1700823075888921000,214.20092114257812,0.3254103660583496,0.382230281829834,9.793795585632324
1700823075898935000,214.21093505859375,0.4838654696941376,0.41389206051826477,9.785958290100098
1700823075909832000,214.22183203125,0.637519896030426,0.42756521701812744,9.776561737060547
1700823075918932000,214.23093188476562,0.7499188184738159,0.42583295702934265,9.768659591674805
1700823075929073000,214.2410729980469,0.8150240182876587,0.42551207542419434,9.763455390930176
1700823075939057000,214.25105688476563,0.8728080987930298,0.4441969096660614,9.757627487182617
1700823075948914000,214.26091381835937,0.949157178401947,0.4803139269351959,9.748784065246582
1700823075958965000,214.27096508789063,1.0520137548446655,0.5255339741706848,9.735885620117188
1700823075968831000,214.2808310546875,1.176505208015442,0.5759393572807312,9.718772888183594
1700823075978870000,214.2908701171875,1.2891992330551147,0.619594395160675,9.701777458190918
1700823075988862000,214.30086206054688,1.388540506362915,0.6519848108291626,9.685932159423828
1700823075998862000,214.31086206054687,1.4553005695343018,0.6647010445594788,9.675261497497559
1700823076009048000,214.32104809570313,1.4903063774108887,0.6613859534263611,9.670158386230469
1700823076018903000,214.33090307617186,1.506681203842163,0.6479510068893433,9.66852855682373
1700823076029041000,214.341041015625,1.524895429611206,0.6304238438606262,9.666831970214844
1700823076038755000,214.35075512695312,1.567373275756836,0.6113207936286926,9.661263465881348
1700823076048854000,214.36085400390624,1.6457641124725342,0.591119110584259,9.649478912353516
1700823076058691000,214.37069116210938,1.7631436586380005,0.5711334347724915,9.629926681518555
1700823076068657000,214.38065698242187,1.8855279684066772,0.5575067400932312,9.607515335083008
1700823076078686000,214.39068603515625,1.9970331192016602,0.5475967526435852,9.585529327392578
1700823076088617000,214.40061694335938,2.0372073650360107,0.5361725687980652,9.577719688415527
1700823076098733000,214.41073315429688,2.051851987838745,0.5257874131202698,9.575167655944824
1700823076108788000,214.4207880859375,2.0604898929595947,0.5225342512130737,9.573492050170898
1700823076118761000,214.43076098632812,2.065359592437744,0.5330182313919067,9.57186508178711
1700823076128740000,214.44073999023436,2.0609073638916016,0.5523547530174255,9.571727752685547
1700823076138748000,214.45074780273438,2.0696027278900146,0.5708051919937134,9.568767547607422
1700823076148732000,214.46073193359376,2.1127660274505615,0.5838526487350464,9.558541297912598
1700823076158662000,214.47066186523438,2.165679931640625,0.6008604764938354,9.545638084411621
1700823076168743000,214.48074291992188,2.2062883377075195,0.6231348514556885,9.534903526306152
1700823076178745000,214.4907451171875,2.2405898571014404,0.6481932997703552,9.525229454040527
1700823076188780000,214.50078002929686,2.261427640914917,0.6756143569946289,9.518396377563477
1700823076198795000,214.510794921875,2.271320104598999,0.7078794240951538,9.513696670532227
1700823076208812000,214.52081201171876,2.280536651611328,0.7462944984436035,9.508554458618164
1700823076218781000,214.53078100585938,2.2930829524993896,0.7913286685943604,9.50189208984375
1700823076228819000,214.54081884765625,2.307269811630249,0.8367702960968018,9.494563102722168
1700823076238816000,214.55081591796875,2.32351016998291,0.8894354104995728,9.485811233520508
1700823076248988000,214.56098779296875,2.3371944427490234,0.9437366127967834,9.477198600769043
1700823076258922000,214.570921875,2.344175338745117,0.9949954152107239,9.470227241516113
1700823076268860000,214.58085986328126,2.339128017425537,1.0394076108932495,9.466705322265625
1700823076278836000,214.5908359375,2.317964792251587,1.0731061697006226,9.468151092529297
1700823076288889000,214.60088916015624,2.2802019119262695,1.0970932245254517,9.474570274353027
1700823076298897000,214.61089697265626,2.2295055389404297,1.113967776298523,9.484660148620605
1700823076309475000,214.62147509765626,2.1651060581207275,1.1255515813827515,9.498202323913574
1700823076319025000,214.63102490234374,2.094489336013794,1.1357011795043945,9.512818336486816
1700823076328999000,214.6409990234375,2.0181331634521484,1.1484625339508057,9.527778625488281
1700823076338772000,214.65077197265626,1.9670565128326416,1.156710147857666,9.537458419799805
1700823076348781000,214.66078100585938,1.9254238605499268,1.1622521877288818,9.545276641845703
1700823076358893000,214.67089306640625,1.9015514850616455,1.1646326780319214,9.549771308898926
1700823076368774000,214.68077392578124,1.893292784690857,1.1647391319274902,9.551399230957031
1700823076378913000,214.6909130859375,1.8988615274429321,1.1626622676849365,9.550546646118164
1700823076388775000,214.70077490234374,1.913366436958313,1.1587436199188232,9.548128128051758
1700823076398807000,214.71080712890625,1.9294471740722656,1.1492668390274048,9.546036720275879
1700823076408787000,214.72078686523437,1.9440338611602783,1.1348036527633667,9.544807434082031
1700823076418828000,214.730828125,1.954302191734314,1.114835500717163,9.545063972473145
1700823076428824000,214.74082397460938,1.9598908424377441,1.0897215604782104,9.546818733215332
1700823076438723000,214.75072314453126,1.965241551399231,1.0592881441116333,9.549142837524414
1700823076448817000,214.76081689453125,1.9746102094650269,1.0253663063049316,9.55091381072998
1700823076458845000,214.77084497070314,1.986488938331604,0.9872665405273438,9.552462577819824
1700823076468851000,214.78085083007812,1.999632477760315,0.944628894329071,9.554032325744629
1700823076478855000,214.79085498046874,2.0132904052734375,0.898993194103241,9.555567741394043
1700823076488781000,214.80078100585936,2.022324800491333,0.8558812141418457,9.557618141174316
1700823076498865000,214.81086499023436,2.550349235534668,0.6309507489204407,9.448175430297852
1700823076508911000,214.8209111328125,2.692573308944702,0.5514829754829407,9.413623809814453
1700823076518901000,214.83090087890625,2.6756765842437744,0.5265232920646667,9.419868469238281
1700823076528891000,214.84089086914062,2.652629852294922,0.505254328250885,9.4275484085083
1700823076538887000,214.85088696289063,2.6236562728881836,0.48657238483428955,9.436634063720703
1700823076548871000,214.86087084960937,2.5918729305267334,0.4703890383243561,9.446233749389648
1700823076558911000,214.8709108886719,2.5616297721862793,0.4551306664943695,9.45522689819336
1700823076568698000,214.88069799804688,2.5297272205352783,0.43872371315956116,9.464587211608887
1700823076578943000,214.89094287109376,2.4960405826568604,0.4223857522010803,9.474268913269043
1700823076588710000,214.9007099609375,2.4678988456726074,0.408861368894577,9.482232093811035
1700823076598875000,214.910875,2.4454636573791504,0.3992489278316498,9.488451957702637
1700823076608891000,214.92089086914064,2.4247353076934814,0.3937377631664276,9.493998527526855
1700823076618896000,214.93089575195313,2.4071857929229736,0.3919505774974823,9.49853801727295
1700823076628869000,214.940869140625,2.3118202686309814,0.4626029133796692,9.519026756286621
1700823076638721000,214.95072094726564,2.3066203594207764,0.47068625688552856,9.519892692565918
1700823076648912000,214.96091186523438,2.304410934448242,0.48060938715934753,9.51993179321289
1700823076658902000,214.97090209960936,2.301504135131836,0.4895946681499481,9.520177841186523
1700823076668872000,214.98087182617186,2.2947769165039062,0.4973544776439667,9.52139949798584
1700823076678898000,214.99089794921875,2.1128268241882324,0.6498220562934875,9.554269790649414
1700823076688859000,215.00085888671876,1.8549761772155762,0.8569365739822388,9.591409683227539
1700823076698870000,215.0108701171875,1.5253829956054688,1.100659728050232,9.624560356140137
1700823076708743000,215.02074291992187,1.1717331409454346,1.3271596431732178,9.64552116394043
1700823076718900000,215.03089990234375,1.14214289188385,1.3248226642608643,9.649391174316406
1700823076728875000,215.040875,1.1152631044387817,1.3230141401290894,9.65278434753418
1700823076738891000,215.05089111328124,1.0942085981369019,1.3231161832809448,9.65517807006836
1700823076748867000,215.0608671875,1.081592321395874,1.3259859085083008,9.656206130981445
1700823076759144000,215.07114404296874,1.075264811515808,1.33024263381958,9.656326293945312
1700823076768877000,215.080876953125,1.0733850002288818,1.3344374895095825,9.655957221984863
1700823076778898000,215.09089794921874,1.074627161026001,1.3401459455490112,9.655028343200684
1700823076788873000,215.100873046875,1.078411340713501,1.3511133193969727,9.653078079223633
1700823076798873000,215.110873046875,1.0805466175079346,1.3673738241195679,9.65054988861084
1700823076808894000,215.12089404296876,1.078460454940796,1.385076642036438,9.648259162902832
1700823076818900000,215.13089990234374,0.8474878072738647,1.217330813407898,9.693824768066406
1700823076828877000,215.140876953125,0.854308545589447,1.2417960166931152,9.690123558044434
1700823076838889000,215.15088891601562,0.8717366456985474,1.2645330429077148,9.685630798339844
1700823076848866000,215.16086596679688,0.8985404968261719,1.2819920778274536,9.680882453918457
1700823076859527000,215.17152685546876,0.9297662377357483,1.2948378324508667,9.676223754882812
1700823076868902000,215.18090185546876,0.9688801169395447,1.3053539991378784,9.670971870422363
1700823076878895000,215.19089501953124,1.008833408355713,1.313171148300171,9.6658296585083
1700823076888852000,215.20085205078124,1.045719027519226,1.3200795650482178,9.660964012145996
1700823076898895000,215.21089501953125,1.0830711126327515,1.328670620918274,9.655672073364258
1700823076908918000,215.22091796875,1.123144268989563,1.3404340744018555,9.64946460723877
1700823076918949000,215.23094921875,1.1679688692092896,1.354980230331421,9.642109870910645
1700823076928873000,215.240873046875,1.2148621082305908,1.3704603910446167,9.634124755859375
1700823076938947000,215.25094702148436,1.2628899812698364,1.3861615657806396,9.625697135925293
1700823076948924000,215.260923828125,1.3105261325836182,1.4024840593338013,9.616961479187012
1700823076959694000,215.2716940917969,1.3551807403564453,1.4212620258331299,9.608012199401855
1700823076968954000,215.2809541015625,1.3959884643554688,1.443082332611084,9.598912239074707
1700823076979056000,215.29105615234374,1.4294214248657227,1.4655252695083618,9.59058952331543
1700823076988957000,215.30095703125,1.4526017904281616,1.4838652610778809,9.584282875061035
1700823076998925000,215.31092504882812,1.4717934131622314,1.4960432052612305,9.579461097717285
1700823077008776000,215.32077587890626,1.4795465469360352,1.5037895441055298,9.577054023742676
1700823077018765000,215.33076513671875,1.4767857789993286,1.508123755455017,9.576797485351562
1700823077028855000,215.34085498046875,1.4741092920303345,1.512786865234375,9.576475143432617
1700823077038773000,215.35077294921874,1.4728513956069946,1.5179463624954224,9.575851440429688
1700823077048925000,215.36092504882814,1.4707541465759277,1.5252584218978882,9.57501220703125
1700823077058863000,215.3708630371094,1.4668910503387451,1.5328742265701294,9.57438850402832
1700823077068835000,215.3808349609375,1.4609025716781616,1.5402841567993164,9.574114799499512
1700823077078857000,215.39085693359374,1.4582237005233765,1.5477333068847656,9.573322296142578
1700823077088847000,215.40084716796875,1.4625906944274902,1.5578824281692505,9.571009635925293
1700823077098724000,215.41072412109375,1.4696627855300903,1.5686384439468384,9.568168640136719
1700823077108926000,215.42092602539063,1.7237001657485962,1.3936103582382202,9.55285930633545
1700823077118898000,215.43089794921875,1.8826006650924683,1.2565338611602783,9.54187297821045
1700823077128771000,215.44077099609376,1.971693515777588,1.1343210935592651,9.539190292358398
1700823077138755000,215.4507551269531,2.0127718448638916,1.0179212093353271,9.543741226196289
1700823077148723000,215.46072290039064,1.983376383781433,1.0392436981201172,9.547595977783203
1700823077158640000,215.47064013671874,1.9538497924804688,1.0594021081924438,9.551468849182129
1700823077168976000,215.48097583007814,1.927274465560913,1.0788705348968506,9.554686546325684
1700823077178863000,215.49086303710936,1.9065011739730835,1.097105860710144,9.556777954101562
1700823077188805000,215.50080517578124,1.888035535812378,1.1136430501937866,9.558530807495117
1700823077198748000,215.5107478027344,1.868690848350525,1.1274968385696411,9.560708045959473
1700823077208816000,215.52081616210938,1.8491677045822144,1.137313961982727,9.563340187072754
1700823077218776000,215.53077612304688,1.8307809829711914,1.1443228721618652,9.566041946411133
1700823077228818000,215.54081787109374,1.8145588636398315,1.1479419469833374,9.568697929382324
1700823077238835000,215.5508349609375,1.6034241914749146,1.071861743927002,9.615120887756348
1700823077248849000,215.56084887695312,1.397304892539978,1.067610263824463,9.647701263427734
1700823077258887000,215.57088696289063,1.2084505558013916,1.149771809577942,9.663749694824219
1700823077268835000,215.5808349609375,1.1982126235961914,1.148239254951477,9.665207862854004
1700823077278814000,215.59081396484376,1.1854554414749146,1.1492866277694702,9.666656494140625
1700823077288979000,215.60097900390625,1.169219732284546,1.1516987085342407,9.66834545135498
1700823077298784000,215.61078393554686,1.1481120586395264,1.154567837715149,9.6705322265625
1700823077308646000,215.62064599609374,1.1220827102661133,1.1589924097061157,9.673059463500977
1700823077318763000,215.63076293945312,1.0916426181793213,1.1665102243423462,9.675638198852539
1700823077328761000,215.64076098632813,1.0623306035995483,1.1724910736083984,9.678176879882812
1700823077339016000,215.65101586914062,1.0358651876449585,1.1770391464233398,9.68049430847168
1700823077348845000,215.66084497070312,1.011674165725708,1.1793620586395264,9.682768821716309
1700823077358829000,215.6708291015625,0.9880155920982361,1.1813932657241821,9.684965133666992
1700823077368793000,215.68079296875,0.9165765047073364,1.203005075454712,9.689326286315918
1700823077378769000,215.69076879882812,0.8620967268943787,1.223395586013794,9.69177532196045
1700823077388885000,215.7008850097656,0.8053951859474182,1.2518360614776611,9.693018913269043
1700823077398843000,215.7108427734375,0.7512199282646179,1.285705327987671,9.692936897277832
1700823077408737000,215.72073706054687,0.7054711580276489,1.3191659450531006,9.691879272460938
1700823077418805000,215.73080493164062,0.6671248078346252,1.350735068321228,9.690244674682617
1700823077428799000,215.74079907226562,0.6242284774780273,1.3822451829910278,9.688658714294434
1700823077438813000,215.75081298828124,0.5750771760940552,1.4092986583709717,9.687804222106934
1700823077448872000,215.76087182617186,0.5335288047790527,1.425376534461975,9.68782901763916
1700823077458913000,215.7709130859375,0.5117559432983398,1.4268015623092651,9.68879508972168
1700823077468884000,215.78088403320314,0.48706457018852234,1.4285037517547607,9.68981647491455
1700823077478910000,215.79090991210938,0.46089494228363037,1.4314842224121094,9.690655708312988
1700823077488903000,215.80090283203126,0.4343488812446594,1.4337226152420044,9.691551208496094
1700823077498944000,215.81094409179687,0.404274046421051,1.434747576713562,9.692700386047363
1700823077508934000,215.82093383789064,0.3738999664783478,1.4345701932907104,9.693947792053223
1700823077518944000,215.83094409179688,0.3459218144416809,1.432806372642517,9.695246696472168
1700823077528917000,215.8409169921875,0.3231084942817688,1.4275991916656494,9.696802139282227
1700823077538966000,215.85096606445313,0.30448681116104126,1.4187731742858887,9.698699951171875
1700823077548920000,215.86092016601563,0.2865869998931885,1.4079487323760986,9.700820922851562
1700823077558944000,215.87094409179687,0.2694166600704193,1.395471453666687,9.703116416931152
1700823077568925000,215.88092504882812,0.25335633754730225,1.3808751106262207,9.70563793182373
1700823077578938000,215.8909382324219,0.240285262465477,1.366037368774414,9.708069801330566
1700823077588906000,215.90090600585938,0.22842063009738922,1.3514002561569214,9.710402488708496
1700823077598933000,215.91093310546876,0.21786826848983765,1.3375903367996216,9.712557792663574
1700823077608893000,215.9208928222656,0.20916180312633514,1.3259966373443604,9.714340209960938
1700823077618898000,215.93089794921875,0.2018459290266037,1.3169769048690796,9.715721130371094
1700823077628864000,215.94086401367187,0.19219781458377838,1.3135823011398315,9.716375350952148
1700823077638929000,215.95092895507813,0.1800181269645691,1.3121665716171265,9.71679973602295
1700823077648855000,215.96085498046875,0.16093875467777252,1.3106251955032349,9.717342376708984
1700823077658787000,215.970787109375,0.13840484619140625,1.312617540359497,9.71742057800293
1700823077668989000,215.9809890136719,0.1228787750005722,1.3138772249221802,9.717459678649902
1700823077678910000,215.99090991210937,0.11275018006563187,1.31629478931427,9.717255592346191
1700823077688938000,216.00093798828124,0.10600479692220688,1.31981360912323,9.716853141784668
1700823077698874000,216.0108740234375,0.09713467955589294,1.3239941596984863,9.716378211975098
1700823077708893000,216.02089282226564,0.08678630739450455,1.3257187604904175,9.716240882873535
1700823077718898000,216.03089794921874,0.0771089568734169,1.3220871686935425,9.716816902160645
1700823077728874000,216.0408740234375,0.07291735708713531,1.3134429454803467,9.718021392822266
1700823077739105000,216.05110498046875,0.07860475033521652,1.3015484809875488,9.719576835632324
1700823077748848000,216.06084814453126,0.09330255538225174,1.2891706228256226,9.721096992492676
1700823077758819000,216.07081909179686,0.10976503044366837,1.2773317098617554,9.722487449645996
1700823077768875000,216.080875,0.11952187120914459,1.273773193359375,9.722840309143066
1700823077778691000,216.09069116210938,0.12860943377017975,1.2797496318817139,9.721940040588379
1700823077788897000,216.10089697265624,0.14078092575073242,1.2851850986480713,9.721053123474121
1700823077798866000,216.11086596679687,0.1619587391614914,1.2849465608596802,9.720754623413086
1700823077808803000,216.12080297851563,0.19053836166858673,1.2802598476409912,9.720856666564941
1700823077818844000,216.13084399414063,0.21359366178512573,1.2736320495605469,9.721247673034668
1700823077828825000,216.1408251953125,0.2261526882648468,1.2667416334152222,9.72186279296875
1700823077838931000,216.15093090820312,0.2353144884109497,1.260483741760254,9.722458839416504
1700823077848890000,216.16089013671876,0.24485914409160614,1.2558549642562866,9.722821235656738
1700823077858901000,216.17090087890625,0.2533171772956848,1.254037618637085,9.722840309143066
1700823077868872000,216.18087182617188,0.2637660801410675,1.257859230041504,9.72206974029541
1700823077878866000,216.19086596679688,0.2898842692375183,1.2580673694610596,9.721297264099121
1700823077888878000,216.20087817382813,0.32045477628707886,1.2468117475509644,9.72178840637207
1700823077898857000,216.21085693359376,0.33455052971839905,1.2412707805633545,9.722023010253906
1700823077908970000,216.22096997070312,0.33569443225860596,1.2434040307998657,9.721710205078125
1700823077918989000,216.2309890136719,0.3556634485721588,1.2231181859970093,9.7235746383667
1700823077928953000,216.240953125,0.3847118616104126,1.2055872678756714,9.724656105041504
1700823077938934000,216.25093408203125,0.41627779603004456,1.196211814880371,9.724515914916992
1700823077948669000,216.2606689453125,0.43521395325660706,1.1946388483047485,9.723878860473633
1700823077958863000,216.27086303710936,0.44772273302078247,1.2009817361831665,9.722530364990234
1700823077968878000,216.2808781738281,0.46402737498283386,1.211884617805481,9.720413208007812
1700823077978680000,216.29068017578126,0.47806644439697266,1.2260428667068481,9.717957496643066
1700823077988792000,216.3007919921875,0.4869996905326843,1.2414312362670898,9.715558052062988
1700823077998795000,216.310794921875,0.4940186142921448,1.2533888816833496,9.713667869567871
1700823078009004000,216.32100415039062,0.5007342100143433,1.2605302333831787,9.712400436401367
1700823078018713000,216.33071313476563,0.5048071146011353,1.261826992034912,9.712020874023438
1700823078028621000,216.34062109375,0.4997633099555969,1.2571601867675781,9.71288776397705
1700823078038937000,216.35093701171874,0.4868091344833374,1.2493637800216675,9.71455192565918
1700823078049162000,216.36116186523438,0.48327043652534485,1.2385098934173584,9.716117858886719
1700823078058855000,216.37085498046875,0.49756431579589844,1.224130630493164,9.717218399047852
1700823078068887000,216.38088696289063,0.5243962407112122,1.2032544612884521,9.718413352966309
1700823078079285000,216.39128491210937,0.552439272403717,1.184630036354065,9.719148635864258
1700823078088852000,216.40085205078125,0.5766916275024414,1.16469144821167,9.720149993896484
1700823078098864000,216.41086401367187,0.5953349471092224,1.1370245218276978,9.722301483154297
1700823078108912000,216.420912109375,0.6048264503479004,1.1020543575286865,9.72574234008789
1700823078118885000,216.43088500976563,0.6095207333564758,1.0650968551635742,9.72956657409668
1700823078129011000,216.44101098632814,0.6078554391860962,1.0330705642700195,9.733122825622559
1700823078140010000,216.45201000976562,0.6005588173866272,1.0120186805725098,9.735788345336914
1700823078148709000,216.4607092285156,0.6019874215126038,0.9976292252540588,9.737184524536133
1700823078158726000,216.47072583007812,0.6108955144882202,0.9874112010002136,9.737669944763184
1700823078168697000,216.4806970214844,0.6294979453086853,0.9740060567855835,9.737836837768555
1700823078178829000,216.4908291015625,0.6482932567596436,0.9597083926200867,9.738021850585938
1700823078188776000,216.50077587890624,0.6542477607727051,1.1575629711151123,9.716089248657227
1700823078198772000,216.51077197265624,0.6913058757781982,1.2555630207061768,9.701343536376953
1700823078208748000,216.520748046875,0.7080892324447632,1.2200731039047241,9.704660415649414
1700823078218777000,216.53077709960937,0.6772481203079224,1.3658602237701416,9.687423706054688
1700823078228752000,216.540751953125,0.6753267645835876,1.3376652002334595,9.691490173339844
1700823078238789000,216.5507890625,0.6836702823638916,1.399266242980957,9.682202339172363
1700823078248901000,216.56090112304688,0.6982154846191406,1.3916093111038208,9.682268142700195
1700823078258834000,216.570833984375,0.7209744453430176,1.3681252002716064,9.68394660949707
1700823078268698000,216.58069799804687,0.7663275003433228,1.3086124658584595,9.688687324523926
1700823078278907000,216.59090698242187,0.8035060167312622,1.2364956140518188,9.695145606994629
1700823078288905000,216.60090502929688,0.8210188746452332,1.190744161605835,9.699405670166016
1700823078298883000,216.61088305664063,0.8164280652999878,1.1607917547225952,9.703423500061035
1700823078308839000,216.6208388671875,0.7797878980636597,1.182898759841919,9.703765869140625
1700823078318670000,216.63067016601562,0.7983973026275635,1.1728134155273438,9.703478813171387
1700823078328806000,216.64080590820313,0.8439929485321045,1.1316615343093872,9.704504013061523
1700823078338862000,216.65086206054687,0.9087696671485901,1.0771604776382446,9.704856872558594
1700823078348874000,216.6608740234375,0.9786580204963684,1.0124098062515259,9.705032348632812
1700823078358874000,216.6708740234375,1.0347977876663208,0.9488035440444946,9.705635070800781
1700823078368815000,216.68081518554686,1.0817155838012695,0.890360414981842,9.70605754852295
1700823078378973000,216.69097290039062,1.1254045963287354,0.8391858339309692,9.705648422241211
1700823078389155000,216.70115502929687,1.1698784828186035,0.8005123734474182,9.703656196594238
1700823078398741000,216.71074096679686,1.213283896446228,0.7786407470703125,9.700105667114258
1700823078408789000,216.7207890625,1.2608376741409302,0.7642623782157898,9.695183753967285
1700823078418583000,216.7305830078125,1.3060680627822876,0.7476674914360046,9.690488815307617
1700823078428721000,216.74072094726563,1.3323042392730713,0.7292986512184143,9.688316345214844
1700823078438794000,216.7507939453125,1.351596474647522,0.7104916572570801,9.687042236328125
1700823078448776000,216.76077587890626,1.3583921194076538,0.6993138194084167,9.686905860900879
1700823078458782000,216.77078198242188,1.3468594551086426,0.7043658494949341,9.68814754486084
1700823078468735000,216.78073486328125,1.3371978998184204,0.720168948173523,9.688324928283691
1700823078478796000,216.79079614257813,1.3379565477371216,0.7386886477470398,9.686826705932617
1700823078489343000,216.80134301757812,1.3409850597381592,0.7555912733078003,9.685103416442871
1700823078499561000,216.81156103515625,1.3422995805740356,0.7688149213790894,9.683879852294922
1700823078508866000,216.82086596679687,1.3469488620758057,0.7713643312454224,9.683032035827637
1700823078518758000,216.8307578125,1.3544161319732666,0.7694234251976013,9.682146072387695
1700823078528759000,216.8407590332031,1.3615221977233887,0.7655491828918457,9.6814546585083
1700823078539607000,216.85160693359376,1.3720347881317139,0.7572437524795532,9.680625915527344
1700823078548848000,216.86084814453125,1.375122308731079,0.7478271126747131,9.680919647216797
1700823078558857000,216.87085693359376,1.376861810684204,0.7370368242263794,9.681499481201172
1700823078568854000,216.88085400390625,1.3699334859848022,0.74029141664505,9.682233810424805
1700823078579219000,216.89121899414062,1.3370307683944702,0.7082648873329163,9.689227104187012
1700823078588850000,216.90084985351564,1.3238246440887451,0.7264312505722046,9.689696311950684
1700823078598755000,216.91075512695312,1.3073551654815674,0.7509869933128357,9.690057754516602
1700823078608854000,216.92085400390624,1.291430950164795,0.7714259624481201,9.690587043762207
1700823078618859000,216.93085888671874,1.2733675241470337,0.7922665476799011,9.69129753112793
1700823078629018000,216.94101806640626,1.2533575296401978,0.8165364861488342,9.691890716552734
1700823078638913000,216.9509130859375,1.234021544456482,0.8433899879455566,9.692073822021484
1700823078648886000,216.96088598632812,1.1843541860580444,0.8707152009010315,9.695853233337402
1700823078658938000,216.97093823242187,1.151438593864441,0.9086588621139526,9.696334838867188
1700823078668911000,216.9809111328125,1.1348586082458496,0.9416542649269104,9.695143699645996
1700823078678800000,216.9907998046875,1.1226216554641724,0.96579909324646,9.69419002532959
1700823078688898000,217.00089794921874,1.1126760244369507,0.9979034066200256,9.692086219787598
1700823078698873000,217.010873046875,1.1070557832717896,1.0548095703125,9.686701774597168
1700823078708889000,217.02088916015626,1.1104133129119873,1.0848478078842163,9.682999610900879
1700823078718960000,217.03096020507812,1.11684250831604,1.1200523376464844,9.678250312805176
1700823078728919000,217.0409189453125,1.1320587396621704,1.156463384628296,9.672198295593262
1700823078738949000,217.05094921875,1.1556020975112915,1.1897183656692505,9.66537857055664
1700823078748921000,217.06092114257814,1.1897399425506592,1.2179512977600098,9.657716751098633
1700823078758920000,217.070919921875,1.2332926988601685,1.239172339439392,9.649550437927246
1700823078768935000,217.08093481445312,1.2713333368301392,1.2565511465072632,9.642365455627441
1700823078778888000,217.09088793945313,1.3007780313491821,1.273060917854309,9.636268615722656
1700823078788868000,217.1008681640625,1.3216191530227661,1.2889453172683716,9.63132095336914
1700823078798958000,217.1109580078125,1.3365315198898315,1.3087868690490723,9.626585960388184
1700823078808837000,217.12083715820313,1.3542022705078125,1.3327507972717285,9.620826721191406
1700823078818835000,217.1308349609375,1.3821008205413818,1.3543518781661987,9.61384105682373
1700823078828903000,217.14090283203126,1.4193419218063354,1.3809469938278198,9.604625701904297
1700823078839053000,217.15105297851562,1.462219476699829,1.4139748811721802,9.593381881713867
1700823078848879000,217.16087915039063,1.509116291999817,1.4501155614852905,9.580716133117676
1700823078858792000,217.1707919921875,1.5472078323364258,1.4938859939575195,9.567907333374023
1700823078868639000,217.18063891601562,1.5692975521087646,1.5443062782287598,9.556299209594727
1700823078878921000,217.1909208984375,1.581606388092041,1.5859814882278442,9.54743766784668
1700823078888851000,217.20085083007814,1.5898019075393677,1.619144320487976,9.540507316589355
1700823078898750000,217.21075,1.5998960733413696,1.6556880474090576,9.532546043395996
1700823078908769000,217.22076904296875,1.617477297782898,1.6931337118148804,9.522994995117188
1700823078918901000,217.23090087890625,1.6481062173843384,1.7428227663040161,9.508769989013672
1700823078928760000,217.24076000976564,1.687235951423645,1.7901188135147095,9.493108749389648
1700823078938658000,217.25065795898436,1.7223901748657227,1.832007646560669,9.478792190551758
1700823078948766000,217.2607658691406,1.7533721923828125,1.86651611328125,9.466371536254883
1700823078958671000,217.27067114257812,1.788897156715393,1.8872694969177246,9.455605506896973
1700823078968777000,217.28077685546876,1.8282997608184814,1.901004672050476,9.445310592651367
1700823078978806000,217.2908059082031,1.8612498044967651,1.917433500289917,9.435548782348633
1700823078988939000,217.30093896484374,1.8903192281723022,1.924728274345398,9.428282737731934
1700823078998895000,217.31089501953124,1.9125030040740967,1.9256916046142578,9.423611640930176
1700823079008819000,217.32081884765626,1.9475713968276978,1.9406861066818237,9.413346290588379
1700823079019355000,217.33135498046875,2.000135660171509,1.9721729755401611,9.395764350891113
1700823079028766000,217.34076586914063,2.0596559047698975,2.012073040008545,9.374422073364258
1700823079038806000,217.3508059082031,2.1105027198791504,2.0493385791778564,9.355019569396973
1700823079048867000,217.3608671875,2.1514081954956055,2.068892002105713,9.341386795043945
1700823079058896000,217.37089575195313,2.21049165725708,2.0858426094055176,9.323806762695312
1700823079069276000,217.38127587890625,2.282731056213379,2.102050542831421,9.302738189697266
1700823079078901000,217.39090087890625,2.353148937225342,2.1134378910064697,9.28258991241455
1700823079088901000,217.40090112304688,2.4149551391601562,2.111515998840332,9.26714038848877
1700823079098907000,217.41090698242186,2.4710605144500732,2.089766502380371,9.257274627685547
1700823079108994000,217.420994140625,2.5199031829833984,2.0685348510742188,9.248872756958008
1700823079119283000,217.43128295898438,2.5620899200439453,2.0524024963378906,9.240872383117676
1700823079128901000,217.44090112304687,2.597815752029419,2.0093367099761963,9.240363121032715
1700823079139042000,217.4510419921875,2.647646903991699,1.9891027212142944,9.2305908203125
1700823079148839000,217.4608388671875,2.703472852706909,2.0002079010009766,9.211993217468262
1700823079158865000,217.47086499023436,2.7348153591156006,1.9903146028518677,9.20488166809082
1700823079169104000,217.48110375976563,2.777961254119873,1.9646590948104858,9.197468757629395
1700823079178767000,217.49076708984376,2.8308279514312744,1.9427614212036133,9.185994148254395
1700823079188864000,217.50086401367187,2.8934237957000732,1.9009195566177368,9.175235748291016
1700823079198784000,217.51078393554687,2.9473342895507812,1.8355919122695923,9.171380996704102
1700823079208853000,217.52085302734375,3.0261995792388916,1.7630529403686523,9.159920692443848
1700823079219045000,217.53104516601562,3.119821310043335,1.713622808456421,9.137866973876953
1700823079228856000,217.54085595703125,3.202188014984131,1.6724969148635864,9.116969108581543
1700823079238748000,217.55074780273438,3.2746167182922363,1.616665244102478,9.101300239562988
1700823079248777000,217.56077685546876,3.3642256259918213,1.5379053354263306,9.082247734069824
1700823079258765000,217.57076513671876,3.459284782409668,1.4521912336349487,9.060622215270996
1700823079269133000,217.58113305664062,3.546251058578491,1.3702330589294434,9.039742469787598
1700823079278775000,217.59077514648436,3.6171934604644775,1.2961468696594238,9.022544860839844
1700823079288780000,217.60078002929689,3.671867847442627,1.225267767906189,9.010355949401855
1700823079298787000,217.610787109375,3.717090606689453,1.1498469114303589,9.001749992370605
1700823079308935000,217.62093481445314,3.764110565185547,1.0673564672470093,8.992364883422852
1700823079325150000,217.63714990234374,3.8198769092559814,0.9702033996582031,8.979846954345703
1700823079338670000,217.65067016601563,3.9313101768493652,0.7599848508834839,8.951961517333984
1700823079348718000,217.66071801757812,3.971066474914551,0.6399703621864319,8.943794250488281
1700823079358854000,217.67085400390624,4.0163254737854,0.5417759418487549,8.930061340332031
1700823079368913000,217.68091284179687,4.064791679382324,0.4399411380290985,8.913714408874512
1700823079378734000,217.69073413085937,4.113011837005615,0.32320335507392883,8.896574974060059
1700823079388845000,217.70084497070312,4.172811031341553,0.19556830823421478,8.872417449951172
1700823079398891000,217.71089111328126,4.224151134490967,0.04131941497325897,8.850152969360352
1700823079408830000,217.72082983398437,4.24336051940918,-0.1120963916182518,8.84034538269043
1700823079418876000,217.7308759765625,4.285186767578125,-0.27409079670906067,8.816600799560547
1700823079428838000,217.740837890625,4.346166133880615,-0.43983110785484314,8.779964447021484
1700823079438828000,217.750828125,4.388606548309326,-0.5653247237205505,8.75162410736084
1700823079448766000,217.7607658691406,4.421717166900635,-0.7124243378639221,8.724177360534668
1700823079458836000,217.7708359375,4.426655292510986,-0.8791627287864685,8.706445693969727
1700823079468958000,217.7809580078125,4.380840301513672,-1.060174822807312,8.709457397460938
1700823079478832000,217.79083203125,4.285232067108154,-1.2209858894348145,8.735923767089844
1700823079488897000,217.80089697265626,4.163607597351074,-1.3673335313796997,8.772979736328125
1700823079498930000,217.81092993164063,4.008889198303223,-1.5307828187942505,8.817930221557617
1700823079508915000,217.8209150390625,3.865180253982544,-1.656559944152832,8.859265327453613
1700823079519104000,217.83110400390626,3.7620232105255127,-1.7848583459854126,8.878730773925781
1700823079528873000,217.840873046875,3.656280279159546,-1.9036095142364502,8.898219108581543
1700823079538889000,217.85088891601563,3.542675256729126,-1.990982174873352,8.925010681152344
1700823079548879000,217.86087915039062,3.4296395778656006,-2.0769126415252686,8.94954776763916
1700823079558847000,217.8708469238281,3.327080011367798,-2.166444778442383,8.967019081115723
1700823079568927000,217.88092700195313,3.2231268882751465,-2.248253345489502,8.984831809997559
1700823079578850000,217.89085009765626,3.098238945007324,-2.300848960876465,9.015398979187012
1700823079588864000,217.90086401367188,2.9634599685668945,-2.3464181423187256,9.048901557922363
1700823079598856000,217.91085595703126,2.8180887699127197,-2.4208884239196777,9.07568645477295
1700823079608858000,217.92085815429687,2.69834303855896,-2.4612841606140137,9.101176261901855
1700823079618989000,217.93098901367188,2.6096694469451904,-2.462681293487549,9.12662124633789
1700823079628835000,217.9408349609375,2.526627540588379,-2.4652113914489746,9.149275779724121
1700823079638869000,217.95086889648437,2.4955837726593018,-2.455745220184326,9.1603364944458
1700823079648880000,217.96088012695313,2.507908344268799,-2.431497097015381,9.163437843322754
1700823079658851000,217.97085107421876,2.5195505619049072,-2.4176626205444336,9.163905143737793
1700823079668906000,217.98090600585937,2.5435779094696045,-2.3920273780822754,9.163994789123535
1700823079679030000,217.99103002929687,2.5689451694488525,-2.3455684185028076,9.168926239013672
1700823079688899000,218.00089916992187,2.5801398754119873,-2.3016762733459473,9.176902770996094
1700823079698891000,218.01089111328125,2.576280355453491,-2.276993989944458,9.184141159057617
1700823079708866000,218.02086596679686,2.5585131645202637,-2.2757346630096436,9.189420700073242
1700823079718904000,218.03090405273437,2.543196439743042,-2.276005268096924,9.193603515625
1700823079728880000,218.0408801269531,2.5468058586120605,-2.2677505016326904,9.194643020629883
1700823079738913000,218.0509130859375,2.5696983337402344,-2.2639262676239014,9.189216613769531
1700823079748876000,218.0608759765625,2.6028449535369873,-2.2687644958496094,9.178686141967773
1700823079758893000,218.07089306640626,2.639960527420044,-2.2677414417266846,9.168334007263184
1700823079768912000,218.08091186523438,2.680665969848633,-2.2555296421051025,9.159530639648438
1700823079779039000,218.0910390625,2.7151827812194824,-2.2533528804779053,9.149895668029785
1700823079788960000,218.1009599609375,2.7265567779541016,-2.257366180419922,9.145522117614746
1700823079798912000,218.110912109375,2.7177720069885254,-2.250800371170044,9.149755477905273
1700823079808914000,218.12091381835938,2.7221179008483887,-2.2478480339050293,9.149188041687012
1700823079818857000,218.13085693359375,2.7439370155334473,-2.2473254203796387,9.142796516418457
1700823079828763000,218.1407629394531,2.744422197341919,-2.249819278717041,9.142037391662598
1700823079838779000,218.15077880859374,2.7253782749176025,-2.249685764312744,9.147765159606934
1700823079848739000,218.16073901367187,2.6920418739318848,-2.2496047019958496,9.1576509475708
1700823079858780000,218.17077978515624,2.6523962020874023,-2.2382330894470215,9.171995162963867
1700823079868921000,218.18092114257811,2.611823320388794,-2.2336928844451904,9.184737205505371
1700823079878752000,218.190751953125,2.5779709815979004,-2.2369167804718018,9.193511962890625
1700823079888878000,218.20087817382813,2.55647349357605,-2.247342586517334,9.196971893310547
1700823079899022000,218.21102197265625,2.54984450340271,-2.2573540210723877,9.19636058807373
1700823079908858000,218.22085815429688,2.552072286605835,-2.2680461406707764,9.19311237335205
1700823079919475000,218.23147485351564,2.5532217025756836,-2.27779483795166,9.19038200378418
1700823079928909000,218.24090893554688,2.548623561859131,-2.2888002395629883,9.188922882080078
1700823079938870000,218.2508701171875,2.5375194549560547,-2.3020100593566895,9.188695907592773
1700823079948964000,218.26096411132812,2.526536226272583,-2.3127501010894775,9.18902587890625
1700823079958848000,218.27084790039063,2.518296480178833,-2.323884963989258,9.188478469848633
1700823079969281000,218.28128100585937,2.5149619579315186,-2.3341548442840576,9.186786651611328
1700823079978771000,218.29077099609376,2.5171196460723877,-2.3461103439331055,9.183151245117188
1700823079988795000,218.300794921875,2.5243284702301025,-2.359492778778076,9.177742958068848
1700823079998858000,218.31085791015624,2.532787799835205,-2.3728628158569336,9.17196273803711
1700823080008818000,218.32081787109374,2.543436050415039,-2.387012004852295,9.165342330932617
1700823080018795000,218.330794921875,2.551739454269409,-2.4010589122772217,9.159363746643066
1700823080028664000,218.3406640625,2.5546786785125732,-2.414044141769409,9.155130386352539
1700823080038806000,218.3508059082031,2.553601026535034,-2.4272472858428955,9.151939392089844
1700823080048900000,218.36090014648437,2.5516810417175293,-2.4379827976226807,9.149620056152344
1700823080058790000,218.37078979492188,2.51888108253479,-2.682202100753784,9.090182304382324
1700823080068738000,218.38073803710938,2.5618717670440674,-2.874857187271118,9.019002914428711
1700823080081064000,218.39306396484375,2.610724449157715,-2.9787662029266357,8.971146583557129
1700823080098862000,218.41086206054686,2.551476001739502,-3.047633647918701,8.965059280395508
1700823080108706000,218.4207060546875,2.537862539291382,-3.0566160678863525,8.965866088867188
1700823080119088000,218.43108813476562,2.50439190864563,-3.056814193725586,8.975204467773438
1700823080128810000,218.44081005859374,2.4259049892425537,-3.0517513751983643,8.998455047607422
1700823080139044000,218.4510441894531,2.341221570968628,-3.038940191268921,9.025181770324707
1700823080148990000,218.46098999023437,2.2584588527679443,-3.01770281791687,9.053356170654297
1700823080158790000,218.47078979492187,2.189464807510376,-2.9875199794769287,9.080273628234863
1700823080168857000,218.48085717773438,2.138348340988159,-2.9529924392700195,9.103719711303711
1700823080179171000,218.49117114257814,2.0994303226470947,-2.915722608566284,9.124765396118164
1700823080188983000,218.50098315429688,2.0621442794799805,-2.8754971027374268,9.14600944519043
1700823080198800000,218.5107998046875,2.024630069732666,-2.8366308212280273,9.16650390625
1700823080208781000,218.52078100585936,1.9832090139389038,-2.799260377883911,9.187024116516113
1700823080218813000,218.53081298828124,1.949497103691101,-2.780980110168457,9.199782371520996
1700823080228788000,218.5407880859375,1.9303721189498901,-2.773747205734253,9.2059965133667
1700823080238885000,218.55088500976564,1.923352837562561,-2.771629571914673,9.208104133605957
1700823080250196000,218.56219604492188,1.9192070960998535,-2.7662694454193115,9.210580825805664
1700823080258699000,218.57069897460937,1.9154205322265625,-2.7564003467559814,9.214326858520508
1700823080268899000,218.58089916992188,1.9129682779312134,-2.7468531131744385,9.21768569946289
1700823080278974000,218.59097387695311,1.9231795072555542,-2.7433290481567383,9.216611862182617
1700823080289037000,218.601037109375,1.9389922618865967,-2.742372989654541,9.213581085205078
1700823080298929000,218.61092895507812,1.9481083154678345,-2.7386016845703125,9.21278190612793
1700823080308722000,218.6207219238281,1.9461301565170288,-2.721597194671631,9.21823787689209
1700823080318903000,218.63090307617188,1.9417948722839355,-2.7069013118743896,9.22347640991211
1700823080328781000,218.64078100585937,1.6546132564544678,-2.2341020107269287,9.40433120727539
1700823080338910000,218.65090991210937,1.5232359170913696,-2.013906478881836,9.475987434387207
1700823080348815000,218.66081518554688,1.4961755275726318,-1.942214846611023,9.495244979858398
1700823080358812000,218.67081201171874,1.5074537992477417,-1.9302873611450195,9.495892524719238
1700823080368837000,218.68083715820313,1.5255799293518066,-1.9311224222183228,9.492827415466309
1700823080378778000,218.69077807617188,1.5480217933654785,-1.936024785041809,9.48819351196289
1700823080388831000,218.7008310546875,1.573485016822815,-1.9424834251403809,9.482683181762695
1700823080398665000,218.7106650390625,1.5973024368286133,-1.9500024318695068,9.477157592773438
1700823080408927000,218.72092700195313,1.6000010967254639,-1.949817180633545,9.476740837097168
1700823080419025000,218.73102490234376,1.5958226919174194,-1.949364185333252,9.477537155151367
1700823080428905000,218.74090502929687,1.5770424604415894,-1.9496643543243408,9.480619430541992
1700823080439019000,218.75101904296875,1.5545743703842163,-1.9502812623977661,9.48420238494873
1700823080448814000,218.76081396484375,1.52897310256958,-1.9504847526550293,9.488320350646973
1700823080459022000,218.77102197265626,1.503246545791626,-1.950575351715088,9.492413520812988
1700823080469456000,218.78145581054687,1.478437066078186,-1.951131820678711,9.496193885803223
1700823080478894000,218.79089404296874,1.4506031274795532,-1.9528896808624268,9.500123977661133
1700823080489091000,218.80109106445312,1.4280307292938232,-1.9560025930404663,9.50290298461914
1700823080498942000,218.81094189453125,1.4122776985168457,-1.9592407941818237,9.504590034484863
1700823080508899000,218.8208991699219,1.4994597434997559,-1.980945348739624,9.48672103881836
1700823080518685000,218.83068481445312,1.513471245765686,-1.9945634603500366,9.48164176940918
1700823080528744000,218.84074389648438,1.5172851085662842,-1.9922926425933838,9.4815092086792
1700823080538715000,218.85071484375,1.5166335105895996,-1.9903771877288818,9.482014656066895
1700823080548817000,218.86081689453124,1.51078462600708,-1.988930106163025,9.483251571655273
1700823080558778000,218.8707780761719,1.5019441843032837,-1.9878876209259033,9.484875679016113
1700823080568918000,218.88091796875,1.4734746217727661,-2.138113021850586,9.456624031066895
1700823080578790000,218.8907897949219,1.4756624698638916,-2.1819634437561035,9.44626235961914
1700823080588801000,218.90080102539062,1.4916561841964722,-2.2156782150268555,9.435895919799805
1700823080598822000,218.91082177734376,1.5162420272827148,-2.2432093620300293,9.42546558380127
1700823080608767000,218.92076708984376,1.5328835248947144,-2.2570884227752686,9.419459342956543
1700823080618852000,218.93085205078125,1.537692666053772,-2.2585558891296387,9.41832447052002
1700823080628812000,218.94081201171875,1.5263017416000366,-2.2561466693878174,9.420753479003906
1700823080638991000,218.9509912109375,1.5071388483047485,-2.2513506412506104,9.424985885620117
1700823080649379000,218.96137915039063,1.4935369491577148,-2.24776291847229,9.428007125854492
1700823080658861000,218.97086108398437,1.4850844144821167,-2.248398780822754,9.429189682006836
1700823080668899000,218.98089916992188,1.4735761880874634,-2.2485408782958984,9.430960655212402
1700823080678899000,218.99089892578124,1.4586946964263916,-2.2457659244537354,9.43393611907959
1700823080688906000,219.00090600585938,1.4392257928848267,-2.240147352218628,9.438261032104492
1700823080699016000,219.01101586914064,1.4111827611923218,-2.2312874794006348,9.444591522216797
1700823080708985000,219.02098510742186,1.3839976787567139,-2.228200674057007,9.449342727661133
1700823080719003000,219.0310029296875,1.2406401634216309,-2.069293975830078,9.505221366882324
1700823080728913000,219.04091284179688,1.1410280466079712,-1.9421336650848389,9.544452667236328
1700823080738822000,219.05082177734374,1.1103440523147583,-1.9378318786621094,9.548945426940918
1700823080748837000,219.06083715820313,1.0973278284072876,-1.9303972721099854,9.55195426940918
1700823080758647000,219.07064697265625,1.0947514772415161,-1.9202420711517334,9.554296493530273
1700823080768734000,219.08073388671875,1.0979323387145996,-1.9095044136047363,9.556084632873535
1700823080778749000,219.0907490234375,1.1009249687194824,-1.8998841047286987,9.557656288146973
1700823080788761000,219.1007609863281,1.0991262197494507,-1.8912928104400635,9.559566497802734
1700823080798704000,219.1107041015625,1.0904436111450195,-1.8838798999786377,9.562024116516113
1700823080808841000,219.12084106445312,1.0780497789382935,-1.8778561353683472,9.564615249633789
1700823080818988000,219.13098803710938,1.0653162002563477,-1.8718249797821045,9.56722354888916
1700823080828900000,219.14090014648437,1.0546681880950928,-1.8667349815368652,9.569398880004883
1700823080838867000,219.15086694335938,0.9234370589256287,-1.7441229820251465,9.606025695800781
1700823080849067000,219.16106689453125,0.8955961465835571,-1.7030744552612305,9.616020202636719
1700823080858864000,219.1708640136719,0.888265073299408,-1.6726036071777344,9.622045516967773
1700823080868790000,219.1807900390625,0.8889857530593872,-1.6480212211608887,9.626219749450684
1700823080878849000,219.19084912109375,0.8925336599349976,-1.6156615018844604,9.631376266479492
1700823080888772000,219.20077221679688,0.9026270508766174,-1.5868951082229614,9.635217666625977
1700823080898824000,219.21082397460938,0.9094668030738831,-1.5701900720596313,9.637311935424805
1700823080908812000,219.22081201171875,0.9119305610656738,-1.5546356439590454,9.639599800109863
1700823080918850000,219.23085009765626,0.9106918573379517,-1.537140965461731,9.642521858215332
1700823080928809000,219.24080908203126,0.9034234285354614,-1.520407795906067,9.645858764648438
1700823080938800000,219.25080004882813,0.8903494477272034,-1.5087589025497437,9.648903846740723
1700823080948824000,219.26082397460937,0.8749942183494568,-1.4990917444229126,9.651813507080078
1700823080958838000,219.27083813476563,0.8602920174598694,-1.490539312362671,9.654459953308105
1700823080968813000,219.28081298828124,0.9124033451080322,-1.468894124031067,9.65299129486084
1700823080978833000,219.2908330078125,0.9321892261505127,-1.452577829360962,9.653572082519531
1700823080988982000,219.30098193359376,0.9252018928527832,-1.4413284063339233,9.655928611755371
1700823080998710000,219.3107099609375,0.9093237519264221,-1.4343159198760986,9.65848159790039
1700823081008814000,219.32081396484375,0.8756741285324097,-1.440582275390625,9.660658836364746
1700823081018851000,219.33085107421874,0.7801857590675354,-1.4841580390930176,9.66224479675293
1700823081028818000,219.34081787109375,0.7318009734153748,-1.4842214584350586,9.666021347045898
1700823081038824000,219.35082397460937,0.669597864151001,-1.493087887763977,9.66916275024414
1700823081048974000,219.36097412109376,0.624731719493866,-1.5003794431686401,9.671036720275879
1700823081058841000,219.37084106445312,0.6166764497756958,-1.5103236436843872,9.67000675201416
1700823081068831000,219.3808310546875,0.6146294474601746,-1.5201090574264526,9.668604850769043
1700823081078813000,219.39081298828125,0.6010025143623352,-1.538124680519104,9.666611671447754
1700823081088863000,219.4008630371094,0.5899924635887146,-1.5583529472351074,9.66404914855957
1700823081099002000,219.41100219726562,0.5992562174797058,-1.5665251016616821,9.662156105041504
1700823081108893000,219.4208928222656,0.6118985414505005,-1.5681623220443726,9.66109848022461
1700823081119110000,219.43110986328125,0.622052013874054,-1.566834568977356,9.660667419433594
1700823081128884000,219.44088403320313,0.6321859955787659,-1.5623537302017212,9.660734176635742
1700823081138747000,219.45074682617187,0.6415563225746155,-1.5571043491363525,9.660964965820312
1700823081149050000,219.46105004882813,0.6519340872764587,-1.5479086637496948,9.661747932434082
1700823081158738000,219.47073803710938,0.6645381450653076,-1.5351415872573853,9.662925720214844
1700823081168653000,219.48065307617188,0.6763606667518616,-1.5212773084640503,9.664298057556152
1700823081178791000,219.490791015625,0.6840320825576782,-1.508784294128418,9.665717124938965
1700823081188792000,219.5007919921875,0.6876605153083801,-1.4922139644622803,9.66802978515625
1700823081198931000,219.51093090820314,0.6894808411598206,-1.4744030237197876,9.670634269714355
1700823081208932000,219.52093212890625,0.6845967173576355,-1.4600567817687988,9.67315673828125
1700823081218817000,219.53081713867186,0.6708277463912964,-1.45009183883667,9.675620079040527
1700823081229013000,219.5410129394531,0.6631868481636047,-1.444153070449829,9.677035331726074
1700823081238709000,219.550708984375,0.6570397615432739,-1.4396125078201294,9.678131103515625
1700823081249111000,219.56111108398437,0.6487866044044495,-1.4321420192718506,9.679795265197754
1700823081259017000,219.57101684570313,0.6400223970413208,-1.4172555208206177,9.682568550109863
1700823081269021000,219.58102099609374,0.6338973641395569,-1.393702507019043,9.68639087677002
1700823081278706000,219.59070581054686,0.6405366063117981,-1.3679630756378174,9.68962287902832
1700823081288903000,219.60090283203124,0.6802541613578796,-1.3441606760025024,9.690247535705566
1700823081299086000,219.61108618164062,0.7378241419792175,-1.334326148033142,9.687392234802246
1700823081309456000,219.62145581054688,0.792904257774353,-1.338243007659912,9.682500839233398
1700823081318915000,219.6309150390625,0.8406249284744263,-1.3435689210891724,9.677736282348633
1700823081328744000,219.64074389648437,0.8926931023597717,-1.3477160930633545,9.672493934631348
1700823081338710000,219.6507099609375,0.9202382564544678,-1.3422887325286865,9.670669555664062
1700823081348921000,219.66092114257813,0.9490664601325989,-1.3343650102615356,9.668978691101074
1700823081358903000,219.67090307617187,0.9758825302124023,-1.3222790956497192,9.667967796325684
1700823081368770000,219.68077001953125,0.9843845367431641,-1.312479019165039,9.668441772460938
1700823081378776000,219.69077612304687,0.9859506487846375,-1.299217939376831,9.670074462890625
1700823081388807000,219.70080688476563,0.99089115858078,-1.2972843647003174,9.669828414916992
1700823081398756000,219.71075610351562,1.0050477981567383,-1.2985881567001343,9.668191909790039
1700823081408762000,219.72076220703124,1.021500587463379,-1.3000719547271729,9.666269302368164
1700823081418813000,219.73081298828126,1.0414248704910278,-1.3024510145187378,9.66382122039795
1700823081428983000,219.74098315429688,1.054503321647644,-1.3041417598724365,9.662176132202148
1700823081438955000,219.750955078125,1.0529345273971558,-1.3024489879608154,9.662575721740723
1700823081448859000,219.76085888671875,1.0462340116500854,-1.302722454071045,9.6632661819458
1700823081458835000,219.7708349609375,1.036795973777771,-1.3056185245513916,9.663890838623047
1700823081468827000,219.78082690429687,1.0302764177322388,-1.313330054283142,9.663542747497559
1700823081478836000,219.7908359375,1.0310052633285522,-1.3251433372497559,9.661853790283203
1700823081488916000,219.800916015625,1.0417335033416748,-1.337302565574646,9.659029006958008
1700823081498839000,219.81083911132814,1.058751106262207,-1.3441201448440552,9.656230926513672
1700823081508830000,219.82082983398436,1.0830177068710327,-1.344663381576538,9.653462409973145
1700823081518862000,219.83086206054688,1.1130105257034302,-1.3423010110855103,9.650379180908203
1700823081528830000,219.84082983398437,1.1436004638671875,-1.3419567346572876,9.646849632263184
1700823081538857000,219.85085693359375,1.1715412139892578,-1.346030592918396,9.642930030822754
1700823081548832000,219.86083203125,1.1964647769927979,-1.356568694114685,9.63839054107666
1700823081558866000,219.87086596679688,1.2201647758483887,-1.3704913854599,9.633450508117676
1700823081568841000,219.88084106445314,1.2343188524246216,-1.4218190908432007,9.6242036819458
1700823081578806000,219.89080590820313,1.2458984851837158,-1.4539999961853027,9.617900848388672
1700823081588789000,219.9007890625,1.2573686838150024,-1.4688842296600342,9.614145278930664
1700823081598858000,219.91085791015624,1.2721284627914429,-1.472475528717041,9.611655235290527
1700823081608909000,219.92090893554686,1.2757456302642822,-1.4723390340805054,9.611196517944336
1700823081618825000,219.93082495117187,1.274115800857544,-1.4779545068740845,9.610549926757812
1700823081628813000,219.94081298828124,1.2659497261047363,-1.487583041191101,9.610143661499023
1700823081638814000,219.95081396484375,1.2597445249557495,-1.5006673336029053,9.608924865722656
1700823081648953000,219.960953125,1.2613815069198608,-1.5162153244018555,9.606269836425781
1700823081658815000,219.97081494140625,1.274768590927124,-1.5321619510650635,9.601971626281738
1700823081668781000,219.98078100585937,1.3028169870376587,-1.5405539274215698,9.59686279296875
1700823081678821000,219.9908210449219,1.3525298833847046,-1.5259745121002197,9.59231185913086
1700823081688763000,220.00076293945312,1.3942245244979858,-1.5070754289627075,9.589329719543457
1700823081698824000,220.01082397460937,1.4161686897277832,-1.4944032430648804,9.588098526000977
1700823081708866000,220.02086596679686,1.4183861017227173,-1.4872487783432007,9.588883399963379
1700823081718682000,220.03068212890625,1.40863835811615,-1.481526255607605,9.591204643249512
1700823081728889000,220.04088916015624,1.3919360637664795,-1.4762228727340698,9.594461441040039
1700823081738863000,220.05086303710937,1.366046667098999,-1.4716531038284302,9.598884582519531
1700823081748872000,220.06087182617188,1.328262448310852,-1.4671608209609985,9.60487174987793
1700823081758866000,220.07086596679687,1.2784240245819092,-1.4625985622406006,9.612326622009277
1700823081768865000,220.08086499023437,1.22243070602417,-1.459961175918579,9.620010375976562
1700823081778749000,220.0907490234375,1.165346384048462,-1.459744930267334,9.62712287902832
1700823081788634000,220.10063403320314,1.1224523782730103,-1.4621624946594238,9.631852149963379
1700823081798831000,220.1108310546875,1.0979914665222168,-1.4647566080093384,9.634276390075684
1700823081808838000,220.120837890625,1.0826531648635864,-1.4645888805389404,9.636037826538086
1700823081818887000,220.13088696289063,1.0606311559677124,-1.4579039812088013,9.639500617980957
1700823081828736000,220.14073608398436,1.0339117050170898,-1.443974256515503,9.644498825073242
1700823081838880000,220.1508798828125,1.012913703918457,-1.4222592115402222,9.649951934814453
1700823081848983000,220.16098315429687,0.9957532286643982,-1.3908370733261108,9.656315803527832
1700823081858878000,220.1708779296875,0.9823079109191895,-1.3520339727401733,9.663202285766602
1700823081868752000,220.180751953125,0.966078519821167,-1.3073010444641113,9.670990943908691
1700823081878716000,220.1907158203125,0.9485748410224915,-1.258877158164978,9.679144859313965
1700823081888980000,220.20097998046876,0.9420263171195984,-1.2118802070617676,9.68578052520752
1700823081898752000,220.210751953125,0.9445964694023132,-1.1683765649795532,9.690874099731445
1700823081908882000,220.2208818359375,0.9549904465675354,-1.1319345235824585,9.694178581237793
1700823081918898000,220.23089794921876,0.9701720476150513,-1.1052101850509644,9.695756912231445
1700823081929012000,220.24101196289064,0.9890913963317871,-1.0884771347045898,9.695735931396484
1700823081938732000,220.25073193359376,1.0110312700271606,-1.0801634788513184,9.694404602050781
1700823081948901000,220.26090112304686,1.0354400873184204,-1.0799907445907593,9.691844940185547
1700823081958857000,220.27085693359376,1.058888554573059,-1.0842247009277344,9.68883991241455
1700823081968840000,220.28083984375,1.0835212469100952,-1.0876271724700928,9.685733795166016
1700823081978716000,220.2907158203125,1.1156237125396729,-1.0976964235305786,9.680952072143555
1700823081988812000,220.30081201171876,1.1480516195297241,-1.1058955192565918,9.676228523254395
1700823081998819000,220.31081909179687,1.1828967332839966,-1.11042320728302,9.671509742736816
1700823082008779000,220.32077905273437,1.217641830444336,-1.1106202602386475,9.66717529296875
1700823082018780000,220.33077978515624,1.2435801029205322,-1.1243854761123657,9.662281036376953
1700823082028619000,220.3406188964844,1.2674793004989624,-1.131027340888977,9.658398628234863
1700823082038834000,220.350833984375,1.299400806427002,-1.1366002559661865,9.6535005569458
1700823082048890000,220.36089013671875,1.3407567739486694,-1.1371253728866577,9.647783279418945
1700823082058862000,220.37086206054687,1.3788756132125854,-1.1333651542663574,9.642849922180176
1700823082068652000,220.38065209960936,1.398245930671692,-1.1244570016860962,9.641105651855469
1700823082078646000,220.39064599609375,1.4049464464187622,-1.1165040731430054,9.641054153442383
1700823082088797000,220.400796875,1.4163298606872559,-1.1134074926376343,9.63974666595459
1700823082098774000,220.41077392578126,1.4369051456451416,-1.1136335134506226,9.636675834655762
1700823082108869000,220.420869140625,1.4630403518676758,-1.1181243658065796,9.632222175598145
1700823082118871000,220.43087109375,1.4950557947158813,-1.1276625394821167,9.626193046569824
1700823082129236000,220.44123608398436,1.52718186378479,-1.1386629343032837,9.619852066040039
1700823082139013000,220.45101318359374,1.5543489456176758,-1.1496508121490479,9.614192962646484
1700823082148988000,220.46098779296875,1.562976598739624,-1.1614049673080444,9.611380577087402
1700823082158765000,220.47076513671874,1.568166732788086,-1.177323579788208,9.608597755432129
1700823082168813000,220.48081298828126,1.577822208404541,-1.2112623453140259,9.60279655456543
1700823082179007000,220.49100708007813,1.603971004486084,-1.3036729097366333,9.586350440979004
1700823082188818000,220.50081787109374,1.6033638715744019,-1.3173314332962036,9.58458423614502
1700823082198695000,220.51069482421875,1.5998038053512573,-1.3333909511566162,9.582958221435547
1700823082208870000,220.52086987304688,1.5950467586517334,-1.3538424968719482,9.580883026123047
1700823082218904000,220.53090405273437,1.5904396772384644,-1.3755483627319336,9.578557014465332
1700823082228989000,220.54098901367186,1.587538242340088,-1.3865183591842651,9.577458381652832
1700823082238898000,220.55089794921875,1.5894834995269775,-1.391430139541626,9.576421737670898
1700823082248905000,220.56090502929686,1.5898339748382568,-1.396907925605774,9.575566291809082
1700823082258891000,220.57089111328125,1.580566644668579,-1.3995596170425415,9.576713562011719
1700823082268998000,220.58099780273437,1.5637328624725342,-1.398452877998352,9.579638481140137
1700823082278901000,220.59090087890624,1.5424762964248657,-1.3971353769302368,9.58327579498291
1700823082288888000,220.60088818359375,1.5295944213867188,-1.392327070236206,9.586039543151855
1700823082298915000,220.6109150390625,1.5190074443817139,-1.3874214887619019,9.588435173034668
1700823082308868000,220.6208681640625,1.5172145366668701,-1.264705777168274,9.605673789978027
1700823082318911000,220.63091088867188,1.4809284210205078,-1.2732090950012207,9.610212326049805
1700823082329582000,220.64158203125,1.4316120147705078,-1.282839059829712,9.616402626037598
1700823082338805000,220.65080493164064,1.3931397199630737,-1.2867717742919922,9.621527671813965
1700823082348842000,220.66084204101563,1.367687702178955,-1.2876099348068237,9.625064849853516
1700823082359542000,220.6715419921875,1.3426787853240967,-1.2861367464065552,9.628782272338867
1700823082368915000,220.6809150390625,1.3156523704528809,-1.280935287475586,9.633206367492676
1700823082378675000,220.69067504882813,1.2881784439086914,-1.2716972827911377,9.638142585754395
1700823082388646000,220.70064599609375,1.2564997673034668,-1.2628501653671265,9.643486022949219
1700823082398689000,220.71068896484374,1.2713171243667603,-1.2000529766082764,9.64955997467041
1700823082408765000,220.72076489257813,1.262284517288208,-1.1629960536956787,9.655282020568848
1700823082418904000,220.7309040527344,1.2055206298828125,-1.1770976781845093,9.660826683044434
1700823082428835000,220.7408349609375,1.1546642780303955,-1.1938027143478394,9.66498851776123
1700823082438808000,220.75080810546876,1.1165127754211426,-1.2056658267974854,9.667997360229492
1700823082448778000,220.76077807617187,1.0912766456604004,-1.2101789712905884,9.670313835144043
1700823082458815000,220.77081494140626,1.0716145038604736,-1.2104606628417969,9.672477722167969
1700823082468831000,220.7808310546875,1.0451297760009766,-1.212770700454712,9.675085067749023
1700823082478779000,220.79077880859376,1.0071423053741455,-1.2213116884231567,9.678040504455566
1700823082488790000,220.8007900390625,0.9684718251228333,-1.2300488948822021,9.680879592895508
1700823082498842000,220.81084204101563,0.9447522163391113,-1.231540560722351,9.68303394317627
1700823082508812000,220.82081201171874,0.9365093111991882,-1.2245997190475464,9.684715270996094
1700823082518821000,220.83082104492186,0.9366495609283447,-1.2117706537246704,9.686314582824707
1700823082528897000,220.84089697265625,0.9364193081855774,-1.196267008781433,9.688263893127441
1700823082538797000,220.85079711914062,0.9293825030326843,-1.1819047927856445,9.690705299377441
1700823082548805000,220.86080517578125,0.9152987599372864,-1.1698583364486694,9.693506240844727
1700823082558822000,220.87082177734376,0.9029568433761597,-1.1601470708847046,9.695831298828125
1700823082568811000,220.88081103515626,0.8947262167930603,-1.1544857025146484,9.697269439697266
1700823082578862000,220.89086206054688,0.9054741263389587,-1.149725317955017,9.696837425231934
1700823082589050000,220.90105004882813,0.915409505367279,-1.1497496366500854,9.695900917053223
1700823082598758000,220.9107578125,0.9279299974441528,-1.148155927658081,9.694900512695312
1700823082608942000,220.92094213867188,0.925550103187561,-1.1342101097106934,9.696767807006836
1700823082618659000,220.9306591796875,0.9527014493942261,-1.1131511926651,9.696578979492188
1700823082629734000,220.94173388671874,0.9388052821159363,-1.1163456439971924,9.6975679397583
1700823082638649000,220.9506491699219,0.8996978402137756,-1.1201797723770142,9.700833320617676
1700823082648741000,220.9607412109375,0.8764005899429321,-1.1333554983139038,9.701434135437012
1700823082658793000,220.97079296875,0.8627926111221313,-1.1449799537658691,9.701289176940918
1700823082668707000,220.98070703125,0.8610332012176514,-1.1407716274261475,9.70194149017334
1700823082678765000,220.99076513671875,0.8604273200035095,-1.140215516090393,9.702059745788574
1700823082688811000,221.00081103515626,0.8610013127326965,-1.1429346799850464,9.701688766479492
1700823082698900000,221.01089990234374,0.8611164689064026,-1.145664930343628,9.701356887817383
1700823082708687000,221.02068701171876,0.8566142320632935,-1.1484522819519043,9.701425552368164
1700823082718841000,221.0308410644531,0.8463953137397766,-1.1513614654541016,9.70197868347168
1700823082728861000,221.04086083984376,0.8311705589294434,-1.1548078060150146,9.70288372039795
1700823082738812000,221.05081201171876,0.8117629885673523,-1.1617913246154785,9.703694343566895
1700823082749122000,221.0611220703125,0.7947568893432617,-1.1690762042999268,9.70422649383545
1700823082758826000,221.07082592773438,0.7874264121055603,-1.1716396808624268,9.704516410827637
1700823082768808000,221.0808078613281,0.7859840989112854,-1.168765902519226,9.704977035522461
1700823082778802000,221.09080200195314,0.7824439406394958,-1.1659455299377441,9.705605506896973
1700823082788791000,221.100791015625,0.7914771437644958,-1.159152865409851,9.705684661865234
1700823082798807000,221.11080712890626,0.828437328338623,-1.1518980264663696,9.70346450805664
1700823082808823000,221.12082299804686,0.8796911239624023,-1.1429709196090698,9.700010299682617
1700823082818869000,221.13086889648437,0.8874284625053406,-1.135694146156311,9.70015811920166
1700823082828672000,221.14067211914062,0.8862699270248413,-1.1292533874511719,9.70101547241211
1700823082838861000,221.15086108398438,0.8993918895721436,-1.122345209121704,9.700610160827637
1700823082848716000,221.1607160644531,0.9178417325019836,-1.1152794361114502,9.699697494506836
1700823082858853000,221.17085302734375,0.937161922454834,-1.111027717590332,9.698335647583008
1700823082869063000,221.18106298828124,0.9512319564819336,-1.111484169960022,9.696916580200195
1700823082878873000,221.190873046875,0.9602192640304565,-1.1134873628616333,9.695798873901367
1700823082889097000,221.20109692382812,0.9635890126228333,-1.1151999235153198,9.695266723632812
1700823082898771000,221.21077099609374,0.9633508324623108,-1.1167653799057007,9.695111274719238
1700823082908901000,221.22090112304687,0.9403247833251953,-1.1643272638320923,9.691776275634766
1700823082919013000,221.23101318359375,0.9219067692756653,-1.1650179624557495,9.693464279174805
1700823082929003000,221.2410029296875,0.9074071049690247,-1.1656944751739502,9.694748878479004
1700823082939127000,221.251126953125,0.9086474776268005,-1.165236234664917,9.694686889648438
1700823082949389000,221.26138916015626,0.9186220765113831,-1.159072756767273,9.694487571716309
1700823082959997000,221.2719968261719,0.9300807118415833,-1.1527400016784668,9.694149017333984
1700823082969016000,221.28101611328125,0.9291571974754333,-1.1499565839767456,9.69456958770752
1700823082979074000,221.29107397460936,0.9098524451255798,-1.1508756875991821,9.696290969848633
1700823082988985000,221.30098510742187,0.8939613699913025,-1.1529018878936768,9.697527885437012
1700823082998989000,221.31098901367187,0.8807091116905212,-1.155421257019043,9.698441505432129
1700823083009137000,221.32113696289062,0.8717407584190369,-1.1572829484939575,9.699028968811035
1700823083018823000,221.33082299804687,0.8668301701545715,-1.1566689014434814,9.699542045593262
1700823083029308000,221.34130786132812,0.8650155663490295,-1.1549696922302246,9.699907302856445
1700823083038644000,221.35064404296875,0.8640239238739014,-1.1514478921890259,9.700413703918457
1700823083048723000,221.3607229003906,0.8704837560653687,-1.1480913162231445,9.70023250579834
1700823083058804000,221.37080395507812,0.9968100190162659,-1.0079214572906494,9.703651428222656
1700823083068841000,221.38084106445314,1.0147182941436768,-1.0051195621490479,9.702086448669434
1700823083078921000,221.3909208984375,1.029407024383545,-1.0048056840896606,9.70057201385498
1700823083088665000,221.4006650390625,1.0241057872772217,-0.9940236210823059,9.702241897583008
1700823083098729000,221.41072900390625,1.0165698528289795,-1.0017966032028198,9.70223617553711
1700823083108831000,221.4208310546875,1.010555624961853,-1.021619200706482,9.700798034667969
1700823083118710000,221.4307099609375,1.0011475086212158,-1.0540379285812378,9.698304176330566
1700823083128860000,221.44085986328125,0.9436922073364258,-1.1771633625030518,9.689897537231445
1700823083139051000,221.45105102539063,0.9274182319641113,-1.188488483428955,9.69008731842041
1700823083149012000,221.46101196289064,0.9126529097557068,-1.1972428560256958,9.690412521362305
1700823083159016000,221.47101586914061,0.9028823375701904,-1.2047852277755737,9.690391540527344
1700823083168759000,221.48075903320313,0.930966854095459,-1.2548387050628662,9.681379318237305
1700823083178791000,221.490791015625,0.9371496438980103,-1.262020230293274,9.679848670959473
1700823083188852000,221.50085205078125,0.9400889277458191,-1.2744725942611694,9.677932739257812
1700823083198736000,221.51073583984376,0.9341995716094971,-1.3158774375915527,9.672959327697754
1700823083208808000,221.52080786132814,0.932074248790741,-1.372236728668213,9.665329933166504
1700823083218827000,221.53082690429687,0.9407570362091064,-1.4275609254837036,9.656471252441406
1700823083228826000,221.540826171875,0.9575713872909546,-1.4442335367202759,9.652338981628418
1700823083238827000,221.55082690429688,0.986734926700592,-1.4780323505401611,9.644283294677734
1700823083248915000,221.5609150390625,1.0116957426071167,-1.505332112312317,9.637470245361328
1700823083258825000,221.5708249511719,1.0356065034866333,-1.5382000207901,9.629738807678223
1700823083268904000,221.58090405273438,1.060738444328308,-1.578932762145996,9.620405197143555
1700823083279177000,221.59117700195313,1.0893449783325195,-1.6292083263397217,9.608819961547852
1700823083288846000,221.60084619140625,1.122470736503601,-1.6908351182937622,9.59434986114502
1700823083299037000,221.61103686523438,1.1581124067306519,-1.7606550455093384,9.577539443969727
1700823083308751000,221.6207512207031,1.1955089569091797,-1.851060152053833,9.555874824523926
1700823083319025000,221.63102490234374,1.2267507314682007,-1.948992371559143,9.532414436340332
1700823083328795000,221.640794921875,1.2537271976470947,-2.0513477325439453,9.507393836975098
1700823083339061000,221.65106103515626,1.2861500978469849,-2.161302089691162,9.478659629821777
1700823083348853000,221.66085302734376,1.3266559839248657,-2.27764892578125,9.44577693939209
1700823083358820000,221.67082006835938,1.3630945682525635,-2.3992669582366943,9.410414695739746
1700823083368890000,221.68089013671874,1.3782261610031128,-2.5045719146728516,9.38072395324707
1700823083378856000,221.69085595703126,1.3821929693222046,-2.622971773147583,9.347725868225098
1700823083389021000,221.70102099609375,1.3794199228286743,-2.7458336353302,9.312786102294922
1700823083398854000,221.71085400390626,1.3819246292114258,-2.867047071456909,9.275813102722168
1700823083408733000,221.72073291015624,1.4067245721817017,-2.9793858528137207,9.236600875854492
1700823083421895000,221.73389501953125,1.4610979557037354,-3.078875780105591,9.19543743133545
1700823083438702000,221.7507021484375,1.5928804874420166,-3.252652883529663,9.113362312316895
1700823083448822000,221.7608220214844,1.6172752380371094,-3.3505897521972656,9.07349681854248
1700823083460328000,221.77232788085936,1.618906021118164,-3.447596311569214,9.036792755126953
1700823083468755000,221.7807548828125,1.6292195320129395,-3.5371177196502686,9.000269889831543
1700823083478899000,221.79089892578125,1.6650019884109497,-3.623389959335327,8.959308624267578
1700823083488755000,221.8007548828125,1.7179890871047974,-3.7172958850860596,8.910701751708984
1700823083498942000,221.81094189453125,1.7627936601638794,-3.815528631210327,8.860288619995117
1700823083508873000,221.820873046875,1.7830636501312256,-3.912959575653076,8.813616752624512
1700823083518874000,221.8308740234375,1.7833750247955322,-4.001839637756348,8.773552894592285
1700823083529542000,221.8415419921875,1.7747888565063477,-4.086762428283691,8.736067771911621
1700823083538784000,221.85078393554687,1.7468609809875488,-4.1709771156311035,8.701828002929688
1700823083548765000,221.86076489257812,1.7159030437469482,-4.251509666442871,8.668953895568848
1700823083558727000,221.87072680664062,1.6978306770324707,-4.3386759757995605,8.629231452941895
1700823083568790000,221.8807900390625,1.7100591659545898,-4.429431438446045,8.580573081970215
1700823083578778000,221.89077807617187,1.7537647485733032,-4.521717071533203,8.523426055908203
1700823083588867000,221.9008671875,1.81715989112854,-4.622028827667236,8.456073760986328
1700823083598852000,221.91085205078124,1.8844181299209595,-4.7186360359191895,8.387720108032227
1700823083609164000,221.9211640625,1.9349303245544434,-4.80548620223999,8.326687812805176
1700823083618786000,221.9307861328125,1.943930983543396,-4.9007439613342285,8.268871307373047
1700823083628935000,221.94093481445313,1.9013729095458984,-4.98441219329834,8.228658676147461
1700823083638854000,221.95085400390624,1.831231713294983,-5.066587448120117,8.194308280944824
1700823083648804000,221.96080419921876,1.7771669626235962,-5.138299942016602,8.161489486694336
1700823083658867000,221.97086694335937,1.7530314922332764,-5.203726291656494,8.125177383422852
1700823083668959000,221.980958984375,1.7464818954467773,-5.271870136260986,8.082548141479492
1700823083678875000,221.990875,1.7399070262908936,-5.3427839279174805,8.037275314331055
1700823083688984000,222.00098413085936,1.7284467220306396,-5.42244291305542,7.986236095428467
1700823083699002000,222.0110021972656,1.722438931465149,-5.500863075256348,7.9337334632873535
1700823083708900000,222.02090014648437,1.7197587490081787,-5.57474946975708,7.882573127746582
1700823083719030000,222.0310300292969,1.7105945348739624,-5.642707824707031,7.836077690124512
1700823083729018000,222.04101806640625,1.695170521736145,-5.703128337860107,7.7955827713012695
1700823083738898000,222.05089794921875,1.6764848232269287,-5.763346195220947,7.7552337646484375
1700823083748907000,222.06090698242187,1.660618782043457,-5.820560932159424,7.715816974639893
1700823083758876000,222.0708759765625,1.6407012939453125,-5.881178855895996,7.673996925354004
1700823083769068000,222.0810681152344,1.5221290588378906,-5.827143669128418,7.739372730255127
1700823083779026000,222.09102587890624,1.5004469156265259,-5.885570526123047,7.699293613433838
1700823083789272000,222.10127197265626,1.4858406782150269,-5.939091682434082,7.66093111038208
1700823083798809000,222.11080908203124,1.476693868637085,-5.985764980316162,7.626295566558838
1700823083808798000,222.1207978515625,1.4008485078811646,-6.011009216308594,7.62074613571167
1700823083818762000,222.13076196289063,1.3119691610336304,-6.059192657470703,7.598376750946045
1700823083828935000,222.14093481445312,1.2588257789611816,-6.1132941246032715,7.563952922821045
1700823083838783000,222.15078295898437,1.2035366296768188,-6.127139091491699,7.5617499351501465
1700823083848780000,222.1607800292969,1.1155579090118408,-6.132209777832031,7.571125030517578
1700823083858763000,222.1707629394531,1.029062032699585,-6.194141387939453,7.532862663269043
1700823083868804000,222.18080419921876,0.993731677532196,-6.254429340362549,7.487657070159912
1700823083878838000,222.1908381347656,0.9643961191177368,-6.334621429443359,7.423806667327881
1700823083888624000,222.2006240234375,0.9063827395439148,-6.416753768920898,7.360308647155762
1700823083898867000,222.21086694335938,0.812325119972229,-6.501537322998047,7.296612739562988
1700823083908947000,222.22094702148436,0.706821620464325,-6.585071086883545,7.232400417327881
1700823083918870000,222.2308701171875,0.6239327192306519,-6.656247138977051,7.174642562866211
1700823083928988000,222.24098779296875,0.571596622467041,-6.713272571563721,7.125702857971191
1700823083938995000,222.25099487304686,0.5470683574676514,-6.762138843536377,7.081284046173096
1700823083948903000,222.26090283203126,0.5362586379051208,-6.80767822265625,7.038346767425537
1700823083959328000,222.2713278808594,0.5257230401039124,-6.849637508392334,6.998318672180176
1700823083968779000,222.28077905273437,0.5154582858085632,-6.882354736328125,6.966912269592285
1700823083978738000,222.29073803710938,0.5087144374847412,-6.903544902801514,6.946416854858398
1700823083988733000,222.30073291015626,0.5032191872596741,-6.912312030792236,6.9380903244018555
1700823083998825000,222.31082495117187,0.4773400127887726,-6.913681983947754,6.938555717468262
1700823084009235000,222.32123486328126,0.4266490340232849,-6.910207271575928,6.945316791534424
1700823084018938000,222.3309382324219,0.36787399649620056,-6.906152725219727,6.952706336975098
1700823084028946000,222.34094580078124,0.32499274611473083,-6.904714584350586,6.956271171569824
1700823084038923000,222.35092309570314,0.31092318892478943,-6.907233238220215,6.954412460327148
1700823084048913000,222.36091284179687,0.3162732422351837,-6.913886547088623,6.947554588317871
1700823084058875000,222.370875,0.3273467421531677,-6.922778606414795,6.938183307647705
1700823084068898000,222.38089794921876,0.3409620225429535,-6.93203592300415,6.928277492523193
1700823084079022000,222.39102197265626,0.3492909371852875,-6.940855979919434,6.919025897979736
1700823084088907000,222.40090698242187,0.3369847238063812,-6.9409379959106445,6.919553756713867
1700823084099024000,222.41102392578125,0.31536465883255005,-6.937164306640625,6.924354553222656
1700823084108840000,222.42083984375,0.30039674043655396,-6.934896945953369,6.927292346954346
1700823084119025000,222.43102490234375,0.30402305722236633,-6.931612491607666,6.930418491363525
1700823084129016000,222.44101611328125,0.30937063694000244,-6.928576469421387,6.933217525482178
1700823084139077000,222.4510771484375,0.31895923614501953,-6.925271511077881,6.936084270477295
1700823084149211000,222.4612109375,0.34817689657211304,-6.925797939300537,6.934154033660889
1700823084158799000,222.47079907226563,0.38672205805778503,-6.937276363372803,6.92062520980835
1700823084168893000,222.48089282226562,0.41854339838027954,-6.949904441833496,6.9060893058776855
1700823084178870000,222.4908701171875,0.45046064257621765,-6.9595255851745605,6.894379615783691
1700823084189067000,222.50106689453125,0.4857200086116791,-6.966127872467041,6.885311603546143
1700823084198891000,222.51089111328125,0.5108301639556885,-6.966247081756592,6.883375644683838
1700823084208822000,222.52082202148438,0.5147652626037598,-6.949335098266602,6.900156497955322
1700823084218893000,222.53089306640624,0.4947556257247925,-6.937716007232666,6.913299083709717
1700823084228912000,222.540912109375,0.4858696758747101,-6.931840419769287,6.919821739196777
1700823084238910000,222.55090991210938,0.5025380849838257,-6.932431697845459,6.918038368225098
1700823084249031000,222.56103100585938,0.5538368225097656,-6.94361686706543,6.902885437011719
1700823084259334000,222.571333984375,0.6185638904571533,-6.953866004943848,6.887053966522217
1700823084269041000,222.581041015625,0.6626720428466797,-6.959203243255615,6.877554416656494
1700823084278916000,222.590916015625,0.6689990758895874,-6.962472438812256,6.873631477355957
1700823084289032000,222.6010319824219,0.6662198901176453,-6.958815574645996,6.8776044845581055
1700823084298990000,222.61098999023437,0.6680376529693604,-6.951521396636963,6.884801864624023
1700823084308799000,222.6207990722656,0.6888968348503113,-6.939006328582764,6.895360946655273
1700823084318759000,222.63075903320313,0.7300440073013306,-6.924414157867432,6.905786991119385
1700823084328883000,222.64088305664063,0.8056538701057434,-6.912513732910156,6.909303665161133
1700823084338818000,222.6508181152344,0.9068498611450195,-6.909876346588135,6.899393558502197
1700823084348820000,222.66082006835939,1.0004791021347046,-6.910590171813965,6.885721683502197
1700823084358737000,222.67073681640625,1.0685473680496216,-6.907535076141357,6.87855863571167
1700823084368821000,222.68082104492188,1.1154944896697998,-6.901089191436768,6.8775739669799805
1700823084378882000,222.69088208007813,1.167091965675354,-6.8978729248046875,6.872237205505371
1700823084388832000,222.70083203125,1.2359546422958374,-6.900208473205566,6.857838153839111
1700823084398904000,222.71090405273438,1.3305342197418213,-6.908904552459717,6.831332206726074
1700823084408756000,222.720755859375,1.4619760513305664,-6.927243232727051,6.785745620727539
1700823084418952000,222.7309519042969,1.6034239530563354,-6.952056407928467,6.728175163269043
1700823084428944000,222.74094384765624,1.7448346614837646,-6.976730823516846,6.667172431945801
1700823084438840000,222.75084008789062,1.882139801979065,-6.99373197555542,6.611781597137451
1700823084448958000,222.7609580078125,2.0180907249450684,-7.003712177276611,6.560922145843506
1700823084458718000,222.77071801757813,2.1623356342315674,-7.016168117523193,6.5013909339904785
1700823084475482000,222.78748217773438,2.319153308868408,-7.035789966583252,6.425697326660156
1700823084488751000,222.80075122070312,2.608919620513916,-7.078198432922363,6.266022205352783
1700823084498875000,222.810875,2.726238965988159,-7.102513313293457,6.188078880310059
1700823084508825000,222.8208251953125,2.8183155059814453,-7.119869709014893,6.126577377319336
1700823084518747000,222.83074682617186,2.8834228515625,-7.130244731903076,6.084066867828369
1700823084529044000,222.8410439453125,2.9558751583099365,-7.144423484802246,6.032447814941406
1700823084538758000,222.8507578125,3.0553739070892334,-7.166231632232666,5.956527233123779
1700823084549598000,222.86159790039062,3.184177875518799,-7.196403503417969,5.851767539978027
1700823084558782000,222.87078198242187,3.3098397254943848,-7.231105804443359,5.7381591796875
1700823084568616000,222.88061596679688,3.4076333045959473,-7.267567157745361,5.633905410766602
1700823084578794000,222.8907939453125,3.4692704677581787,-7.302886486053467,5.549990653991699
1700823084588763000,222.90076293945313,3.5098979473114014,-7.3353962898254395,5.481145858764648
1700823084598884000,222.91088403320313,3.5486180782318115,-7.3678107261657715,5.412304401397705
1700823084608793000,222.92079296875,3.5904018878936768,-7.398972511291504,5.3417816162109375
1700823084618870000,222.9308701171875,3.6477601528167725,-7.435306549072266,5.251707553863525
1700823084628942000,222.9409421386719,3.7136189937591553,-7.477447509765625,5.144629001617432
1700823084638833000,222.9508330078125,3.7738711833953857,-7.525609970092773,5.029263019561768
1700823084648747000,222.9607470703125,3.8168954849243164,-7.578596115112305,4.915952682495117
1700823084658792000,222.9707919921875,3.83256459236145,-7.641436576843262,4.805236339569092
1700823084668810000,222.98081005859376,3.818145513534546,-7.70656156539917,4.711801052093506
1700823084678960000,222.99096020507812,3.786501407623291,-7.776525974273682,4.621519565582275
1700823084688818000,223.00081787109374,3.7552340030670166,-7.843435287475586,4.533113956451416
1700823084698857000,223.01085693359374,3.7289516925811768,-7.908280849456787,4.441218376159668
1700823084708803000,223.02080297851563,3.768235921859741,-7.9519219398498535,4.328711032867432
1700823084718816000,223.03081591796874,3.878833770751953,-7.963423252105713,4.208198547363281
1700823084728952000,223.0409521484375,3.9998321533203125,-7.95473575592041,4.110220432281494
1700823084738837000,223.0508369140625,4.16067361831665,-7.917585849761963,4.021320819854736
1700823084748860000,223.06085986328125,4.33434534072876,-7.866785049438477,3.936690330505371
1700823084758876000,223.0708759765625,4.50974702835083,-7.8036041259765625,3.8647570610046387
1700823084768943000,223.08094311523436,4.703918933868408,-7.707950592041016,3.825052499771118
1700823084778904000,223.09090405273437,4.881181716918945,-7.593974590301514,3.8309266567230225
1700823084792045000,223.10404516601562,5.053560733795166,-7.471433639526367,3.848324775695801
1700823084809297000,223.121296875,5.383265018463135,-7.230503082275391,3.8614325523376465
1700823084818815000,223.13081494140624,5.568613529205322,-7.114817142486572,3.8131771087646484
1700823084828809000,223.14080908203124,5.762546539306641,-7.010265827178955,3.717475652694702
1700823084838805000,223.15080493164064,5.957450866699219,-6.91651725769043,3.5834288597106934
1700823084848805000,223.16080517578126,6.1457672119140625,-6.833517551422119,3.420959949493408
1700823084858820000,223.17082006835938,6.315886974334717,-6.764801502227783,3.2430570125579834
1700823084868794000,223.18079418945314,6.477335453033447,-6.70095157623291,3.0515196323394775
1700823084878811000,223.19081079101562,6.623076915740967,-6.640388488769531,2.865394115447998
1700823084888658000,223.20065795898438,6.769396781921387,-6.5661845207214355,2.689028024673462
1700823084899071000,223.21107104492188,6.914118766784668,-6.482669830322266,2.518001079559326
1700823084908816000,223.22081591796876,7.042565822601318,-6.405755043029785,2.3534982204437256
1700823084918826000,223.23082592773437,7.170192241668701,-6.330868244171143,2.163062810897827
1700823084928845000,223.24084497070314,7.282489776611328,-6.271467685699463,1.9504956007003784
1700823084938840000,223.25084008789062,7.386692523956299,-6.2134199142456055,1.7322198152542114
1700823084948949000,223.26094897460936,7.484710216522217,-6.147091865539551,1.5371252298355103
1700823084958863000,223.27086303710936,7.578512191772461,-6.075307369232178,1.3517330884933472
1700823084968844000,223.28084399414064,7.681885719299316,-5.982199192047119,1.171453833580017
1700823084978896000,223.29089575195312,7.791544437408447,-5.871060848236084,0.9964256882667542
1700823084988885000,223.30088500976564,7.903721809387207,-5.748668193817139,0.8089389801025391
1700823084998882000,223.31088208007813,8.008727073669434,-5.626528263092041,0.6106218099594116
1700823085009137000,223.32113696289062,8.093628883361816,-5.521937847137451,0.41444429755210876
1700823085018890000,223.3308898925781,8.162684440612793,-5.430804252624512,0.21757453680038452
1700823085028978000,223.34097802734374,8.229361534118652,-5.333522319793701,0.03923164680600166
1700823085038889000,223.35088891601563,8.305495262145996,-5.212887287139893,-0.12219386547803879
1700823085048973000,223.36097314453124,8.394168853759766,-5.062927722930908,-0.274001806974411
1700823085058910000,223.37090991210937,8.489188194274902,-4.8913750648498535,-0.4225270748138428
1700823085068878000,223.38087817382814,8.589130401611328,-4.693688869476318,-0.6053991317749023
1700823085078872000,223.3908720703125,8.680835723876953,-4.483672618865967,-0.8427087068557739
1700823085088679000,223.40067895507812,8.74462890625,-4.273679256439209,-1.1989648342132568
1700823085098865000,223.4108649902344,8.778989791870117,-4.080663204193115,-1.5645818710327148
1700823085108861000,223.42086083984375,8.810407638549805,-3.8849899768829346,-1.8584814071655273
1700823085118854000,223.43085400390626,8.863354682922363,-3.6612768173217773,-2.0509440898895264
1700823085128863000,223.44086303710938,8.92633056640625,-3.4236278533935547,-2.183983325958252
1700823085138869000,223.45086889648437,8.99246883392334,-3.166769504547119,-2.297271251678467
1700823085149040000,223.4610400390625,9.05301284790039,-2.9126698970794678,-2.3936779499053955
1700823085158918000,223.47091796875,9.107939720153809,-2.6695218086242676,-2.4676856994628906
1700823085168750000,223.48075,9.152695655822754,-2.4630990028381348,-2.516286611557007
1700823085178830000,223.490830078125,9.181219100952148,-2.3021719455718994,-2.5642945766448975
1700823085188836000,223.50083618164064,9.193268775939941,-2.168386936187744,-2.636718988418579
1700823085198849000,223.51084912109374,9.195135116577148,-2.0307774543762207,-2.737849235534668
1700823085208847000,223.52084716796875,9.19731616973877,-1.8642499446868896,-2.8468122482299805
1700823085218831000,223.5308310546875,9.203235626220703,-1.660514235496521,-2.951869487762451
1700823085230553000,223.54255297851563,9.212320327758789,-1.449281096458435,-3.033663749694824
1700823085238865000,223.55086499023437,9.228181838989258,-1.2458157539367676,-3.0755460262298584
1700823085248754000,223.56075390625,9.25267219543457,-1.0769611597061157,-3.065713882446289
1700823085258872000,223.5708720703125,9.284212112426758,-0.9498178362846375,-3.011916160583496
1700823085268997000,223.5809970703125,9.324560165405273,-0.8264746069908142,-2.9223132133483887
1700823085278868000,223.59086791992186,9.360727310180664,-0.6968560218811035,-2.839287281036377
1700823085288937000,223.60093701171874,9.384387969970703,-0.555914580821991,-2.791881561279297
1700823085298832000,223.61083178710936,9.39427375793457,-0.42038729786872864,-2.7823171615600586
1700823085308827000,223.62082690429688,9.395953178405762,-0.2973862290382385,-2.792492389678955
1700823085318825000,223.6308249511719,9.39455795288086,-0.19708503782749176,-2.8060357570648193
1700823085328819000,223.64081884765625,9.393331527709961,-0.11899735033512115,-2.814526081085205
1700823085338831000,223.6508310546875,9.39301872253418,-0.05129570513963699,-2.817617177963257
1700823085348837000,223.66083715820312,9.39669418334961,0.008495624177157879,-2.80578875541687
1700823085358911000,223.67091088867187,9.4028902053833,0.0507563017308712,-2.7845029830932617
1700823085368793000,223.68079296875,9.409003257751465,0.06546755135059357,-2.763469934463501
1700823085378978000,223.69097802734376,9.413000106811523,0.04972440004348755,-2.750154495239258
1700823085388890000,223.70089013671875,9.412322044372559,0.01091446727514267,-2.752901792526245
1700823085399029000,223.71102905273438,9.414402961730957,-0.05933624133467674,-2.7451562881469727
1700823085408728000,223.72072802734374,9.425928115844727,-0.14259649813175201,-2.70220947265625
1700823085418651000,223.73065087890626,9.44141960144043,-0.22662310302257538,-2.641707181930542
1700823085428767000,223.74076708984376,9.457480430603027,-0.2975807189941406,-2.5764100551605225
1700823085438657000,223.75065698242187,9.475234985351562,-0.34718865156173706,-2.5039501190185547
1700823085448770000,223.76077001953124,9.497711181640625,-0.3783472180366516,-2.4126152992248535
1700823085459801000,223.77180102539063,9.517176628112793,-0.39052948355674744,-2.332643985748291
1700823085468875000,223.780875,9.530065536499023,-0.38468536734580994,-2.2804059982299805
1700823085478907000,223.7909069824219,9.530630111694336,-0.35858353972435,-2.2822999954223633
1700823085489015000,223.80101513671875,9.521113395690918,-0.32267603278160095,-2.3269431591033936
1700823085499164000,223.81116381835938,9.507135391235352,-0.28213977813720703,-2.3885488510131836
1700823085509267000,223.82126684570312,9.495396614074707,-0.2510877847671509,-2.4381935596466064
1700823085520521000,223.83252099609376,9.488058090209961,-0.23016105592250824,-2.468635082244873
1700823085528822000,223.84082202148437,9.486954689025879,-0.21503812074661255,-2.4742343425750732
1700823085538865000,223.85086499023438,9.494423866271973,-0.20131485164165497,-2.4465854167938232
1700823085548810000,223.86081005859376,9.50616455078125,-0.181846022605896,-2.4021174907684326
1700823085559804000,223.87180395507812,9.518514633178711,-0.15240876376628876,-2.3547916412353516
1700823085568617000,223.88061694335937,9.531368255615234,-0.10806936770677567,-2.304720878601074
1700823085578710000,223.8907099609375,9.541083335876465,-0.040798917412757874,-2.26637601852417
1700823085589587000,223.9015869140625,9.546103477478027,0.0553295724093914,-2.2448251247406006
1700823085598644000,223.91064404296876,9.547301292419434,0.18079416453838348,-2.233100414276123
1700823085608823000,223.92082299804687,9.544425010681152,0.31141090393066406,-2.2309999465942383
1700823085618835000,223.9308349609375,9.539058685302734,0.4562131464481354,-2.229039430618286
1700823085628816000,223.94081591796876,9.533056259155273,0.604030191898346,-2.2195427417755127
1700823085638818000,223.95081811523437,9.525647163391113,0.7583128809928894,-2.203948974609375
1700823085648849000,223.96084887695312,9.518891334533691,0.9086307287216187,-2.1761178970336914
1700823085658826000,223.97082592773438,9.514492988586426,1.0382966995239258,-2.136997938156128
1700823085668670000,223.980669921875,9.51297664642334,1.1383169889450073,-2.0923402309417725
1700823085678836000,223.9908359375,9.513652801513672,1.201399326324463,-2.0536413192749023
1700823085688833000,224.0008330078125,9.515277862548828,1.2347996234893799,-2.0261151790618896
1700823085698810000,224.01081005859376,9.517495155334473,1.2464637756347656,-2.0084848403930664
1700823085708823000,224.02082299804687,9.516190528869629,1.2561063766479492,-2.008657455444336
1700823085718836000,224.0308359375,9.5158052444458,1.2645400762557983,-2.00518798828125
1700823085729027000,224.04102709960938,9.51698112487793,1.2707518339157104,-1.9956560134887695
1700823085738929000,224.05092895507812,9.519552230834961,1.2745118141174316,-1.980941891670227
1700823085748874000,224.0608740234375,9.522689819335938,1.2777905464172363,-1.963676929473877
1700823085759068000,224.07106787109376,9.525749206542969,1.2805343866348267,-1.9469780921936035
1700823085769040000,224.08103979492188,9.550976753234863,1.3143062591552734,-1.7949453592300415
1700823085778870000,224.0908701171875,9.574141502380371,1.3431246280670166,-1.64384126663208
1700823085790802000,224.10280200195314,9.598077774047852,1.3643721342086792,-1.4784339666366577
1700823085799055000,224.11105517578125,9.605775833129883,1.3662595748901367,-1.425758957862854
1700823085808959000,224.120958984375,9.612024307250977,1.3636308908462524,-1.3856008052825928
1700823085818758000,224.1307578125,9.614803314208984,1.3705358505249023,-1.3592504262924194
1700823085828813000,224.14081298828125,9.612711906433105,1.405364990234375,-1.3383246660232544
1700823085838820000,224.15082006835937,9.609315872192383,1.449718952178955,-1.315197467803955
1700823085848829000,224.16082885742188,9.605142593383789,1.4967008829116821,-1.292865514755249
1700823085858868000,224.17086791992188,9.602020263671875,1.5351157188415527,-1.270830512046814
1700823085868808000,224.18080786132813,9.601066589355469,1.5602070093154907,-1.2472585439682007
1700823085878838000,224.1908381347656,9.602102279663086,1.5682865381240845,-1.2290267944335938
1700823085888790000,224.2007900390625,9.604300498962402,1.5613831281661987,-1.2206107378005981
1700823085898782000,224.21078198242188,9.607820510864258,1.5425819158554077,-1.2168020009994507
1700823085908808000,224.22080786132813,9.612334251403809,1.5159415006637573,-1.2146337032318115
1700823085919005000,224.2310048828125,9.616949081420898,1.488887071609497,-1.211566686630249
1700823085929495000,224.2414951171875,9.620718002319336,1.4689998626708984,-1.205911636352539
1700823085938826000,224.25082592773438,9.62359619140625,1.4575504064559937,-1.196795105934143
1700823085948792000,224.2607919921875,9.626053810119629,1.4519755840301514,-1.1837444305419922
1700823085958896000,224.27089624023438,9.628188133239746,1.4484496116638184,-1.1706315279006958
1700823085968774000,224.28077392578126,9.62570571899414,1.6196321249008179,-0.9449641108512878
1700823085978848000,224.29084790039062,9.62265682220459,1.6847378015518188,-0.858201265335083
1700823085991155000,224.30315502929687,9.621820449829102,1.67989981174469,-0.8768614530563354
1700823086004807400,224.31680737304688,9.619782447814941,1.677384614944458,-0.9036414623260498
1700823086018682000,224.33068212890626,9.617903709411621,1.6818195581436157,-0.9153211712837219
1700823086028813000,224.34081298828124,9.615602493286133,1.6876804828643799,-0.9286018013954163
1700823086038660000,224.35066015625,9.613349914550781,1.6917730569839478,-0.944344162940979
1700823086048921000,224.36092114257812,9.609460830688477,1.7140588760375977,-0.9437413811683655
1700823086058769000,224.37076879882812,9.60628604888916,1.7345054149627686,-0.9386933445930481
1700823086068898000,224.38089794921876,9.610379219055176,1.7066336870193481,-0.9478429555892944
1700823086078721000,224.39072094726563,9.61468505859375,1.6722795963287354,-0.9652455449104309
1700823086088928000,224.40092797851563,9.618882179260254,1.632290244102478,-0.9915229678153992
1700823086098875000,224.410875,9.623091697692871,1.588916540145874,-1.0207003355026245
1700823086108614000,224.42061376953126,9.6268949508667,1.5453214645385742,-1.0513206720352173
1700823086118618000,224.4306181640625,9.627015113830566,1.5197278261184692,-1.086917757987976
1700823086128577000,224.44057690429688,9.625741958618164,1.5073626041412354,-1.1150438785552979
1700823086138634000,224.45063403320313,9.624987602233887,1.4988620281219482,-1.1328866481781006
1700823086148743000,224.46074291992187,9.626357078552246,1.488321304321289,-1.1351358890533447
1700823086160721000,224.47272094726563,9.629318237304688,1.4792135953903198,-1.121848464012146
1700823086178607000,224.49060717773438,9.634953498840332,1.4730634689331055,-1.0808078050613403
1700823086188782000,224.50078198242187,9.635015487670898,1.4844226837158203,-1.064591407775879
1700823086198620000,224.51061987304686,9.631926536560059,1.50663161277771,-1.0613425970077515
1700823086208682000,224.52068188476562,9.626486778259277,1.5365790128707886,-1.0677392482757568
1700823086218597000,224.53059716796875,9.620981216430664,1.567750334739685,-1.0720365047454834
1700823086228697000,224.54069702148436,9.616765975952148,1.5946619510650635,-1.0701647996902466
1700823086240160000,224.55215991210937,9.615131378173828,1.6129076480865479,-1.0574344396591187
1700823086248677000,224.56067700195314,9.61655044555664,1.6185932159423828,-1.0356202125549316
1700823086258818000,224.57081811523437,9.62140941619873,1.6077107191085815,-1.0070440769195557
1700823086268592000,224.58059204101562,9.628793716430664,1.5844776630401611,-0.9727024435997009
1700823086278618000,224.5906181640625,9.636235237121582,1.5608292818069458,-0.9365732073783875
1700823086288683000,224.60068310546876,9.641480445861816,1.5452533960342407,-0.9079884886741638
1700823086298617000,224.6106171875,9.644204139709473,1.539221167564392,-0.8890994787216187
1700823086308768000,224.62076806640624,9.646717071533203,1.5366312265396118,-0.866030216217041
1700823086318606000,224.63060620117187,9.650130271911621,1.531989336013794,-0.8357019424438477
1700823086328626000,224.6406259765625,9.65351676940918,1.524328589439392,-0.8101931810379028
1700823086338868000,224.65086791992186,9.620731353759766,1.616735577583313,-0.9990457892417908
1700823086348609000,224.66060913085937,9.599611282348633,1.670661211013794,-1.1075849533081055
1700823086358619000,224.67061889648437,9.584928512573242,1.7045243978500366,-1.180739164352417
1700823086368598000,224.68059790039064,9.570547103881836,1.7370669841766357,-1.2480446100234985
1700823086378595000,224.69059497070313,9.581499099731445,1.7175889015197754,-1.1896014213562012
1700823086388608000,224.70060791015624,9.591779708862305,1.711073637008667,-1.11371910572052
1700823086398676000,224.71067602539063,9.59900188446045,1.7239227294921875,-1.0284160375595093
1700823086408626000,224.7206259765625,9.604626655578613,1.7468222379684448,-0.9328146576881409
1700823086418584000,224.730583984375,9.60971736907959,1.7681442499160767,-0.8350911736488342
1700823086428612000,224.74061206054688,9.613631248474121,1.783377766609192,-0.7536920309066772
1700823086443034000,224.7550341796875,9.615654945373535,1.7957022190093994,-0.6964302062988281
1700823086458642000,224.77064184570312,9.609057426452637,1.8507708311080933,-0.6411252021789551
1700823086468586000,224.7805859375,9.59953498840332,1.8963795900344849,-0.650429368019104
1700823086478625000,224.790625,9.588178634643555,1.9472659826278687,-0.6673617362976074
1700823086488998000,224.80099780273437,9.577508926391602,1.9938451051712036,-0.6828506588935852
1700823086498735000,224.81073510742186,9.569318771362305,2.0283749103546143,-0.6958646178245544
1700823086508647000,224.82064697265625,9.56481647491455,2.046316385269165,-0.7051663398742676
1700823086518654000,224.8306540527344,9.564546585083008,2.0473408699035645,-0.7058593034744263
1700823086528607000,224.84060693359376,9.568170547485352,2.0332717895507812,-0.6973581314086914
1700823086538663000,224.85066284179686,9.574386596679688,2.0084245204925537,-0.6839098930358887
1700823086548644000,224.86064404296874,9.581289291381836,1.978201985359192,-0.6752835512161255
1700823086558688000,224.87068798828125,9.587096214294434,1.9483494758605957,-0.6796402931213379
1700823086568728000,224.88072802734376,9.591266632080078,1.9215892553329468,-0.6967639923095703
1700823086578607000,224.89060717773438,9.594003677368164,1.898738980293274,-0.7212979793548584
1700823086588739000,224.90073901367188,9.595792770385742,1.8782719373703003,-0.7504963278770447
1700823086598585000,224.91058520507812,9.596869468688965,1.8594831228256226,-0.7828225493431091
1700823086608722000,224.92072192382813,9.59696102142334,1.8428947925567627,-0.8200399279594421
1700823086618606000,224.93060620117188,9.596296310424805,1.827683687210083,-0.8608522415161133
1700823086628708000,224.9407080078125,9.595314979553223,1.8150817155838013,-0.897665798664093
1700823086639150000,224.95115014648437,9.594236373901367,1.8116528987884521,-0.9159348607063293
1700823086648632000,224.9606320800781,9.59254264831543,1.8163691759109497,-0.9242958426475525
1700823086658636000,224.97063598632812,9.589394569396973,1.829781413078308,-0.9304847121238708
1700823086668796000,224.9807958984375,9.584240913391113,1.8506247997283936,-0.9422890543937683
1700823086678659000,224.9906591796875,9.576786041259766,1.8766528367996216,-0.9662999510765076
1700823086688615000,225.00061499023437,9.568334579467773,1.900386929512024,-1.0029464960098267
1700823086698597000,225.01059716796874,9.558484077453613,1.9189938306808472,-1.0598255395889282
1700823086708634000,225.02063403320312,9.54709243774414,1.9344052076339722,-1.1320334672927856
1700823086718613000,225.03061303710936,9.533615112304688,1.953850269317627,-1.2095657587051392
1700823086728767000,225.04076708984374,9.518767356872559,1.9783555269241333,-1.284353256225586
1700823086738764000,225.05076391601563,9.50214958190918,2.010685443878174,-1.3552409410476685
1700823086748876000,225.0608759765625,9.484454154968262,2.048884391784668,-1.4204188585281372
1700823086758778000,225.07077807617188,9.468356132507324,2.085358142852783,-1.4737378358840942
1700823086768845000,225.0808449707031,9.455702781677246,2.10968017578125,-1.5196475982666016
1700823086778810000,225.09081005859375,9.44914722442627,2.1104483604431152,-1.5588486194610596
1700823086788813000,225.10081298828126,9.451261520385742,2.080716371536255,-1.585767388343811
1700823086798844000,225.11084399414062,9.461042404174805,2.0207715034484863,-1.6048521995544434
1700823086808845000,225.12084497070313,9.474081039428711,1.9406962394714355,-1.6266170740127563
1700823086818739000,225.13073901367187,9.486285209655762,1.8540798425674438,-1.6562540531158447
1700823086828795000,225.140794921875,9.495594024658203,1.7759426832199097,-1.688225269317627
1700823086838846000,225.15084594726562,9.499584197998047,1.725691318511963,-1.717638611793518
1700823086848790000,225.1607900390625,9.499368667602539,1.6994328498840332,-1.7447940111160278
1700823086858832000,225.17083178710936,9.496739387512207,1.695643424987793,-1.7627060413360596
1700823086868875000,225.180875,9.496062278747559,1.6974728107452393,-1.7645866870880127
1700823086878808000,225.19080810546876,9.503059387207031,1.6855311393737793,-1.7381683588027954
1700823086889049000,225.20104907226562,9.517416000366211,1.6523761749267578,-1.6908106803894043
1700823086898842000,225.21084204101564,9.536206245422363,1.6011158227920532,-1.6332728862762451
1700823086908840000,225.22083984375,9.55758285522461,1.541831374168396,-1.563888430595398
1700823086918873000,225.230873046875,9.570903778076172,1.4981684684753418,-1.5243653059005737
1700823086928700000,225.24069995117188,9.571321487426758,1.474692463874817,-1.5444996356964111
1700823086938852000,225.25085205078125,9.56285285949707,1.467358112335205,-1.6028391122817993
1700823086948781000,225.26078100585937,9.554201126098633,1.463242769241333,-1.6572721004486084
1700823086958962000,225.2709619140625,9.548133850097656,1.4571388959884644,-1.6971369981765747
1700823086969470000,225.2814699707031,9.543950080871582,1.4520512819290161,-1.7248046398162842
1700823086978840000,225.29084008789061,9.54151439666748,1.4532299041748047,-1.7372421026229858
1700823086988872000,225.30087182617189,9.538926124572754,1.4700371026992798,-1.7373192310333252
1700823086998743000,225.31074291992186,9.533540725708008,1.5017122030258179,-1.7397853136062622
1700823087009233000,225.32123291015625,9.524270057678223,1.5430870056152344,-1.754292607307434
1700823087018686000,225.33068603515625,9.50656795501709,1.5936954021453857,-1.8043495416641235
1700823087028782000,225.34078198242187,9.48387336730957,1.649811029434204,-1.8720703125
1700823087038930000,225.35092993164062,9.471115112304688,1.6813076734542847,-1.908288836479187
1700823087048795000,225.360794921875,9.465570449829102,1.6878633499145508,-1.9298902750015259
1700823087058808000,225.37080810546874,9.46078109741211,1.6819766759872437,-1.9583044052124023
1700823087068934000,225.38093383789064,9.452760696411133,1.671797513961792,-2.0051920413970947
1700823087078802000,225.39080200195312,9.440526008605957,1.664422631263733,-2.0679845809936523
1700823087088753000,225.4007529296875,9.42108154296875,1.6722490787506104,-2.148763656616211
1700823087098849000,225.41084912109375,9.397185325622559,1.6930451393127441,-2.235373020172119
1700823087108847000,225.42084716796876,9.36734676361084,1.7361266613006592,-2.32574200630188
1700823087119127000,225.431126953125,9.337624549865723,1.7898575067520142,-2.4032421112060547
1700823087128958000,225.4409580078125,9.313119888305664,1.8423097133636475,-2.458061933517456
1700823087138857000,225.45085693359374,9.297608375549316,1.8883429765701294,-2.481738567352295
1700823087149038000,225.4610380859375,9.289878845214844,1.9300953149795532,-2.4785637855529785
1700823087158762000,225.47076196289063,9.287664413452148,1.9628123044967651,-2.461108684539795
1700823087169841000,225.4818408203125,9.28843879699707,1.9893230199813843,-2.436777353286743
